,Category,Time,PdDistrict,Count,DayOfWeek
0,ARSON,00,BAYVIEW,2,Monday
1,ARSON,00,BAYVIEW,2,Saturday
2,ARSON,00,BAYVIEW,1,Tuesday
3,ARSON,00,BAYVIEW,1,Wednesday
4,ARSON,00,CENTRAL,1,Tuesday
5,ARSON,00,CENTRAL,1,Wednesday
6,ARSON,00,INGLESIDE,1,Saturday
7,ARSON,00,INGLESIDE,1,Sunday
8,ARSON,00,MISSION,1,Thursday
9,ARSON,00,NORTHERN,1,Friday
10,ARSON,00,NORTHERN,1,Sunday
11,ARSON,00,PARK,1,Thursday
12,ARSON,00,TENDERLOIN,1,Sunday
13,ARSON,01,BAYVIEW,1,Monday
14,ARSON,01,BAYVIEW,1,Sunday
15,ARSON,01,BAYVIEW,2,Thursday
16,ARSON,01,BAYVIEW,2,Tuesday
17,ARSON,01,CENTRAL,1,Friday
18,ARSON,01,INGLESIDE,1,Wednesday
19,ARSON,01,MISSION,1,Thursday
20,ARSON,01,MISSION,3,Tuesday
21,ARSON,01,NORTHERN,1,Monday
22,ARSON,01,NORTHERN,2,Sunday
23,ARSON,01,RICHMOND,1,Saturday
24,ARSON,01,SOUTHERN,1,Sunday
25,ARSON,01,TARAVAL,1,Monday
26,ARSON,01,TENDERLOIN,1,Wednesday
27,ARSON,02,BAYVIEW,1,Friday
28,ARSON,02,BAYVIEW,1,Monday
29,ARSON,02,BAYVIEW,4,Saturday
30,ARSON,02,BAYVIEW,2,Thursday
31,ARSON,02,BAYVIEW,1,Tuesday
32,ARSON,02,BAYVIEW,1,Wednesday
33,ARSON,02,CENTRAL,3,Tuesday
34,ARSON,02,INGLESIDE,1,Monday
35,ARSON,02,MISSION,2,Friday
36,ARSON,02,MISSION,1,Sunday
37,ARSON,02,MISSION,3,Tuesday
38,ARSON,02,NORTHERN,1,Thursday
39,ARSON,02,SOUTHERN,1,Monday
40,ARSON,02,SOUTHERN,1,Saturday
41,ARSON,02,SOUTHERN,1,Tuesday
42,ARSON,02,TARAVAL,1,Thursday
43,ARSON,02,TARAVAL,1,Wednesday
44,ARSON,03,BAYVIEW,2,Saturday
45,ARSON,03,BAYVIEW,1,Sunday
46,ARSON,03,BAYVIEW,1,Tuesday
47,ARSON,03,CENTRAL,2,Saturday
48,ARSON,03,CENTRAL,3,Thursday
49,ARSON,03,MISSION,2,Friday
50,ARSON,03,MISSION,2,Wednesday
51,ARSON,03,PARK,2,Saturday
52,ARSON,03,SOUTHERN,2,Monday
53,ARSON,03,TARAVAL,1,Wednesday
54,ARSON,04,BAYVIEW,1,Monday
55,ARSON,04,BAYVIEW,1,Saturday
56,ARSON,04,BAYVIEW,1,Thursday
57,ARSON,04,CENTRAL,1,Monday
58,ARSON,04,INGLESIDE,1,Wednesday
59,ARSON,04,MISSION,1,Friday
60,ARSON,04,MISSION,1,Saturday
61,ARSON,04,NORTHERN,1,Monday
62,ARSON,04,PARK,1,Thursday
63,ARSON,04,RICHMOND,1,Thursday
64,ARSON,04,RICHMOND,1,Tuesday
65,ARSON,04,SOUTHERN,2,Friday
66,ARSON,04,SOUTHERN,1,Saturday
67,ARSON,04,SOUTHERN,1,Thursday
68,ARSON,04,TARAVAL,1,Thursday
69,ARSON,04,TENDERLOIN,1,Sunday
70,ARSON,05,BAYVIEW,5,Saturday
71,ARSON,05,BAYVIEW,1,Thursday
72,ARSON,05,BAYVIEW,1,Tuesday
73,ARSON,05,CENTRAL,1,Friday
74,ARSON,05,CENTRAL,1,Wednesday
75,ARSON,05,MISSION,2,Monday
76,ARSON,05,MISSION,1,Tuesday
77,ARSON,05,MISSION,1,Wednesday
78,ARSON,05,NORTHERN,1,Friday
79,ARSON,05,NORTHERN,1,Tuesday
80,ARSON,05,PARK,1,Monday
81,ARSON,05,PARK,2,Thursday
82,ARSON,05,SOUTHERN,1,Wednesday
83,ARSON,05,TARAVAL,1,Tuesday
84,ARSON,06,CENTRAL,1,Saturday
85,ARSON,06,MISSION,2,Monday
86,ARSON,06,MISSION,1,Tuesday
87,ARSON,06,MISSION,1,Wednesday
88,ARSON,06,NORTHERN,1,Monday
89,ARSON,07,CENTRAL,1,Saturday
90,ARSON,07,MISSION,1,Saturday
91,ARSON,07,NORTHERN,3,Wednesday
92,ARSON,07,RICHMOND,1,Saturday
93,ARSON,07,RICHMOND,1,Sunday
94,ARSON,07,RICHMOND,1,Wednesday
95,ARSON,07,SOUTHERN,1,Saturday
96,ARSON,07,TARAVAL,1,Saturday
97,ARSON,07,TENDERLOIN,1,Thursday
98,ARSON,07,TENDERLOIN,2,Wednesday
99,ARSON,08,BAYVIEW,1,Friday
100,ARSON,08,BAYVIEW,1,Sunday
101,ARSON,08,BAYVIEW,1,Wednesday
102,ARSON,08,MISSION,1,Thursday
103,ARSON,08,MISSION,1,Tuesday
104,ARSON,08,NORTHERN,1,Saturday
105,ARSON,08,RICHMOND,1,Wednesday
106,ARSON,08,SOUTHERN,1,Monday
107,ARSON,08,SOUTHERN,1,Sunday
108,ARSON,08,SOUTHERN,1,Thursday
109,ARSON,08,TARAVAL,1,Wednesday
110,ARSON,09,BAYVIEW,1,Thursday
111,ARSON,09,CENTRAL,2,Monday
112,ARSON,09,INGLESIDE,1,Friday
113,ARSON,09,INGLESIDE,1,Wednesday
114,ARSON,09,MISSION,1,Friday
115,ARSON,09,MISSION,1,Saturday
116,ARSON,09,NORTHERN,1,Saturday
117,ARSON,09,SOUTHERN,1,Wednesday
118,ARSON,09,TENDERLOIN,1,Monday
119,ARSON,10,BAYVIEW,1,Friday
120,ARSON,10,PARK,1,Saturday
121,ARSON,10,TENDERLOIN,2,Thursday
122,ARSON,11,BAYVIEW,1,Monday
123,ARSON,11,NORTHERN,1,Monday
124,ARSON,11,NORTHERN,1,Tuesday
125,ARSON,11,SOUTHERN,1,Monday
126,ARSON,11,SOUTHERN,1,Wednesday
127,ARSON,12,INGLESIDE,1,Monday
128,ARSON,12,INGLESIDE,1,Saturday
129,ARSON,12,INGLESIDE,1,Wednesday
130,ARSON,12,MISSION,1,Saturday
131,ARSON,12,MISSION,1,Sunday
132,ARSON,12,SOUTHERN,1,Monday
133,ARSON,12,TARAVAL,1,Saturday
134,ARSON,12,TARAVAL,1,Tuesday
135,ARSON,13,BAYVIEW,1,Monday
136,ARSON,13,BAYVIEW,1,Thursday
137,ARSON,13,BAYVIEW,1,Wednesday
138,ARSON,13,MISSION,1,Thursday
139,ARSON,13,NORTHERN,1,Saturday
140,ARSON,13,SOUTHERN,2,Thursday
141,ARSON,13,SOUTHERN,1,Wednesday
142,ARSON,13,TARAVAL,1,Friday
143,ARSON,14,BAYVIEW,1,Sunday
144,ARSON,14,BAYVIEW,1,Wednesday
145,ARSON,14,CENTRAL,2,Monday
146,ARSON,14,CENTRAL,1,Saturday
147,ARSON,14,INGLESIDE,1,Thursday
148,ARSON,14,INGLESIDE,1,Tuesday
149,ARSON,14,MISSION,1,Monday
150,ARSON,14,MISSION,1,Sunday
151,ARSON,14,SOUTHERN,1,Thursday
152,ARSON,14,TARAVAL,1,Sunday
153,ARSON,15,BAYVIEW,2,Wednesday
154,ARSON,15,CENTRAL,1,Sunday
155,ARSON,15,CENTRAL,1,Thursday
156,ARSON,15,MISSION,1,Friday
157,ARSON,15,NORTHERN,1,Friday
158,ARSON,15,SOUTHERN,1,Tuesday
159,ARSON,15,TARAVAL,1,Wednesday
160,ARSON,16,BAYVIEW,1,Sunday
161,ARSON,16,BAYVIEW,1,Thursday
162,ARSON,16,BAYVIEW,1,Tuesday
163,ARSON,16,BAYVIEW,1,Wednesday
164,ARSON,16,MISSION,1,Wednesday
165,ARSON,16,PARK,1,Monday
166,ARSON,16,SOUTHERN,1,Friday
167,ARSON,16,TARAVAL,1,Thursday
168,ARSON,17,CENTRAL,1,Friday
169,ARSON,17,INGLESIDE,1,Saturday
170,ARSON,17,INGLESIDE,1,Sunday
171,ARSON,17,NORTHERN,1,Friday
172,ARSON,17,RICHMOND,2,Monday
173,ARSON,17,RICHMOND,1,Sunday
174,ARSON,17,SOUTHERN,1,Monday
175,ARSON,17,SOUTHERN,1,Tuesday
176,ARSON,17,TENDERLOIN,2,Thursday
177,ARSON,18,BAYVIEW,1,Friday
178,ARSON,18,BAYVIEW,1,Sunday
179,ARSON,18,BAYVIEW,1,Wednesday
180,ARSON,18,CENTRAL,1,Thursday
181,ARSON,18,INGLESIDE,2,Monday
182,ARSON,18,MISSION,1,Wednesday
183,ARSON,18,PARK,1,Friday
184,ARSON,18,TARAVAL,1,Sunday
185,ARSON,19,BAYVIEW,1,Friday
186,ARSON,19,BAYVIEW,1,Tuesday
187,ARSON,19,CENTRAL,1,Wednesday
188,ARSON,19,INGLESIDE,1,Tuesday
189,ARSON,19,MISSION,1,Saturday
190,ARSON,19,NORTHERN,1,Thursday
191,ARSON,19,PARK,1,Sunday
192,ARSON,19,RICHMOND,1,Saturday
193,ARSON,19,SOUTHERN,1,Sunday
194,ARSON,19,SOUTHERN,1,Thursday
195,ARSON,19,SOUTHERN,1,Tuesday
196,ARSON,20,BAYVIEW,2,Friday
197,ARSON,20,BAYVIEW,1,Saturday
198,ARSON,20,BAYVIEW,1,Thursday
199,ARSON,20,BAYVIEW,1,Tuesday
200,ARSON,20,INGLESIDE,1,Friday
201,ARSON,20,INGLESIDE,1,Saturday
202,ARSON,20,MISSION,1,Monday
203,ARSON,20,PARK,1,Wednesday
204,ARSON,20,SOUTHERN,1,Friday
205,ARSON,20,TARAVAL,1,Friday
206,ARSON,20,TARAVAL,1,Saturday
207,ARSON,20,TARAVAL,1,Tuesday
208,ARSON,21,BAYVIEW,1,Monday
209,ARSON,21,BAYVIEW,1,Tuesday
210,ARSON,21,CENTRAL,1,Thursday
211,ARSON,21,INGLESIDE,1,Thursday
212,ARSON,21,MISSION,2,Friday
213,ARSON,21,NORTHERN,1,Friday
214,ARSON,21,NORTHERN,1,Tuesday
215,ARSON,21,PARK,1,Saturday
216,ARSON,21,RICHMOND,1,Friday
217,ARSON,21,TENDERLOIN,1,Monday
218,ARSON,22,BAYVIEW,1,Friday
219,ARSON,22,BAYVIEW,1,Monday
220,ARSON,22,MISSION,1,Saturday
221,ARSON,22,MISSION,1,Sunday
222,ARSON,22,NORTHERN,1,Monday
223,ARSON,22,NORTHERN,1,Thursday
224,ARSON,22,RICHMOND,1,Friday
225,ARSON,22,RICHMOND,1,Sunday
226,ARSON,22,SOUTHERN,1,Thursday
227,ARSON,23,BAYVIEW,1,Friday
228,ARSON,23,BAYVIEW,1,Sunday
229,ARSON,23,BAYVIEW,1,Thursday
230,ARSON,23,BAYVIEW,1,Wednesday
231,ARSON,23,CENTRAL,1,Friday
232,ARSON,23,CENTRAL,1,Monday
233,ARSON,23,INGLESIDE,1,Friday
234,ARSON,23,INGLESIDE,1,Sunday
235,ARSON,23,MISSION,1,Monday
236,ARSON,23,MISSION,1,Wednesday
237,ARSON,23,NORTHERN,1,Tuesday
238,ARSON,23,NORTHERN,1,Wednesday
239,ARSON,23,SOUTHERN,1,Tuesday
240,ARSON,23,TENDERLOIN,1,Monday
241,ASSAULT,00,BAYVIEW,9,Friday
242,ASSAULT,00,BAYVIEW,6,Monday
243,ASSAULT,00,BAYVIEW,9,Saturday
244,ASSAULT,00,BAYVIEW,20,Sunday
245,ASSAULT,00,BAYVIEW,11,Thursday
246,ASSAULT,00,BAYVIEW,7,Tuesday
247,ASSAULT,00,BAYVIEW,12,Wednesday
248,ASSAULT,00,CENTRAL,10,Friday
249,ASSAULT,00,CENTRAL,17,Monday
250,ASSAULT,00,CENTRAL,15,Saturday
251,ASSAULT,00,CENTRAL,7,Sunday
252,ASSAULT,00,CENTRAL,8,Thursday
253,ASSAULT,00,CENTRAL,7,Tuesday
254,ASSAULT,00,CENTRAL,11,Wednesday
255,ASSAULT,00,INGLESIDE,10,Friday
256,ASSAULT,00,INGLESIDE,12,Monday
257,ASSAULT,00,INGLESIDE,8,Saturday
258,ASSAULT,00,INGLESIDE,11,Sunday
259,ASSAULT,00,INGLESIDE,9,Thursday
260,ASSAULT,00,INGLESIDE,15,Tuesday
261,ASSAULT,00,INGLESIDE,8,Wednesday
262,ASSAULT,00,MISSION,11,Friday
263,ASSAULT,00,MISSION,13,Monday
264,ASSAULT,00,MISSION,20,Saturday
265,ASSAULT,00,MISSION,19,Sunday
266,ASSAULT,00,MISSION,4,Thursday
267,ASSAULT,00,MISSION,10,Tuesday
268,ASSAULT,00,MISSION,14,Wednesday
269,ASSAULT,00,NORTHERN,9,Friday
270,ASSAULT,00,NORTHERN,9,Monday
271,ASSAULT,00,NORTHERN,18,Saturday
272,ASSAULT,00,NORTHERN,18,Sunday
273,ASSAULT,00,NORTHERN,9,Thursday
274,ASSAULT,00,NORTHERN,7,Tuesday
275,ASSAULT,00,NORTHERN,13,Wednesday
276,ASSAULT,00,PARK,3,Friday
277,ASSAULT,00,PARK,4,Monday
278,ASSAULT,00,PARK,6,Saturday
279,ASSAULT,00,PARK,3,Sunday
280,ASSAULT,00,PARK,3,Thursday
281,ASSAULT,00,PARK,7,Wednesday
282,ASSAULT,00,RICHMOND,6,Friday
283,ASSAULT,00,RICHMOND,1,Monday
284,ASSAULT,00,RICHMOND,6,Saturday
285,ASSAULT,00,RICHMOND,5,Sunday
286,ASSAULT,00,RICHMOND,5,Thursday
287,ASSAULT,00,RICHMOND,1,Tuesday
288,ASSAULT,00,RICHMOND,4,Wednesday
289,ASSAULT,00,SOUTHERN,17,Friday
290,ASSAULT,00,SOUTHERN,13,Monday
291,ASSAULT,00,SOUTHERN,22,Saturday
292,ASSAULT,00,SOUTHERN,14,Sunday
293,ASSAULT,00,SOUTHERN,14,Thursday
294,ASSAULT,00,SOUTHERN,14,Tuesday
295,ASSAULT,00,SOUTHERN,15,Wednesday
296,ASSAULT,00,TARAVAL,4,Friday
297,ASSAULT,00,TARAVAL,1,Monday
298,ASSAULT,00,TARAVAL,6,Saturday
299,ASSAULT,00,TARAVAL,5,Sunday
300,ASSAULT,00,TARAVAL,13,Thursday
301,ASSAULT,00,TARAVAL,11,Tuesday
302,ASSAULT,00,TARAVAL,3,Wednesday
303,ASSAULT,00,TENDERLOIN,8,Friday
304,ASSAULT,00,TENDERLOIN,7,Monday
305,ASSAULT,00,TENDERLOIN,14,Saturday
306,ASSAULT,00,TENDERLOIN,7,Sunday
307,ASSAULT,00,TENDERLOIN,5,Thursday
308,ASSAULT,00,TENDERLOIN,8,Tuesday
309,ASSAULT,00,TENDERLOIN,9,Wednesday
310,ASSAULT,01,BAYVIEW,4,Friday
311,ASSAULT,01,BAYVIEW,4,Monday
312,ASSAULT,01,BAYVIEW,10,Saturday
313,ASSAULT,01,BAYVIEW,10,Sunday
314,ASSAULT,01,BAYVIEW,3,Thursday
315,ASSAULT,01,BAYVIEW,16,Tuesday
316,ASSAULT,01,BAYVIEW,9,Wednesday
317,ASSAULT,01,CENTRAL,6,Friday
318,ASSAULT,01,CENTRAL,8,Monday
319,ASSAULT,01,CENTRAL,17,Saturday
320,ASSAULT,01,CENTRAL,17,Sunday
321,ASSAULT,01,CENTRAL,5,Thursday
322,ASSAULT,01,CENTRAL,7,Tuesday
323,ASSAULT,01,CENTRAL,4,Wednesday
324,ASSAULT,01,INGLESIDE,6,Friday
325,ASSAULT,01,INGLESIDE,3,Monday
326,ASSAULT,01,INGLESIDE,15,Saturday
327,ASSAULT,01,INGLESIDE,15,Sunday
328,ASSAULT,01,INGLESIDE,2,Thursday
329,ASSAULT,01,INGLESIDE,9,Tuesday
330,ASSAULT,01,INGLESIDE,4,Wednesday
331,ASSAULT,01,MISSION,13,Friday
332,ASSAULT,01,MISSION,17,Monday
333,ASSAULT,01,MISSION,23,Saturday
334,ASSAULT,01,MISSION,32,Sunday
335,ASSAULT,01,MISSION,16,Thursday
336,ASSAULT,01,MISSION,11,Tuesday
337,ASSAULT,01,MISSION,5,Wednesday
338,ASSAULT,01,NORTHERN,13,Friday
339,ASSAULT,01,NORTHERN,9,Monday
340,ASSAULT,01,NORTHERN,40,Saturday
341,ASSAULT,01,NORTHERN,20,Sunday
342,ASSAULT,01,NORTHERN,5,Thursday
343,ASSAULT,01,NORTHERN,4,Tuesday
344,ASSAULT,01,NORTHERN,3,Wednesday
345,ASSAULT,01,PARK,1,Monday
346,ASSAULT,01,PARK,2,Saturday
347,ASSAULT,01,PARK,3,Sunday
348,ASSAULT,01,PARK,2,Thursday
349,ASSAULT,01,PARK,7,Tuesday
350,ASSAULT,01,PARK,5,Wednesday
351,ASSAULT,01,RICHMOND,5,Friday
352,ASSAULT,01,RICHMOND,1,Monday
353,ASSAULT,01,RICHMOND,3,Saturday
354,ASSAULT,01,RICHMOND,2,Sunday
355,ASSAULT,01,RICHMOND,1,Thursday
356,ASSAULT,01,RICHMOND,5,Tuesday
357,ASSAULT,01,SOUTHERN,13,Friday
358,ASSAULT,01,SOUTHERN,4,Monday
359,ASSAULT,01,SOUTHERN,20,Saturday
360,ASSAULT,01,SOUTHERN,32,Sunday
361,ASSAULT,01,SOUTHERN,5,Thursday
362,ASSAULT,01,SOUTHERN,4,Tuesday
363,ASSAULT,01,SOUTHERN,8,Wednesday
364,ASSAULT,01,TARAVAL,7,Friday
365,ASSAULT,01,TARAVAL,3,Monday
366,ASSAULT,01,TARAVAL,6,Saturday
367,ASSAULT,01,TARAVAL,6,Sunday
368,ASSAULT,01,TARAVAL,3,Thursday
369,ASSAULT,01,TARAVAL,3,Tuesday
370,ASSAULT,01,TARAVAL,2,Wednesday
371,ASSAULT,01,TENDERLOIN,2,Friday
372,ASSAULT,01,TENDERLOIN,6,Monday
373,ASSAULT,01,TENDERLOIN,9,Saturday
374,ASSAULT,01,TENDERLOIN,13,Sunday
375,ASSAULT,01,TENDERLOIN,9,Thursday
376,ASSAULT,01,TENDERLOIN,4,Tuesday
377,ASSAULT,01,TENDERLOIN,4,Wednesday
378,ASSAULT,02,BAYVIEW,6,Friday
379,ASSAULT,02,BAYVIEW,7,Monday
380,ASSAULT,02,BAYVIEW,15,Saturday
381,ASSAULT,02,BAYVIEW,10,Sunday
382,ASSAULT,02,BAYVIEW,4,Thursday
383,ASSAULT,02,BAYVIEW,3,Tuesday
384,ASSAULT,02,BAYVIEW,6,Wednesday
385,ASSAULT,02,CENTRAL,6,Friday
386,ASSAULT,02,CENTRAL,9,Monday
387,ASSAULT,02,CENTRAL,26,Saturday
388,ASSAULT,02,CENTRAL,22,Sunday
389,ASSAULT,02,CENTRAL,2,Thursday
390,ASSAULT,02,CENTRAL,4,Tuesday
391,ASSAULT,02,CENTRAL,6,Wednesday
392,ASSAULT,02,INGLESIDE,5,Friday
393,ASSAULT,02,INGLESIDE,8,Monday
394,ASSAULT,02,INGLESIDE,17,Saturday
395,ASSAULT,02,INGLESIDE,13,Sunday
396,ASSAULT,02,INGLESIDE,4,Thursday
397,ASSAULT,02,INGLESIDE,4,Tuesday
398,ASSAULT,02,INGLESIDE,1,Wednesday
399,ASSAULT,02,MISSION,19,Friday
400,ASSAULT,02,MISSION,13,Monday
401,ASSAULT,02,MISSION,21,Saturday
402,ASSAULT,02,MISSION,20,Sunday
403,ASSAULT,02,MISSION,9,Thursday
404,ASSAULT,02,MISSION,9,Tuesday
405,ASSAULT,02,MISSION,10,Wednesday
406,ASSAULT,02,NORTHERN,10,Friday
407,ASSAULT,02,NORTHERN,5,Monday
408,ASSAULT,02,NORTHERN,19,Saturday
409,ASSAULT,02,NORTHERN,22,Sunday
410,ASSAULT,02,NORTHERN,3,Thursday
411,ASSAULT,02,NORTHERN,5,Tuesday
412,ASSAULT,02,NORTHERN,1,Wednesday
413,ASSAULT,02,PARK,1,Friday
414,ASSAULT,02,PARK,2,Saturday
415,ASSAULT,02,PARK,4,Sunday
416,ASSAULT,02,PARK,2,Thursday
417,ASSAULT,02,PARK,2,Tuesday
418,ASSAULT,02,PARK,1,Wednesday
419,ASSAULT,02,RICHMOND,2,Friday
420,ASSAULT,02,RICHMOND,3,Saturday
421,ASSAULT,02,RICHMOND,3,Sunday
422,ASSAULT,02,RICHMOND,2,Thursday
423,ASSAULT,02,RICHMOND,1,Tuesday
424,ASSAULT,02,SOUTHERN,7,Friday
425,ASSAULT,02,SOUTHERN,21,Monday
426,ASSAULT,02,SOUTHERN,27,Saturday
427,ASSAULT,02,SOUTHERN,33,Sunday
428,ASSAULT,02,SOUTHERN,8,Thursday
429,ASSAULT,02,SOUTHERN,7,Tuesday
430,ASSAULT,02,SOUTHERN,6,Wednesday
431,ASSAULT,02,TARAVAL,1,Friday
432,ASSAULT,02,TARAVAL,2,Monday
433,ASSAULT,02,TARAVAL,5,Saturday
434,ASSAULT,02,TARAVAL,8,Sunday
435,ASSAULT,02,TARAVAL,2,Thursday
436,ASSAULT,02,TARAVAL,1,Wednesday
437,ASSAULT,02,TENDERLOIN,8,Friday
438,ASSAULT,02,TENDERLOIN,7,Monday
439,ASSAULT,02,TENDERLOIN,4,Saturday
440,ASSAULT,02,TENDERLOIN,7,Sunday
441,ASSAULT,02,TENDERLOIN,6,Thursday
442,ASSAULT,02,TENDERLOIN,6,Tuesday
443,ASSAULT,02,TENDERLOIN,4,Wednesday
444,ASSAULT,03,BAYVIEW,7,Friday
445,ASSAULT,03,BAYVIEW,6,Monday
446,ASSAULT,03,BAYVIEW,12,Saturday
447,ASSAULT,03,BAYVIEW,9,Sunday
448,ASSAULT,03,BAYVIEW,7,Thursday
449,ASSAULT,03,BAYVIEW,5,Tuesday
450,ASSAULT,03,BAYVIEW,5,Wednesday
451,ASSAULT,03,CENTRAL,8,Friday
452,ASSAULT,03,CENTRAL,1,Monday
453,ASSAULT,03,CENTRAL,9,Saturday
454,ASSAULT,03,CENTRAL,5,Sunday
455,ASSAULT,03,CENTRAL,4,Thursday
456,ASSAULT,03,CENTRAL,5,Tuesday
457,ASSAULT,03,CENTRAL,1,Wednesday
458,ASSAULT,03,INGLESIDE,6,Friday
459,ASSAULT,03,INGLESIDE,5,Monday
460,ASSAULT,03,INGLESIDE,11,Saturday
461,ASSAULT,03,INGLESIDE,9,Sunday
462,ASSAULT,03,INGLESIDE,4,Thursday
463,ASSAULT,03,INGLESIDE,2,Tuesday
464,ASSAULT,03,INGLESIDE,2,Wednesday
465,ASSAULT,03,MISSION,7,Friday
466,ASSAULT,03,MISSION,8,Monday
467,ASSAULT,03,MISSION,7,Saturday
468,ASSAULT,03,MISSION,9,Sunday
469,ASSAULT,03,MISSION,6,Thursday
470,ASSAULT,03,MISSION,4,Tuesday
471,ASSAULT,03,MISSION,10,Wednesday
472,ASSAULT,03,NORTHERN,5,Friday
473,ASSAULT,03,NORTHERN,4,Monday
474,ASSAULT,03,NORTHERN,11,Saturday
475,ASSAULT,03,NORTHERN,7,Sunday
476,ASSAULT,03,NORTHERN,5,Thursday
477,ASSAULT,03,NORTHERN,4,Tuesday
478,ASSAULT,03,NORTHERN,2,Wednesday
479,ASSAULT,03,PARK,1,Sunday
480,ASSAULT,03,PARK,1,Thursday
481,ASSAULT,03,RICHMOND,2,Friday
482,ASSAULT,03,RICHMOND,1,Thursday
483,ASSAULT,03,RICHMOND,1,Tuesday
484,ASSAULT,03,RICHMOND,1,Wednesday
485,ASSAULT,03,SOUTHERN,5,Friday
486,ASSAULT,03,SOUTHERN,10,Monday
487,ASSAULT,03,SOUTHERN,10,Saturday
488,ASSAULT,03,SOUTHERN,7,Sunday
489,ASSAULT,03,SOUTHERN,5,Thursday
490,ASSAULT,03,SOUTHERN,4,Tuesday
491,ASSAULT,03,SOUTHERN,2,Wednesday
492,ASSAULT,03,TARAVAL,3,Friday
493,ASSAULT,03,TARAVAL,5,Monday
494,ASSAULT,03,TARAVAL,4,Saturday
495,ASSAULT,03,TARAVAL,2,Sunday
496,ASSAULT,03,TARAVAL,2,Thursday
497,ASSAULT,03,TARAVAL,1,Tuesday
498,ASSAULT,03,TARAVAL,3,Wednesday
499,ASSAULT,03,TENDERLOIN,7,Friday
500,ASSAULT,03,TENDERLOIN,6,Monday
501,ASSAULT,03,TENDERLOIN,5,Saturday
502,ASSAULT,03,TENDERLOIN,7,Sunday
503,ASSAULT,03,TENDERLOIN,1,Thursday
504,ASSAULT,03,TENDERLOIN,5,Tuesday
505,ASSAULT,03,TENDERLOIN,4,Wednesday
506,ASSAULT,04,BAYVIEW,3,Friday
507,ASSAULT,04,BAYVIEW,9,Monday
508,ASSAULT,04,BAYVIEW,5,Saturday
509,ASSAULT,04,BAYVIEW,7,Sunday
510,ASSAULT,04,BAYVIEW,5,Thursday
511,ASSAULT,04,BAYVIEW,4,Tuesday
512,ASSAULT,04,BAYVIEW,3,Wednesday
513,ASSAULT,04,CENTRAL,1,Friday
514,ASSAULT,04,CENTRAL,2,Saturday
515,ASSAULT,04,CENTRAL,3,Sunday
516,ASSAULT,04,CENTRAL,1,Tuesday
517,ASSAULT,04,CENTRAL,2,Wednesday
518,ASSAULT,04,INGLESIDE,1,Friday
519,ASSAULT,04,INGLESIDE,7,Monday
520,ASSAULT,04,INGLESIDE,6,Saturday
521,ASSAULT,04,INGLESIDE,1,Sunday
522,ASSAULT,04,INGLESIDE,1,Thursday
523,ASSAULT,04,INGLESIDE,2,Wednesday
524,ASSAULT,04,MISSION,4,Friday
525,ASSAULT,04,MISSION,3,Monday
526,ASSAULT,04,MISSION,7,Saturday
527,ASSAULT,04,MISSION,4,Sunday
528,ASSAULT,04,MISSION,3,Thursday
529,ASSAULT,04,MISSION,4,Tuesday
530,ASSAULT,04,MISSION,6,Wednesday
531,ASSAULT,04,NORTHERN,2,Friday
532,ASSAULT,04,NORTHERN,6,Monday
533,ASSAULT,04,NORTHERN,3,Saturday
534,ASSAULT,04,NORTHERN,5,Sunday
535,ASSAULT,04,NORTHERN,4,Thursday
536,ASSAULT,04,NORTHERN,4,Wednesday
537,ASSAULT,04,PARK,3,Monday
538,ASSAULT,04,PARK,2,Sunday
539,ASSAULT,04,PARK,1,Thursday
540,ASSAULT,04,PARK,1,Tuesday
541,ASSAULT,04,PARK,1,Wednesday
542,ASSAULT,04,RICHMOND,3,Saturday
543,ASSAULT,04,RICHMOND,2,Sunday
544,ASSAULT,04,RICHMOND,2,Thursday
545,ASSAULT,04,SOUTHERN,6,Friday
546,ASSAULT,04,SOUTHERN,2,Monday
547,ASSAULT,04,SOUTHERN,6,Saturday
548,ASSAULT,04,SOUTHERN,4,Sunday
549,ASSAULT,04,SOUTHERN,2,Thursday
550,ASSAULT,04,SOUTHERN,6,Tuesday
551,ASSAULT,04,SOUTHERN,6,Wednesday
552,ASSAULT,04,TARAVAL,3,Friday
553,ASSAULT,04,TARAVAL,3,Saturday
554,ASSAULT,04,TARAVAL,2,Sunday
555,ASSAULT,04,TARAVAL,2,Thursday
556,ASSAULT,04,TARAVAL,4,Tuesday
557,ASSAULT,04,TENDERLOIN,1,Friday
558,ASSAULT,04,TENDERLOIN,2,Monday
559,ASSAULT,04,TENDERLOIN,3,Saturday
560,ASSAULT,04,TENDERLOIN,3,Sunday
561,ASSAULT,04,TENDERLOIN,9,Thursday
562,ASSAULT,04,TENDERLOIN,4,Tuesday
563,ASSAULT,04,TENDERLOIN,3,Wednesday
564,ASSAULT,05,BAYVIEW,1,Friday
565,ASSAULT,05,BAYVIEW,5,Monday
566,ASSAULT,05,BAYVIEW,2,Saturday
567,ASSAULT,05,BAYVIEW,1,Sunday
568,ASSAULT,05,BAYVIEW,2,Thursday
569,ASSAULT,05,BAYVIEW,1,Tuesday
570,ASSAULT,05,BAYVIEW,4,Wednesday
571,ASSAULT,05,CENTRAL,4,Friday
572,ASSAULT,05,CENTRAL,1,Saturday
573,ASSAULT,05,CENTRAL,3,Thursday
574,ASSAULT,05,CENTRAL,3,Tuesday
575,ASSAULT,05,INGLESIDE,5,Friday
576,ASSAULT,05,INGLESIDE,2,Monday
577,ASSAULT,05,INGLESIDE,1,Saturday
578,ASSAULT,05,INGLESIDE,2,Sunday
579,ASSAULT,05,INGLESIDE,4,Thursday
580,ASSAULT,05,INGLESIDE,5,Tuesday
581,ASSAULT,05,MISSION,3,Friday
582,ASSAULT,05,MISSION,4,Saturday
583,ASSAULT,05,MISSION,4,Sunday
584,ASSAULT,05,MISSION,1,Tuesday
585,ASSAULT,05,MISSION,5,Wednesday
586,ASSAULT,05,NORTHERN,1,Friday
587,ASSAULT,05,NORTHERN,2,Monday
588,ASSAULT,05,NORTHERN,9,Saturday
589,ASSAULT,05,NORTHERN,1,Sunday
590,ASSAULT,05,NORTHERN,1,Thursday
591,ASSAULT,05,NORTHERN,2,Tuesday
592,ASSAULT,05,NORTHERN,2,Wednesday
593,ASSAULT,05,PARK,3,Monday
594,ASSAULT,05,PARK,1,Sunday
595,ASSAULT,05,PARK,1,Thursday
596,ASSAULT,05,PARK,2,Wednesday
597,ASSAULT,05,RICHMOND,1,Monday
598,ASSAULT,05,RICHMOND,1,Saturday
599,ASSAULT,05,RICHMOND,6,Thursday
600,ASSAULT,05,SOUTHERN,1,Friday
601,ASSAULT,05,SOUTHERN,5,Monday
602,ASSAULT,05,SOUTHERN,5,Saturday
603,ASSAULT,05,SOUTHERN,3,Sunday
604,ASSAULT,05,SOUTHERN,6,Thursday
605,ASSAULT,05,SOUTHERN,3,Tuesday
606,ASSAULT,05,TARAVAL,2,Sunday
607,ASSAULT,05,TARAVAL,1,Tuesday
608,ASSAULT,05,TARAVAL,1,Wednesday
609,ASSAULT,05,TENDERLOIN,10,Friday
610,ASSAULT,05,TENDERLOIN,2,Monday
611,ASSAULT,05,TENDERLOIN,2,Saturday
612,ASSAULT,05,TENDERLOIN,1,Sunday
613,ASSAULT,05,TENDERLOIN,1,Thursday
614,ASSAULT,05,TENDERLOIN,2,Tuesday
615,ASSAULT,05,TENDERLOIN,2,Wednesday
616,ASSAULT,06,BAYVIEW,3,Friday
617,ASSAULT,06,BAYVIEW,4,Monday
618,ASSAULT,06,BAYVIEW,5,Saturday
619,ASSAULT,06,BAYVIEW,2,Sunday
620,ASSAULT,06,BAYVIEW,5,Thursday
621,ASSAULT,06,BAYVIEW,4,Tuesday
622,ASSAULT,06,BAYVIEW,4,Wednesday
623,ASSAULT,06,CENTRAL,4,Friday
624,ASSAULT,06,CENTRAL,2,Monday
625,ASSAULT,06,CENTRAL,2,Saturday
626,ASSAULT,06,CENTRAL,3,Sunday
627,ASSAULT,06,CENTRAL,5,Thursday
628,ASSAULT,06,CENTRAL,2,Tuesday
629,ASSAULT,06,CENTRAL,3,Wednesday
630,ASSAULT,06,INGLESIDE,2,Friday
631,ASSAULT,06,INGLESIDE,1,Monday
632,ASSAULT,06,INGLESIDE,5,Saturday
633,ASSAULT,06,INGLESIDE,8,Sunday
634,ASSAULT,06,INGLESIDE,5,Thursday
635,ASSAULT,06,INGLESIDE,1,Tuesday
636,ASSAULT,06,INGLESIDE,3,Wednesday
637,ASSAULT,06,MISSION,9,Friday
638,ASSAULT,06,MISSION,11,Monday
639,ASSAULT,06,MISSION,3,Saturday
640,ASSAULT,06,MISSION,4,Sunday
641,ASSAULT,06,MISSION,8,Thursday
642,ASSAULT,06,MISSION,4,Tuesday
643,ASSAULT,06,MISSION,8,Wednesday
644,ASSAULT,06,NORTHERN,4,Friday
645,ASSAULT,06,NORTHERN,10,Monday
646,ASSAULT,06,NORTHERN,3,Saturday
647,ASSAULT,06,NORTHERN,4,Sunday
648,ASSAULT,06,NORTHERN,2,Thursday
649,ASSAULT,06,NORTHERN,2,Tuesday
650,ASSAULT,06,NORTHERN,3,Wednesday
651,ASSAULT,06,PARK,4,Friday
652,ASSAULT,06,PARK,3,Sunday
653,ASSAULT,06,PARK,3,Tuesday
654,ASSAULT,06,RICHMOND,1,Friday
655,ASSAULT,06,RICHMOND,1,Monday
656,ASSAULT,06,RICHMOND,2,Sunday
657,ASSAULT,06,SOUTHERN,7,Friday
658,ASSAULT,06,SOUTHERN,6,Monday
659,ASSAULT,06,SOUTHERN,2,Saturday
660,ASSAULT,06,SOUTHERN,3,Sunday
661,ASSAULT,06,SOUTHERN,9,Thursday
662,ASSAULT,06,SOUTHERN,6,Tuesday
663,ASSAULT,06,SOUTHERN,14,Wednesday
664,ASSAULT,06,TARAVAL,6,Friday
665,ASSAULT,06,TARAVAL,4,Thursday
666,ASSAULT,06,TARAVAL,3,Tuesday
667,ASSAULT,06,TARAVAL,2,Wednesday
668,ASSAULT,06,TENDERLOIN,4,Friday
669,ASSAULT,06,TENDERLOIN,1,Monday
670,ASSAULT,06,TENDERLOIN,4,Saturday
671,ASSAULT,06,TENDERLOIN,1,Sunday
672,ASSAULT,06,TENDERLOIN,2,Thursday
673,ASSAULT,06,TENDERLOIN,2,Tuesday
674,ASSAULT,06,TENDERLOIN,1,Wednesday
675,ASSAULT,07,BAYVIEW,8,Friday
676,ASSAULT,07,BAYVIEW,4,Monday
677,ASSAULT,07,BAYVIEW,3,Saturday
678,ASSAULT,07,BAYVIEW,3,Sunday
679,ASSAULT,07,BAYVIEW,6,Thursday
680,ASSAULT,07,BAYVIEW,4,Tuesday
681,ASSAULT,07,BAYVIEW,5,Wednesday
682,ASSAULT,07,CENTRAL,6,Friday
683,ASSAULT,07,CENTRAL,2,Monday
684,ASSAULT,07,CENTRAL,5,Saturday
685,ASSAULT,07,CENTRAL,3,Sunday
686,ASSAULT,07,CENTRAL,4,Thursday
687,ASSAULT,07,CENTRAL,7,Tuesday
688,ASSAULT,07,CENTRAL,5,Wednesday
689,ASSAULT,07,INGLESIDE,15,Friday
690,ASSAULT,07,INGLESIDE,5,Monday
691,ASSAULT,07,INGLESIDE,4,Saturday
692,ASSAULT,07,INGLESIDE,1,Sunday
693,ASSAULT,07,INGLESIDE,5,Thursday
694,ASSAULT,07,INGLESIDE,2,Tuesday
695,ASSAULT,07,INGLESIDE,7,Wednesday
696,ASSAULT,07,MISSION,5,Friday
697,ASSAULT,07,MISSION,9,Monday
698,ASSAULT,07,MISSION,4,Saturday
699,ASSAULT,07,MISSION,9,Sunday
700,ASSAULT,07,MISSION,7,Thursday
701,ASSAULT,07,MISSION,16,Tuesday
702,ASSAULT,07,MISSION,9,Wednesday
703,ASSAULT,07,NORTHERN,10,Friday
704,ASSAULT,07,NORTHERN,5,Monday
705,ASSAULT,07,NORTHERN,7,Saturday
706,ASSAULT,07,NORTHERN,2,Sunday
707,ASSAULT,07,NORTHERN,2,Thursday
708,ASSAULT,07,NORTHERN,8,Tuesday
709,ASSAULT,07,NORTHERN,3,Wednesday
710,ASSAULT,07,PARK,6,Friday
711,ASSAULT,07,PARK,2,Saturday
712,ASSAULT,07,PARK,2,Sunday
713,ASSAULT,07,PARK,5,Tuesday
714,ASSAULT,07,PARK,6,Wednesday
715,ASSAULT,07,RICHMOND,4,Friday
716,ASSAULT,07,RICHMOND,1,Monday
717,ASSAULT,07,RICHMOND,3,Thursday
718,ASSAULT,07,RICHMOND,1,Wednesday
719,ASSAULT,07,SOUTHERN,13,Friday
720,ASSAULT,07,SOUTHERN,13,Monday
721,ASSAULT,07,SOUTHERN,4,Saturday
722,ASSAULT,07,SOUTHERN,12,Sunday
723,ASSAULT,07,SOUTHERN,17,Thursday
724,ASSAULT,07,SOUTHERN,8,Tuesday
725,ASSAULT,07,SOUTHERN,7,Wednesday
726,ASSAULT,07,TARAVAL,2,Friday
727,ASSAULT,07,TARAVAL,2,Saturday
728,ASSAULT,07,TARAVAL,2,Sunday
729,ASSAULT,07,TARAVAL,5,Thursday
730,ASSAULT,07,TARAVAL,6,Tuesday
731,ASSAULT,07,TARAVAL,1,Wednesday
732,ASSAULT,07,TENDERLOIN,3,Friday
733,ASSAULT,07,TENDERLOIN,6,Monday
734,ASSAULT,07,TENDERLOIN,5,Saturday
735,ASSAULT,07,TENDERLOIN,3,Sunday
736,ASSAULT,07,TENDERLOIN,3,Thursday
737,ASSAULT,07,TENDERLOIN,8,Tuesday
738,ASSAULT,07,TENDERLOIN,4,Wednesday
739,ASSAULT,08,BAYVIEW,9,Friday
740,ASSAULT,08,BAYVIEW,6,Monday
741,ASSAULT,08,BAYVIEW,7,Saturday
742,ASSAULT,08,BAYVIEW,11,Sunday
743,ASSAULT,08,BAYVIEW,10,Thursday
744,ASSAULT,08,BAYVIEW,8,Tuesday
745,ASSAULT,08,BAYVIEW,10,Wednesday
746,ASSAULT,08,CENTRAL,7,Friday
747,ASSAULT,08,CENTRAL,3,Monday
748,ASSAULT,08,CENTRAL,9,Saturday
749,ASSAULT,08,CENTRAL,5,Sunday
750,ASSAULT,08,CENTRAL,1,Thursday
751,ASSAULT,08,CENTRAL,12,Tuesday
752,ASSAULT,08,CENTRAL,4,Wednesday
753,ASSAULT,08,INGLESIDE,7,Friday
754,ASSAULT,08,INGLESIDE,11,Monday
755,ASSAULT,08,INGLESIDE,3,Saturday
756,ASSAULT,08,INGLESIDE,6,Sunday
757,ASSAULT,08,INGLESIDE,6,Thursday
758,ASSAULT,08,INGLESIDE,6,Tuesday
759,ASSAULT,08,INGLESIDE,7,Wednesday
760,ASSAULT,08,MISSION,4,Friday
761,ASSAULT,08,MISSION,9,Monday
762,ASSAULT,08,MISSION,10,Saturday
763,ASSAULT,08,MISSION,9,Sunday
764,ASSAULT,08,MISSION,10,Thursday
765,ASSAULT,08,MISSION,14,Tuesday
766,ASSAULT,08,MISSION,9,Wednesday
767,ASSAULT,08,NORTHERN,7,Friday
768,ASSAULT,08,NORTHERN,6,Monday
769,ASSAULT,08,NORTHERN,9,Saturday
770,ASSAULT,08,NORTHERN,10,Sunday
771,ASSAULT,08,NORTHERN,3,Thursday
772,ASSAULT,08,NORTHERN,3,Tuesday
773,ASSAULT,08,NORTHERN,14,Wednesday
774,ASSAULT,08,PARK,1,Friday
775,ASSAULT,08,PARK,1,Monday
776,ASSAULT,08,PARK,4,Saturday
777,ASSAULT,08,PARK,7,Thursday
778,ASSAULT,08,PARK,1,Tuesday
779,ASSAULT,08,PARK,5,Wednesday
780,ASSAULT,08,RICHMOND,2,Friday
781,ASSAULT,08,RICHMOND,4,Monday
782,ASSAULT,08,RICHMOND,1,Saturday
783,ASSAULT,08,RICHMOND,3,Thursday
784,ASSAULT,08,RICHMOND,4,Wednesday
785,ASSAULT,08,SOUTHERN,10,Friday
786,ASSAULT,08,SOUTHERN,17,Monday
787,ASSAULT,08,SOUTHERN,10,Saturday
788,ASSAULT,08,SOUTHERN,8,Sunday
789,ASSAULT,08,SOUTHERN,17,Thursday
790,ASSAULT,08,SOUTHERN,24,Tuesday
791,ASSAULT,08,SOUTHERN,10,Wednesday
792,ASSAULT,08,TARAVAL,4,Monday
793,ASSAULT,08,TARAVAL,4,Saturday
794,ASSAULT,08,TARAVAL,3,Sunday
795,ASSAULT,08,TARAVAL,4,Thursday
796,ASSAULT,08,TARAVAL,1,Tuesday
797,ASSAULT,08,TARAVAL,6,Wednesday
798,ASSAULT,08,TENDERLOIN,1,Friday
799,ASSAULT,08,TENDERLOIN,6,Monday
800,ASSAULT,08,TENDERLOIN,2,Saturday
801,ASSAULT,08,TENDERLOIN,12,Sunday
802,ASSAULT,08,TENDERLOIN,5,Thursday
803,ASSAULT,08,TENDERLOIN,4,Tuesday
804,ASSAULT,08,TENDERLOIN,7,Wednesday
805,ASSAULT,09,BAYVIEW,8,Friday
806,ASSAULT,09,BAYVIEW,9,Monday
807,ASSAULT,09,BAYVIEW,7,Saturday
808,ASSAULT,09,BAYVIEW,6,Sunday
809,ASSAULT,09,BAYVIEW,1,Thursday
810,ASSAULT,09,BAYVIEW,11,Tuesday
811,ASSAULT,09,BAYVIEW,5,Wednesday
812,ASSAULT,09,CENTRAL,8,Friday
813,ASSAULT,09,CENTRAL,9,Monday
814,ASSAULT,09,CENTRAL,3,Sunday
815,ASSAULT,09,CENTRAL,7,Thursday
816,ASSAULT,09,CENTRAL,10,Tuesday
817,ASSAULT,09,CENTRAL,7,Wednesday
818,ASSAULT,09,INGLESIDE,3,Friday
819,ASSAULT,09,INGLESIDE,9,Monday
820,ASSAULT,09,INGLESIDE,11,Saturday
821,ASSAULT,09,INGLESIDE,12,Sunday
822,ASSAULT,09,INGLESIDE,10,Thursday
823,ASSAULT,09,INGLESIDE,7,Tuesday
824,ASSAULT,09,INGLESIDE,4,Wednesday
825,ASSAULT,09,MISSION,19,Friday
826,ASSAULT,09,MISSION,15,Monday
827,ASSAULT,09,MISSION,6,Saturday
828,ASSAULT,09,MISSION,4,Sunday
829,ASSAULT,09,MISSION,16,Thursday
830,ASSAULT,09,MISSION,18,Tuesday
831,ASSAULT,09,MISSION,15,Wednesday
832,ASSAULT,09,NORTHERN,8,Friday
833,ASSAULT,09,NORTHERN,6,Monday
834,ASSAULT,09,NORTHERN,8,Saturday
835,ASSAULT,09,NORTHERN,5,Sunday
836,ASSAULT,09,NORTHERN,10,Thursday
837,ASSAULT,09,NORTHERN,8,Tuesday
838,ASSAULT,09,NORTHERN,8,Wednesday
839,ASSAULT,09,PARK,4,Friday
840,ASSAULT,09,PARK,2,Monday
841,ASSAULT,09,PARK,1,Saturday
842,ASSAULT,09,PARK,3,Sunday
843,ASSAULT,09,PARK,3,Thursday
844,ASSAULT,09,PARK,4,Wednesday
845,ASSAULT,09,RICHMOND,2,Friday
846,ASSAULT,09,RICHMOND,2,Saturday
847,ASSAULT,09,RICHMOND,2,Sunday
848,ASSAULT,09,RICHMOND,4,Thursday
849,ASSAULT,09,RICHMOND,1,Tuesday
850,ASSAULT,09,RICHMOND,1,Wednesday
851,ASSAULT,09,SOUTHERN,15,Friday
852,ASSAULT,09,SOUTHERN,15,Monday
853,ASSAULT,09,SOUTHERN,16,Saturday
854,ASSAULT,09,SOUTHERN,7,Sunday
855,ASSAULT,09,SOUTHERN,16,Thursday
856,ASSAULT,09,SOUTHERN,12,Tuesday
857,ASSAULT,09,SOUTHERN,12,Wednesday
858,ASSAULT,09,TARAVAL,2,Friday
859,ASSAULT,09,TARAVAL,3,Monday
860,ASSAULT,09,TARAVAL,8,Saturday
861,ASSAULT,09,TARAVAL,5,Sunday
862,ASSAULT,09,TARAVAL,9,Thursday
863,ASSAULT,09,TARAVAL,3,Tuesday
864,ASSAULT,09,TARAVAL,6,Wednesday
865,ASSAULT,09,TENDERLOIN,5,Friday
866,ASSAULT,09,TENDERLOIN,9,Monday
867,ASSAULT,09,TENDERLOIN,3,Saturday
868,ASSAULT,09,TENDERLOIN,4,Sunday
869,ASSAULT,09,TENDERLOIN,6,Thursday
870,ASSAULT,09,TENDERLOIN,8,Tuesday
871,ASSAULT,09,TENDERLOIN,8,Wednesday
872,ASSAULT,10,BAYVIEW,17,Friday
873,ASSAULT,10,BAYVIEW,6,Monday
874,ASSAULT,10,BAYVIEW,13,Saturday
875,ASSAULT,10,BAYVIEW,8,Sunday
876,ASSAULT,10,BAYVIEW,8,Thursday
877,ASSAULT,10,BAYVIEW,15,Tuesday
878,ASSAULT,10,BAYVIEW,14,Wednesday
879,ASSAULT,10,CENTRAL,4,Friday
880,ASSAULT,10,CENTRAL,15,Monday
881,ASSAULT,10,CENTRAL,5,Saturday
882,ASSAULT,10,CENTRAL,2,Sunday
883,ASSAULT,10,CENTRAL,4,Thursday
884,ASSAULT,10,CENTRAL,2,Tuesday
885,ASSAULT,10,CENTRAL,11,Wednesday
886,ASSAULT,10,INGLESIDE,6,Friday
887,ASSAULT,10,INGLESIDE,7,Monday
888,ASSAULT,10,INGLESIDE,10,Saturday
889,ASSAULT,10,INGLESIDE,8,Sunday
890,ASSAULT,10,INGLESIDE,11,Thursday
891,ASSAULT,10,INGLESIDE,5,Tuesday
892,ASSAULT,10,INGLESIDE,5,Wednesday
893,ASSAULT,10,MISSION,22,Friday
894,ASSAULT,10,MISSION,8,Monday
895,ASSAULT,10,MISSION,13,Saturday
896,ASSAULT,10,MISSION,8,Sunday
897,ASSAULT,10,MISSION,8,Thursday
898,ASSAULT,10,MISSION,12,Tuesday
899,ASSAULT,10,MISSION,10,Wednesday
900,ASSAULT,10,NORTHERN,12,Friday
901,ASSAULT,10,NORTHERN,10,Monday
902,ASSAULT,10,NORTHERN,6,Saturday
903,ASSAULT,10,NORTHERN,6,Sunday
904,ASSAULT,10,NORTHERN,11,Thursday
905,ASSAULT,10,NORTHERN,7,Tuesday
906,ASSAULT,10,NORTHERN,12,Wednesday
907,ASSAULT,10,PARK,6,Friday
908,ASSAULT,10,PARK,4,Monday
909,ASSAULT,10,PARK,1,Saturday
910,ASSAULT,10,PARK,4,Sunday
911,ASSAULT,10,PARK,5,Thursday
912,ASSAULT,10,PARK,3,Tuesday
913,ASSAULT,10,PARK,2,Wednesday
914,ASSAULT,10,RICHMOND,9,Friday
915,ASSAULT,10,RICHMOND,9,Saturday
916,ASSAULT,10,RICHMOND,1,Sunday
917,ASSAULT,10,RICHMOND,4,Thursday
918,ASSAULT,10,RICHMOND,2,Tuesday
919,ASSAULT,10,RICHMOND,3,Wednesday
920,ASSAULT,10,SOUTHERN,24,Friday
921,ASSAULT,10,SOUTHERN,12,Monday
922,ASSAULT,10,SOUTHERN,12,Saturday
923,ASSAULT,10,SOUTHERN,9,Sunday
924,ASSAULT,10,SOUTHERN,20,Thursday
925,ASSAULT,10,SOUTHERN,17,Tuesday
926,ASSAULT,10,SOUTHERN,16,Wednesday
927,ASSAULT,10,TARAVAL,5,Friday
928,ASSAULT,10,TARAVAL,4,Monday
929,ASSAULT,10,TARAVAL,3,Saturday
930,ASSAULT,10,TARAVAL,5,Sunday
931,ASSAULT,10,TARAVAL,8,Thursday
932,ASSAULT,10,TARAVAL,6,Tuesday
933,ASSAULT,10,TARAVAL,4,Wednesday
934,ASSAULT,10,TENDERLOIN,12,Friday
935,ASSAULT,10,TENDERLOIN,7,Monday
936,ASSAULT,10,TENDERLOIN,5,Saturday
937,ASSAULT,10,TENDERLOIN,4,Sunday
938,ASSAULT,10,TENDERLOIN,4,Thursday
939,ASSAULT,10,TENDERLOIN,18,Tuesday
940,ASSAULT,10,TENDERLOIN,5,Wednesday
941,ASSAULT,11,BAYVIEW,6,Friday
942,ASSAULT,11,BAYVIEW,6,Monday
943,ASSAULT,11,BAYVIEW,14,Saturday
944,ASSAULT,11,BAYVIEW,10,Sunday
945,ASSAULT,11,BAYVIEW,6,Thursday
946,ASSAULT,11,BAYVIEW,6,Tuesday
947,ASSAULT,11,BAYVIEW,6,Wednesday
948,ASSAULT,11,CENTRAL,9,Friday
949,ASSAULT,11,CENTRAL,13,Monday
950,ASSAULT,11,CENTRAL,12,Saturday
951,ASSAULT,11,CENTRAL,3,Sunday
952,ASSAULT,11,CENTRAL,5,Thursday
953,ASSAULT,11,CENTRAL,5,Tuesday
954,ASSAULT,11,CENTRAL,12,Wednesday
955,ASSAULT,11,INGLESIDE,5,Friday
956,ASSAULT,11,INGLESIDE,9,Monday
957,ASSAULT,11,INGLESIDE,12,Saturday
958,ASSAULT,11,INGLESIDE,11,Sunday
959,ASSAULT,11,INGLESIDE,4,Thursday
960,ASSAULT,11,INGLESIDE,10,Tuesday
961,ASSAULT,11,INGLESIDE,6,Wednesday
962,ASSAULT,11,MISSION,9,Friday
963,ASSAULT,11,MISSION,18,Monday
964,ASSAULT,11,MISSION,14,Saturday
965,ASSAULT,11,MISSION,13,Sunday
966,ASSAULT,11,MISSION,9,Thursday
967,ASSAULT,11,MISSION,9,Tuesday
968,ASSAULT,11,MISSION,10,Wednesday
969,ASSAULT,11,NORTHERN,9,Friday
970,ASSAULT,11,NORTHERN,16,Monday
971,ASSAULT,11,NORTHERN,17,Saturday
972,ASSAULT,11,NORTHERN,4,Sunday
973,ASSAULT,11,NORTHERN,9,Thursday
974,ASSAULT,11,NORTHERN,3,Tuesday
975,ASSAULT,11,NORTHERN,17,Wednesday
976,ASSAULT,11,PARK,4,Friday
977,ASSAULT,11,PARK,2,Monday
978,ASSAULT,11,PARK,1,Saturday
979,ASSAULT,11,PARK,2,Thursday
980,ASSAULT,11,PARK,4,Tuesday
981,ASSAULT,11,PARK,8,Wednesday
982,ASSAULT,11,RICHMOND,2,Friday
983,ASSAULT,11,RICHMOND,2,Monday
984,ASSAULT,11,RICHMOND,4,Saturday
985,ASSAULT,11,RICHMOND,6,Thursday
986,ASSAULT,11,RICHMOND,2,Tuesday
987,ASSAULT,11,RICHMOND,3,Wednesday
988,ASSAULT,11,SOUTHERN,13,Friday
989,ASSAULT,11,SOUTHERN,14,Monday
990,ASSAULT,11,SOUTHERN,27,Saturday
991,ASSAULT,11,SOUTHERN,11,Sunday
992,ASSAULT,11,SOUTHERN,13,Thursday
993,ASSAULT,11,SOUTHERN,20,Tuesday
994,ASSAULT,11,SOUTHERN,17,Wednesday
995,ASSAULT,11,TARAVAL,4,Friday
996,ASSAULT,11,TARAVAL,6,Monday
997,ASSAULT,11,TARAVAL,4,Saturday
998,ASSAULT,11,TARAVAL,6,Sunday
999,ASSAULT,11,TARAVAL,7,Thursday
1000,ASSAULT,11,TARAVAL,6,Tuesday
1001,ASSAULT,11,TARAVAL,2,Wednesday
1002,ASSAULT,11,TENDERLOIN,10,Friday
1003,ASSAULT,11,TENDERLOIN,3,Monday
1004,ASSAULT,11,TENDERLOIN,11,Saturday
1005,ASSAULT,11,TENDERLOIN,9,Sunday
1006,ASSAULT,11,TENDERLOIN,7,Thursday
1007,ASSAULT,11,TENDERLOIN,7,Tuesday
1008,ASSAULT,11,TENDERLOIN,5,Wednesday
1009,ASSAULT,12,BAYVIEW,4,Friday
1010,ASSAULT,12,BAYVIEW,8,Monday
1011,ASSAULT,12,BAYVIEW,16,Saturday
1012,ASSAULT,12,BAYVIEW,6,Sunday
1013,ASSAULT,12,BAYVIEW,17,Thursday
1014,ASSAULT,12,BAYVIEW,8,Tuesday
1015,ASSAULT,12,BAYVIEW,8,Wednesday
1016,ASSAULT,12,CENTRAL,2,Friday
1017,ASSAULT,12,CENTRAL,7,Monday
1018,ASSAULT,12,CENTRAL,5,Saturday
1019,ASSAULT,12,CENTRAL,11,Sunday
1020,ASSAULT,12,CENTRAL,5,Thursday
1021,ASSAULT,12,CENTRAL,8,Tuesday
1022,ASSAULT,12,CENTRAL,5,Wednesday
1023,ASSAULT,12,INGLESIDE,15,Friday
1024,ASSAULT,12,INGLESIDE,9,Monday
1025,ASSAULT,12,INGLESIDE,19,Saturday
1026,ASSAULT,12,INGLESIDE,8,Sunday
1027,ASSAULT,12,INGLESIDE,10,Thursday
1028,ASSAULT,12,INGLESIDE,8,Tuesday
1029,ASSAULT,12,INGLESIDE,11,Wednesday
1030,ASSAULT,12,MISSION,12,Friday
1031,ASSAULT,12,MISSION,14,Monday
1032,ASSAULT,12,MISSION,5,Saturday
1033,ASSAULT,12,MISSION,9,Sunday
1034,ASSAULT,12,MISSION,13,Thursday
1035,ASSAULT,12,MISSION,17,Tuesday
1036,ASSAULT,12,MISSION,19,Wednesday
1037,ASSAULT,12,NORTHERN,10,Friday
1038,ASSAULT,12,NORTHERN,12,Monday
1039,ASSAULT,12,NORTHERN,13,Saturday
1040,ASSAULT,12,NORTHERN,6,Sunday
1041,ASSAULT,12,NORTHERN,16,Thursday
1042,ASSAULT,12,NORTHERN,16,Tuesday
1043,ASSAULT,12,NORTHERN,14,Wednesday
1044,ASSAULT,12,PARK,6,Friday
1045,ASSAULT,12,PARK,4,Monday
1046,ASSAULT,12,PARK,8,Saturday
1047,ASSAULT,12,PARK,1,Sunday
1048,ASSAULT,12,PARK,3,Tuesday
1049,ASSAULT,12,PARK,4,Wednesday
1050,ASSAULT,12,RICHMOND,2,Friday
1051,ASSAULT,12,RICHMOND,1,Monday
1052,ASSAULT,12,RICHMOND,6,Saturday
1053,ASSAULT,12,RICHMOND,4,Sunday
1054,ASSAULT,12,RICHMOND,5,Thursday
1055,ASSAULT,12,RICHMOND,5,Tuesday
1056,ASSAULT,12,RICHMOND,5,Wednesday
1057,ASSAULT,12,SOUTHERN,24,Friday
1058,ASSAULT,12,SOUTHERN,17,Monday
1059,ASSAULT,12,SOUTHERN,7,Saturday
1060,ASSAULT,12,SOUTHERN,16,Sunday
1061,ASSAULT,12,SOUTHERN,16,Thursday
1062,ASSAULT,12,SOUTHERN,11,Tuesday
1063,ASSAULT,12,SOUTHERN,9,Wednesday
1064,ASSAULT,12,TARAVAL,6,Friday
1065,ASSAULT,12,TARAVAL,12,Monday
1066,ASSAULT,12,TARAVAL,19,Saturday
1067,ASSAULT,12,TARAVAL,6,Sunday
1068,ASSAULT,12,TARAVAL,7,Thursday
1069,ASSAULT,12,TARAVAL,16,Tuesday
1070,ASSAULT,12,TARAVAL,9,Wednesday
1071,ASSAULT,12,TENDERLOIN,6,Friday
1072,ASSAULT,12,TENDERLOIN,9,Monday
1073,ASSAULT,12,TENDERLOIN,10,Saturday
1074,ASSAULT,12,TENDERLOIN,11,Sunday
1075,ASSAULT,12,TENDERLOIN,8,Thursday
1076,ASSAULT,12,TENDERLOIN,7,Tuesday
1077,ASSAULT,12,TENDERLOIN,12,Wednesday
1078,ASSAULT,13,BAYVIEW,13,Friday
1079,ASSAULT,13,BAYVIEW,7,Monday
1080,ASSAULT,13,BAYVIEW,9,Saturday
1081,ASSAULT,13,BAYVIEW,14,Sunday
1082,ASSAULT,13,BAYVIEW,9,Thursday
1083,ASSAULT,13,BAYVIEW,16,Tuesday
1084,ASSAULT,13,BAYVIEW,9,Wednesday
1085,ASSAULT,13,CENTRAL,5,Friday
1086,ASSAULT,13,CENTRAL,7,Monday
1087,ASSAULT,13,CENTRAL,8,Saturday
1088,ASSAULT,13,CENTRAL,8,Sunday
1089,ASSAULT,13,CENTRAL,1,Thursday
1090,ASSAULT,13,CENTRAL,6,Tuesday
1091,ASSAULT,13,INGLESIDE,10,Friday
1092,ASSAULT,13,INGLESIDE,9,Monday
1093,ASSAULT,13,INGLESIDE,10,Saturday
1094,ASSAULT,13,INGLESIDE,10,Sunday
1095,ASSAULT,13,INGLESIDE,5,Thursday
1096,ASSAULT,13,INGLESIDE,8,Tuesday
1097,ASSAULT,13,INGLESIDE,10,Wednesday
1098,ASSAULT,13,MISSION,13,Friday
1099,ASSAULT,13,MISSION,14,Monday
1100,ASSAULT,13,MISSION,11,Saturday
1101,ASSAULT,13,MISSION,20,Sunday
1102,ASSAULT,13,MISSION,16,Thursday
1103,ASSAULT,13,MISSION,10,Tuesday
1104,ASSAULT,13,MISSION,16,Wednesday
1105,ASSAULT,13,NORTHERN,9,Friday
1106,ASSAULT,13,NORTHERN,10,Monday
1107,ASSAULT,13,NORTHERN,9,Saturday
1108,ASSAULT,13,NORTHERN,11,Sunday
1109,ASSAULT,13,NORTHERN,11,Thursday
1110,ASSAULT,13,NORTHERN,13,Tuesday
1111,ASSAULT,13,NORTHERN,11,Wednesday
1112,ASSAULT,13,PARK,3,Friday
1113,ASSAULT,13,PARK,2,Monday
1114,ASSAULT,13,PARK,2,Saturday
1115,ASSAULT,13,PARK,10,Sunday
1116,ASSAULT,13,PARK,3,Thursday
1117,ASSAULT,13,PARK,2,Tuesday
1118,ASSAULT,13,PARK,5,Wednesday
1119,ASSAULT,13,RICHMOND,2,Friday
1120,ASSAULT,13,RICHMOND,1,Monday
1121,ASSAULT,13,RICHMOND,3,Saturday
1122,ASSAULT,13,RICHMOND,3,Sunday
1123,ASSAULT,13,RICHMOND,7,Thursday
1124,ASSAULT,13,RICHMOND,5,Tuesday
1125,ASSAULT,13,RICHMOND,2,Wednesday
1126,ASSAULT,13,SOUTHERN,12,Friday
1127,ASSAULT,13,SOUTHERN,12,Monday
1128,ASSAULT,13,SOUTHERN,14,Saturday
1129,ASSAULT,13,SOUTHERN,10,Sunday
1130,ASSAULT,13,SOUTHERN,13,Thursday
1131,ASSAULT,13,SOUTHERN,24,Tuesday
1132,ASSAULT,13,SOUTHERN,25,Wednesday
1133,ASSAULT,13,TARAVAL,7,Friday
1134,ASSAULT,13,TARAVAL,11,Monday
1135,ASSAULT,13,TARAVAL,2,Saturday
1136,ASSAULT,13,TARAVAL,4,Sunday
1137,ASSAULT,13,TARAVAL,9,Thursday
1138,ASSAULT,13,TARAVAL,3,Tuesday
1139,ASSAULT,13,TARAVAL,9,Wednesday
1140,ASSAULT,13,TENDERLOIN,10,Friday
1141,ASSAULT,13,TENDERLOIN,8,Monday
1142,ASSAULT,13,TENDERLOIN,4,Saturday
1143,ASSAULT,13,TENDERLOIN,8,Sunday
1144,ASSAULT,13,TENDERLOIN,12,Thursday
1145,ASSAULT,13,TENDERLOIN,8,Tuesday
1146,ASSAULT,13,TENDERLOIN,14,Wednesday
1147,ASSAULT,14,BAYVIEW,12,Friday
1148,ASSAULT,14,BAYVIEW,14,Monday
1149,ASSAULT,14,BAYVIEW,13,Saturday
1150,ASSAULT,14,BAYVIEW,14,Sunday
1151,ASSAULT,14,BAYVIEW,17,Thursday
1152,ASSAULT,14,BAYVIEW,3,Tuesday
1153,ASSAULT,14,BAYVIEW,12,Wednesday
1154,ASSAULT,14,CENTRAL,16,Friday
1155,ASSAULT,14,CENTRAL,10,Monday
1156,ASSAULT,14,CENTRAL,12,Saturday
1157,ASSAULT,14,CENTRAL,6,Sunday
1158,ASSAULT,14,CENTRAL,3,Thursday
1159,ASSAULT,14,CENTRAL,7,Tuesday
1160,ASSAULT,14,CENTRAL,9,Wednesday
1161,ASSAULT,14,INGLESIDE,3,Friday
1162,ASSAULT,14,INGLESIDE,4,Monday
1163,ASSAULT,14,INGLESIDE,14,Saturday
1164,ASSAULT,14,INGLESIDE,14,Sunday
1165,ASSAULT,14,INGLESIDE,6,Thursday
1166,ASSAULT,14,INGLESIDE,10,Tuesday
1167,ASSAULT,14,INGLESIDE,10,Wednesday
1168,ASSAULT,14,MISSION,11,Friday
1169,ASSAULT,14,MISSION,17,Monday
1170,ASSAULT,14,MISSION,16,Saturday
1171,ASSAULT,14,MISSION,16,Sunday
1172,ASSAULT,14,MISSION,20,Thursday
1173,ASSAULT,14,MISSION,13,Tuesday
1174,ASSAULT,14,MISSION,11,Wednesday
1175,ASSAULT,14,NORTHERN,6,Friday
1176,ASSAULT,14,NORTHERN,16,Monday
1177,ASSAULT,14,NORTHERN,15,Saturday
1178,ASSAULT,14,NORTHERN,8,Sunday
1179,ASSAULT,14,NORTHERN,7,Thursday
1180,ASSAULT,14,NORTHERN,15,Tuesday
1181,ASSAULT,14,NORTHERN,8,Wednesday
1182,ASSAULT,14,PARK,3,Friday
1183,ASSAULT,14,PARK,2,Monday
1184,ASSAULT,14,PARK,3,Saturday
1185,ASSAULT,14,PARK,4,Sunday
1186,ASSAULT,14,PARK,3,Thursday
1187,ASSAULT,14,PARK,5,Tuesday
1188,ASSAULT,14,PARK,4,Wednesday
1189,ASSAULT,14,RICHMOND,1,Friday
1190,ASSAULT,14,RICHMOND,4,Saturday
1191,ASSAULT,14,RICHMOND,4,Thursday
1192,ASSAULT,14,RICHMOND,3,Tuesday
1193,ASSAULT,14,RICHMOND,4,Wednesday
1194,ASSAULT,14,SOUTHERN,21,Friday
1195,ASSAULT,14,SOUTHERN,23,Monday
1196,ASSAULT,14,SOUTHERN,10,Saturday
1197,ASSAULT,14,SOUTHERN,18,Sunday
1198,ASSAULT,14,SOUTHERN,10,Thursday
1199,ASSAULT,14,SOUTHERN,25,Tuesday
1200,ASSAULT,14,SOUTHERN,15,Wednesday
1201,ASSAULT,14,TARAVAL,10,Friday
1202,ASSAULT,14,TARAVAL,5,Monday
1203,ASSAULT,14,TARAVAL,3,Saturday
1204,ASSAULT,14,TARAVAL,2,Sunday
1205,ASSAULT,14,TARAVAL,6,Thursday
1206,ASSAULT,14,TARAVAL,4,Tuesday
1207,ASSAULT,14,TARAVAL,7,Wednesday
1208,ASSAULT,14,TENDERLOIN,8,Friday
1209,ASSAULT,14,TENDERLOIN,8,Monday
1210,ASSAULT,14,TENDERLOIN,7,Saturday
1211,ASSAULT,14,TENDERLOIN,7,Sunday
1212,ASSAULT,14,TENDERLOIN,7,Thursday
1213,ASSAULT,14,TENDERLOIN,6,Tuesday
1214,ASSAULT,14,TENDERLOIN,8,Wednesday
1215,ASSAULT,15,BAYVIEW,11,Friday
1216,ASSAULT,15,BAYVIEW,12,Monday
1217,ASSAULT,15,BAYVIEW,14,Saturday
1218,ASSAULT,15,BAYVIEW,10,Sunday
1219,ASSAULT,15,BAYVIEW,14,Thursday
1220,ASSAULT,15,BAYVIEW,12,Tuesday
1221,ASSAULT,15,BAYVIEW,10,Wednesday
1222,ASSAULT,15,CENTRAL,3,Friday
1223,ASSAULT,15,CENTRAL,11,Monday
1224,ASSAULT,15,CENTRAL,11,Saturday
1225,ASSAULT,15,CENTRAL,10,Sunday
1226,ASSAULT,15,CENTRAL,6,Thursday
1227,ASSAULT,15,CENTRAL,6,Tuesday
1228,ASSAULT,15,CENTRAL,9,Wednesday
1229,ASSAULT,15,INGLESIDE,13,Friday
1230,ASSAULT,15,INGLESIDE,12,Monday
1231,ASSAULT,15,INGLESIDE,12,Saturday
1232,ASSAULT,15,INGLESIDE,13,Sunday
1233,ASSAULT,15,INGLESIDE,13,Thursday
1234,ASSAULT,15,INGLESIDE,15,Tuesday
1235,ASSAULT,15,INGLESIDE,10,Wednesday
1236,ASSAULT,15,MISSION,13,Friday
1237,ASSAULT,15,MISSION,11,Monday
1238,ASSAULT,15,MISSION,22,Saturday
1239,ASSAULT,15,MISSION,15,Sunday
1240,ASSAULT,15,MISSION,12,Thursday
1241,ASSAULT,15,MISSION,19,Tuesday
1242,ASSAULT,15,MISSION,17,Wednesday
1243,ASSAULT,15,NORTHERN,8,Friday
1244,ASSAULT,15,NORTHERN,24,Monday
1245,ASSAULT,15,NORTHERN,7,Saturday
1246,ASSAULT,15,NORTHERN,8,Sunday
1247,ASSAULT,15,NORTHERN,19,Thursday
1248,ASSAULT,15,NORTHERN,11,Tuesday
1249,ASSAULT,15,NORTHERN,14,Wednesday
1250,ASSAULT,15,PARK,3,Friday
1251,ASSAULT,15,PARK,4,Monday
1252,ASSAULT,15,PARK,3,Saturday
1253,ASSAULT,15,PARK,2,Sunday
1254,ASSAULT,15,PARK,5,Thursday
1255,ASSAULT,15,PARK,4,Tuesday
1256,ASSAULT,15,PARK,2,Wednesday
1257,ASSAULT,15,RICHMOND,1,Friday
1258,ASSAULT,15,RICHMOND,8,Monday
1259,ASSAULT,15,RICHMOND,1,Saturday
1260,ASSAULT,15,RICHMOND,13,Sunday
1261,ASSAULT,15,RICHMOND,7,Thursday
1262,ASSAULT,15,RICHMOND,3,Tuesday
1263,ASSAULT,15,RICHMOND,2,Wednesday
1264,ASSAULT,15,SOUTHERN,23,Friday
1265,ASSAULT,15,SOUTHERN,15,Monday
1266,ASSAULT,15,SOUTHERN,19,Saturday
1267,ASSAULT,15,SOUTHERN,26,Sunday
1268,ASSAULT,15,SOUTHERN,20,Thursday
1269,ASSAULT,15,SOUTHERN,30,Tuesday
1270,ASSAULT,15,SOUTHERN,19,Wednesday
1271,ASSAULT,15,TARAVAL,8,Friday
1272,ASSAULT,15,TARAVAL,5,Monday
1273,ASSAULT,15,TARAVAL,7,Saturday
1274,ASSAULT,15,TARAVAL,6,Sunday
1275,ASSAULT,15,TARAVAL,6,Thursday
1276,ASSAULT,15,TARAVAL,10,Tuesday
1277,ASSAULT,15,TARAVAL,11,Wednesday
1278,ASSAULT,15,TENDERLOIN,11,Friday
1279,ASSAULT,15,TENDERLOIN,14,Monday
1280,ASSAULT,15,TENDERLOIN,12,Saturday
1281,ASSAULT,15,TENDERLOIN,12,Sunday
1282,ASSAULT,15,TENDERLOIN,5,Thursday
1283,ASSAULT,15,TENDERLOIN,10,Tuesday
1284,ASSAULT,15,TENDERLOIN,5,Wednesday
1285,ASSAULT,16,BAYVIEW,18,Friday
1286,ASSAULT,16,BAYVIEW,15,Monday
1287,ASSAULT,16,BAYVIEW,9,Saturday
1288,ASSAULT,16,BAYVIEW,7,Sunday
1289,ASSAULT,16,BAYVIEW,17,Thursday
1290,ASSAULT,16,BAYVIEW,16,Tuesday
1291,ASSAULT,16,BAYVIEW,17,Wednesday
1292,ASSAULT,16,CENTRAL,5,Friday
1293,ASSAULT,16,CENTRAL,13,Monday
1294,ASSAULT,16,CENTRAL,13,Saturday
1295,ASSAULT,16,CENTRAL,9,Sunday
1296,ASSAULT,16,CENTRAL,5,Thursday
1297,ASSAULT,16,CENTRAL,7,Tuesday
1298,ASSAULT,16,CENTRAL,6,Wednesday
1299,ASSAULT,16,INGLESIDE,19,Friday
1300,ASSAULT,16,INGLESIDE,8,Monday
1301,ASSAULT,16,INGLESIDE,9,Saturday
1302,ASSAULT,16,INGLESIDE,9,Sunday
1303,ASSAULT,16,INGLESIDE,7,Thursday
1304,ASSAULT,16,INGLESIDE,19,Tuesday
1305,ASSAULT,16,INGLESIDE,6,Wednesday
1306,ASSAULT,16,MISSION,13,Friday
1307,ASSAULT,16,MISSION,20,Monday
1308,ASSAULT,16,MISSION,17,Saturday
1309,ASSAULT,16,MISSION,15,Sunday
1310,ASSAULT,16,MISSION,15,Thursday
1311,ASSAULT,16,MISSION,16,Tuesday
1312,ASSAULT,16,MISSION,10,Wednesday
1313,ASSAULT,16,NORTHERN,17,Friday
1314,ASSAULT,16,NORTHERN,16,Monday
1315,ASSAULT,16,NORTHERN,11,Saturday
1316,ASSAULT,16,NORTHERN,16,Sunday
1317,ASSAULT,16,NORTHERN,14,Thursday
1318,ASSAULT,16,NORTHERN,8,Tuesday
1319,ASSAULT,16,NORTHERN,14,Wednesday
1320,ASSAULT,16,PARK,10,Friday
1321,ASSAULT,16,PARK,6,Monday
1322,ASSAULT,16,PARK,2,Saturday
1323,ASSAULT,16,PARK,4,Sunday
1324,ASSAULT,16,PARK,4,Thursday
1325,ASSAULT,16,PARK,2,Tuesday
1326,ASSAULT,16,PARK,3,Wednesday
1327,ASSAULT,16,RICHMOND,4,Friday
1328,ASSAULT,16,RICHMOND,1,Monday
1329,ASSAULT,16,RICHMOND,5,Sunday
1330,ASSAULT,16,RICHMOND,14,Thursday
1331,ASSAULT,16,RICHMOND,3,Tuesday
1332,ASSAULT,16,RICHMOND,4,Wednesday
1333,ASSAULT,16,SOUTHERN,27,Friday
1334,ASSAULT,16,SOUTHERN,11,Monday
1335,ASSAULT,16,SOUTHERN,11,Saturday
1336,ASSAULT,16,SOUTHERN,16,Sunday
1337,ASSAULT,16,SOUTHERN,18,Thursday
1338,ASSAULT,16,SOUTHERN,24,Tuesday
1339,ASSAULT,16,SOUTHERN,22,Wednesday
1340,ASSAULT,16,TARAVAL,8,Friday
1341,ASSAULT,16,TARAVAL,11,Monday
1342,ASSAULT,16,TARAVAL,6,Saturday
1343,ASSAULT,16,TARAVAL,3,Sunday
1344,ASSAULT,16,TARAVAL,3,Thursday
1345,ASSAULT,16,TARAVAL,4,Tuesday
1346,ASSAULT,16,TARAVAL,11,Wednesday
1347,ASSAULT,16,TENDERLOIN,14,Friday
1348,ASSAULT,16,TENDERLOIN,9,Monday
1349,ASSAULT,16,TENDERLOIN,14,Saturday
1350,ASSAULT,16,TENDERLOIN,9,Sunday
1351,ASSAULT,16,TENDERLOIN,15,Thursday
1352,ASSAULT,16,TENDERLOIN,9,Tuesday
1353,ASSAULT,16,TENDERLOIN,11,Wednesday
1354,ASSAULT,17,BAYVIEW,15,Friday
1355,ASSAULT,17,BAYVIEW,9,Monday
1356,ASSAULT,17,BAYVIEW,19,Saturday
1357,ASSAULT,17,BAYVIEW,25,Sunday
1358,ASSAULT,17,BAYVIEW,12,Thursday
1359,ASSAULT,17,BAYVIEW,19,Tuesday
1360,ASSAULT,17,BAYVIEW,17,Wednesday
1361,ASSAULT,17,CENTRAL,6,Friday
1362,ASSAULT,17,CENTRAL,7,Monday
1363,ASSAULT,17,CENTRAL,11,Saturday
1364,ASSAULT,17,CENTRAL,10,Sunday
1365,ASSAULT,17,CENTRAL,6,Thursday
1366,ASSAULT,17,CENTRAL,4,Tuesday
1367,ASSAULT,17,CENTRAL,16,Wednesday
1368,ASSAULT,17,INGLESIDE,15,Friday
1369,ASSAULT,17,INGLESIDE,12,Monday
1370,ASSAULT,17,INGLESIDE,9,Saturday
1371,ASSAULT,17,INGLESIDE,9,Sunday
1372,ASSAULT,17,INGLESIDE,7,Thursday
1373,ASSAULT,17,INGLESIDE,17,Tuesday
1374,ASSAULT,17,INGLESIDE,11,Wednesday
1375,ASSAULT,17,MISSION,21,Friday
1376,ASSAULT,17,MISSION,19,Monday
1377,ASSAULT,17,MISSION,10,Saturday
1378,ASSAULT,17,MISSION,13,Sunday
1379,ASSAULT,17,MISSION,21,Thursday
1380,ASSAULT,17,MISSION,14,Tuesday
1381,ASSAULT,17,MISSION,14,Wednesday
1382,ASSAULT,17,NORTHERN,14,Friday
1383,ASSAULT,17,NORTHERN,8,Monday
1384,ASSAULT,17,NORTHERN,10,Saturday
1385,ASSAULT,17,NORTHERN,12,Sunday
1386,ASSAULT,17,NORTHERN,7,Thursday
1387,ASSAULT,17,NORTHERN,7,Tuesday
1388,ASSAULT,17,NORTHERN,14,Wednesday
1389,ASSAULT,17,PARK,5,Friday
1390,ASSAULT,17,PARK,1,Monday
1391,ASSAULT,17,PARK,6,Saturday
1392,ASSAULT,17,PARK,6,Sunday
1393,ASSAULT,17,PARK,4,Thursday
1394,ASSAULT,17,PARK,4,Tuesday
1395,ASSAULT,17,PARK,7,Wednesday
1396,ASSAULT,17,RICHMOND,2,Monday
1397,ASSAULT,17,RICHMOND,5,Saturday
1398,ASSAULT,17,RICHMOND,7,Sunday
1399,ASSAULT,17,RICHMOND,5,Thursday
1400,ASSAULT,17,RICHMOND,3,Tuesday
1401,ASSAULT,17,RICHMOND,6,Wednesday
1402,ASSAULT,17,SOUTHERN,35,Friday
1403,ASSAULT,17,SOUTHERN,26,Monday
1404,ASSAULT,17,SOUTHERN,19,Saturday
1405,ASSAULT,17,SOUTHERN,18,Sunday
1406,ASSAULT,17,SOUTHERN,15,Thursday
1407,ASSAULT,17,SOUTHERN,21,Tuesday
1408,ASSAULT,17,SOUTHERN,25,Wednesday
1409,ASSAULT,17,TARAVAL,15,Friday
1410,ASSAULT,17,TARAVAL,4,Monday
1411,ASSAULT,17,TARAVAL,7,Saturday
1412,ASSAULT,17,TARAVAL,7,Sunday
1413,ASSAULT,17,TARAVAL,3,Thursday
1414,ASSAULT,17,TARAVAL,10,Tuesday
1415,ASSAULT,17,TARAVAL,10,Wednesday
1416,ASSAULT,17,TENDERLOIN,12,Friday
1417,ASSAULT,17,TENDERLOIN,11,Monday
1418,ASSAULT,17,TENDERLOIN,6,Saturday
1419,ASSAULT,17,TENDERLOIN,12,Sunday
1420,ASSAULT,17,TENDERLOIN,10,Thursday
1421,ASSAULT,17,TENDERLOIN,10,Tuesday
1422,ASSAULT,17,TENDERLOIN,11,Wednesday
1423,ASSAULT,18,BAYVIEW,12,Friday
1424,ASSAULT,18,BAYVIEW,20,Monday
1425,ASSAULT,18,BAYVIEW,22,Saturday
1426,ASSAULT,18,BAYVIEW,14,Sunday
1427,ASSAULT,18,BAYVIEW,13,Thursday
1428,ASSAULT,18,BAYVIEW,12,Tuesday
1429,ASSAULT,18,BAYVIEW,14,Wednesday
1430,ASSAULT,18,CENTRAL,13,Friday
1431,ASSAULT,18,CENTRAL,8,Monday
1432,ASSAULT,18,CENTRAL,7,Saturday
1433,ASSAULT,18,CENTRAL,7,Sunday
1434,ASSAULT,18,CENTRAL,16,Thursday
1435,ASSAULT,18,CENTRAL,2,Tuesday
1436,ASSAULT,18,CENTRAL,8,Wednesday
1437,ASSAULT,18,INGLESIDE,14,Friday
1438,ASSAULT,18,INGLESIDE,15,Monday
1439,ASSAULT,18,INGLESIDE,9,Saturday
1440,ASSAULT,18,INGLESIDE,9,Sunday
1441,ASSAULT,18,INGLESIDE,12,Thursday
1442,ASSAULT,18,INGLESIDE,13,Tuesday
1443,ASSAULT,18,INGLESIDE,13,Wednesday
1444,ASSAULT,18,MISSION,20,Friday
1445,ASSAULT,18,MISSION,12,Monday
1446,ASSAULT,18,MISSION,15,Saturday
1447,ASSAULT,18,MISSION,15,Sunday
1448,ASSAULT,18,MISSION,8,Thursday
1449,ASSAULT,18,MISSION,17,Tuesday
1450,ASSAULT,18,MISSION,13,Wednesday
1451,ASSAULT,18,NORTHERN,9,Friday
1452,ASSAULT,18,NORTHERN,11,Monday
1453,ASSAULT,18,NORTHERN,12,Saturday
1454,ASSAULT,18,NORTHERN,7,Sunday
1455,ASSAULT,18,NORTHERN,3,Thursday
1456,ASSAULT,18,NORTHERN,9,Tuesday
1457,ASSAULT,18,NORTHERN,11,Wednesday
1458,ASSAULT,18,PARK,6,Friday
1459,ASSAULT,18,PARK,4,Monday
1460,ASSAULT,18,PARK,5,Saturday
1461,ASSAULT,18,PARK,3,Sunday
1462,ASSAULT,18,PARK,1,Thursday
1463,ASSAULT,18,PARK,7,Tuesday
1464,ASSAULT,18,PARK,4,Wednesday
1465,ASSAULT,18,RICHMOND,2,Friday
1466,ASSAULT,18,RICHMOND,1,Monday
1467,ASSAULT,18,RICHMOND,3,Saturday
1468,ASSAULT,18,RICHMOND,6,Sunday
1469,ASSAULT,18,RICHMOND,6,Thursday
1470,ASSAULT,18,RICHMOND,1,Tuesday
1471,ASSAULT,18,RICHMOND,2,Wednesday
1472,ASSAULT,18,SOUTHERN,22,Friday
1473,ASSAULT,18,SOUTHERN,18,Monday
1474,ASSAULT,18,SOUTHERN,16,Saturday
1475,ASSAULT,18,SOUTHERN,12,Sunday
1476,ASSAULT,18,SOUTHERN,20,Thursday
1477,ASSAULT,18,SOUTHERN,14,Tuesday
1478,ASSAULT,18,SOUTHERN,22,Wednesday
1479,ASSAULT,18,TARAVAL,5,Friday
1480,ASSAULT,18,TARAVAL,8,Monday
1481,ASSAULT,18,TARAVAL,14,Saturday
1482,ASSAULT,18,TARAVAL,4,Sunday
1483,ASSAULT,18,TARAVAL,7,Thursday
1484,ASSAULT,18,TARAVAL,4,Tuesday
1485,ASSAULT,18,TARAVAL,9,Wednesday
1486,ASSAULT,18,TENDERLOIN,11,Friday
1487,ASSAULT,18,TENDERLOIN,11,Monday
1488,ASSAULT,18,TENDERLOIN,8,Saturday
1489,ASSAULT,18,TENDERLOIN,7,Sunday
1490,ASSAULT,18,TENDERLOIN,6,Thursday
1491,ASSAULT,18,TENDERLOIN,10,Tuesday
1492,ASSAULT,18,TENDERLOIN,9,Wednesday
1493,ASSAULT,19,BAYVIEW,20,Friday
1494,ASSAULT,19,BAYVIEW,20,Monday
1495,ASSAULT,19,BAYVIEW,10,Saturday
1496,ASSAULT,19,BAYVIEW,13,Sunday
1497,ASSAULT,19,BAYVIEW,8,Thursday
1498,ASSAULT,19,BAYVIEW,16,Tuesday
1499,ASSAULT,19,BAYVIEW,20,Wednesday
1500,ASSAULT,19,CENTRAL,9,Friday
1501,ASSAULT,19,CENTRAL,13,Monday
1502,ASSAULT,19,CENTRAL,7,Saturday
1503,ASSAULT,19,CENTRAL,3,Sunday
1504,ASSAULT,19,CENTRAL,7,Thursday
1505,ASSAULT,19,CENTRAL,7,Tuesday
1506,ASSAULT,19,CENTRAL,7,Wednesday
1507,ASSAULT,19,INGLESIDE,15,Friday
1508,ASSAULT,19,INGLESIDE,16,Monday
1509,ASSAULT,19,INGLESIDE,13,Saturday
1510,ASSAULT,19,INGLESIDE,5,Sunday
1511,ASSAULT,19,INGLESIDE,19,Thursday
1512,ASSAULT,19,INGLESIDE,19,Tuesday
1513,ASSAULT,19,INGLESIDE,8,Wednesday
1514,ASSAULT,19,MISSION,19,Friday
1515,ASSAULT,19,MISSION,10,Monday
1516,ASSAULT,19,MISSION,18,Saturday
1517,ASSAULT,19,MISSION,18,Sunday
1518,ASSAULT,19,MISSION,9,Thursday
1519,ASSAULT,19,MISSION,18,Tuesday
1520,ASSAULT,19,MISSION,21,Wednesday
1521,ASSAULT,19,NORTHERN,5,Friday
1522,ASSAULT,19,NORTHERN,9,Monday
1523,ASSAULT,19,NORTHERN,3,Saturday
1524,ASSAULT,19,NORTHERN,7,Sunday
1525,ASSAULT,19,NORTHERN,5,Thursday
1526,ASSAULT,19,NORTHERN,12,Tuesday
1527,ASSAULT,19,NORTHERN,10,Wednesday
1528,ASSAULT,19,PARK,3,Friday
1529,ASSAULT,19,PARK,4,Monday
1530,ASSAULT,19,PARK,3,Saturday
1531,ASSAULT,19,PARK,3,Sunday
1532,ASSAULT,19,PARK,2,Thursday
1533,ASSAULT,19,PARK,4,Tuesday
1534,ASSAULT,19,PARK,8,Wednesday
1535,ASSAULT,19,RICHMOND,2,Friday
1536,ASSAULT,19,RICHMOND,1,Monday
1537,ASSAULT,19,RICHMOND,10,Sunday
1538,ASSAULT,19,RICHMOND,3,Thursday
1539,ASSAULT,19,RICHMOND,2,Wednesday
1540,ASSAULT,19,SOUTHERN,16,Friday
1541,ASSAULT,19,SOUTHERN,20,Monday
1542,ASSAULT,19,SOUTHERN,13,Saturday
1543,ASSAULT,19,SOUTHERN,24,Sunday
1544,ASSAULT,19,SOUTHERN,11,Thursday
1545,ASSAULT,19,SOUTHERN,19,Tuesday
1546,ASSAULT,19,SOUTHERN,17,Wednesday
1547,ASSAULT,19,TARAVAL,7,Friday
1548,ASSAULT,19,TARAVAL,8,Monday
1549,ASSAULT,19,TARAVAL,7,Saturday
1550,ASSAULT,19,TARAVAL,4,Sunday
1551,ASSAULT,19,TARAVAL,10,Thursday
1552,ASSAULT,19,TARAVAL,7,Tuesday
1553,ASSAULT,19,TARAVAL,14,Wednesday
1554,ASSAULT,19,TENDERLOIN,10,Friday
1555,ASSAULT,19,TENDERLOIN,7,Monday
1556,ASSAULT,19,TENDERLOIN,4,Saturday
1557,ASSAULT,19,TENDERLOIN,11,Sunday
1558,ASSAULT,19,TENDERLOIN,6,Thursday
1559,ASSAULT,19,TENDERLOIN,6,Tuesday
1560,ASSAULT,19,TENDERLOIN,12,Wednesday
1561,ASSAULT,20,BAYVIEW,17,Friday
1562,ASSAULT,20,BAYVIEW,14,Monday
1563,ASSAULT,20,BAYVIEW,12,Saturday
1564,ASSAULT,20,BAYVIEW,17,Sunday
1565,ASSAULT,20,BAYVIEW,13,Thursday
1566,ASSAULT,20,BAYVIEW,26,Tuesday
1567,ASSAULT,20,BAYVIEW,21,Wednesday
1568,ASSAULT,20,CENTRAL,6,Friday
1569,ASSAULT,20,CENTRAL,6,Monday
1570,ASSAULT,20,CENTRAL,7,Saturday
1571,ASSAULT,20,CENTRAL,5,Sunday
1572,ASSAULT,20,CENTRAL,4,Thursday
1573,ASSAULT,20,CENTRAL,13,Tuesday
1574,ASSAULT,20,CENTRAL,16,Wednesday
1575,ASSAULT,20,INGLESIDE,13,Friday
1576,ASSAULT,20,INGLESIDE,13,Monday
1577,ASSAULT,20,INGLESIDE,8,Saturday
1578,ASSAULT,20,INGLESIDE,7,Sunday
1579,ASSAULT,20,INGLESIDE,16,Thursday
1580,ASSAULT,20,INGLESIDE,10,Tuesday
1581,ASSAULT,20,INGLESIDE,13,Wednesday
1582,ASSAULT,20,MISSION,20,Friday
1583,ASSAULT,20,MISSION,18,Monday
1584,ASSAULT,20,MISSION,21,Saturday
1585,ASSAULT,20,MISSION,12,Sunday
1586,ASSAULT,20,MISSION,16,Thursday
1587,ASSAULT,20,MISSION,13,Tuesday
1588,ASSAULT,20,MISSION,20,Wednesday
1589,ASSAULT,20,NORTHERN,12,Friday
1590,ASSAULT,20,NORTHERN,10,Monday
1591,ASSAULT,20,NORTHERN,15,Saturday
1592,ASSAULT,20,NORTHERN,18,Sunday
1593,ASSAULT,20,NORTHERN,12,Thursday
1594,ASSAULT,20,NORTHERN,5,Tuesday
1595,ASSAULT,20,NORTHERN,9,Wednesday
1596,ASSAULT,20,PARK,3,Friday
1597,ASSAULT,20,PARK,4,Monday
1598,ASSAULT,20,PARK,3,Saturday
1599,ASSAULT,20,PARK,4,Sunday
1600,ASSAULT,20,PARK,3,Thursday
1601,ASSAULT,20,PARK,3,Tuesday
1602,ASSAULT,20,PARK,7,Wednesday
1603,ASSAULT,20,RICHMOND,5,Friday
1604,ASSAULT,20,RICHMOND,6,Monday
1605,ASSAULT,20,RICHMOND,6,Saturday
1606,ASSAULT,20,RICHMOND,4,Sunday
1607,ASSAULT,20,RICHMOND,1,Thursday
1608,ASSAULT,20,RICHMOND,1,Tuesday
1609,ASSAULT,20,RICHMOND,1,Wednesday
1610,ASSAULT,20,SOUTHERN,18,Friday
1611,ASSAULT,20,SOUTHERN,22,Monday
1612,ASSAULT,20,SOUTHERN,16,Saturday
1613,ASSAULT,20,SOUTHERN,15,Sunday
1614,ASSAULT,20,SOUTHERN,6,Thursday
1615,ASSAULT,20,SOUTHERN,18,Tuesday
1616,ASSAULT,20,SOUTHERN,9,Wednesday
1617,ASSAULT,20,TARAVAL,10,Friday
1618,ASSAULT,20,TARAVAL,8,Monday
1619,ASSAULT,20,TARAVAL,11,Saturday
1620,ASSAULT,20,TARAVAL,7,Sunday
1621,ASSAULT,20,TARAVAL,8,Thursday
1622,ASSAULT,20,TARAVAL,8,Tuesday
1623,ASSAULT,20,TARAVAL,11,Wednesday
1624,ASSAULT,20,TENDERLOIN,16,Friday
1625,ASSAULT,20,TENDERLOIN,12,Monday
1626,ASSAULT,20,TENDERLOIN,7,Saturday
1627,ASSAULT,20,TENDERLOIN,9,Sunday
1628,ASSAULT,20,TENDERLOIN,8,Thursday
1629,ASSAULT,20,TENDERLOIN,10,Tuesday
1630,ASSAULT,20,TENDERLOIN,4,Wednesday
1631,ASSAULT,21,BAYVIEW,28,Friday
1632,ASSAULT,21,BAYVIEW,27,Monday
1633,ASSAULT,21,BAYVIEW,34,Saturday
1634,ASSAULT,21,BAYVIEW,17,Sunday
1635,ASSAULT,21,BAYVIEW,18,Thursday
1636,ASSAULT,21,BAYVIEW,16,Tuesday
1637,ASSAULT,21,BAYVIEW,10,Wednesday
1638,ASSAULT,21,CENTRAL,10,Friday
1639,ASSAULT,21,CENTRAL,9,Monday
1640,ASSAULT,21,CENTRAL,9,Saturday
1641,ASSAULT,21,CENTRAL,5,Sunday
1642,ASSAULT,21,CENTRAL,12,Thursday
1643,ASSAULT,21,CENTRAL,13,Tuesday
1644,ASSAULT,21,CENTRAL,9,Wednesday
1645,ASSAULT,21,INGLESIDE,12,Friday
1646,ASSAULT,21,INGLESIDE,8,Monday
1647,ASSAULT,21,INGLESIDE,20,Saturday
1648,ASSAULT,21,INGLESIDE,14,Sunday
1649,ASSAULT,21,INGLESIDE,18,Thursday
1650,ASSAULT,21,INGLESIDE,14,Tuesday
1651,ASSAULT,21,INGLESIDE,15,Wednesday
1652,ASSAULT,21,MISSION,13,Friday
1653,ASSAULT,21,MISSION,7,Monday
1654,ASSAULT,21,MISSION,14,Saturday
1655,ASSAULT,21,MISSION,15,Sunday
1656,ASSAULT,21,MISSION,15,Thursday
1657,ASSAULT,21,MISSION,25,Tuesday
1658,ASSAULT,21,MISSION,16,Wednesday
1659,ASSAULT,21,NORTHERN,7,Friday
1660,ASSAULT,21,NORTHERN,6,Monday
1661,ASSAULT,21,NORTHERN,17,Saturday
1662,ASSAULT,21,NORTHERN,5,Sunday
1663,ASSAULT,21,NORTHERN,15,Thursday
1664,ASSAULT,21,NORTHERN,17,Tuesday
1665,ASSAULT,21,NORTHERN,14,Wednesday
1666,ASSAULT,21,PARK,4,Friday
1667,ASSAULT,21,PARK,5,Monday
1668,ASSAULT,21,PARK,4,Saturday
1669,ASSAULT,21,PARK,4,Sunday
1670,ASSAULT,21,PARK,1,Thursday
1671,ASSAULT,21,PARK,7,Tuesday
1672,ASSAULT,21,PARK,3,Wednesday
1673,ASSAULT,21,RICHMOND,6,Friday
1674,ASSAULT,21,RICHMOND,5,Monday
1675,ASSAULT,21,RICHMOND,5,Saturday
1676,ASSAULT,21,RICHMOND,13,Sunday
1677,ASSAULT,21,RICHMOND,1,Thursday
1678,ASSAULT,21,RICHMOND,6,Tuesday
1679,ASSAULT,21,RICHMOND,5,Wednesday
1680,ASSAULT,21,SOUTHERN,21,Friday
1681,ASSAULT,21,SOUTHERN,9,Monday
1682,ASSAULT,21,SOUTHERN,20,Saturday
1683,ASSAULT,21,SOUTHERN,14,Sunday
1684,ASSAULT,21,SOUTHERN,15,Thursday
1685,ASSAULT,21,SOUTHERN,13,Tuesday
1686,ASSAULT,21,SOUTHERN,13,Wednesday
1687,ASSAULT,21,TARAVAL,15,Friday
1688,ASSAULT,21,TARAVAL,4,Monday
1689,ASSAULT,21,TARAVAL,9,Saturday
1690,ASSAULT,21,TARAVAL,12,Sunday
1691,ASSAULT,21,TARAVAL,10,Thursday
1692,ASSAULT,21,TARAVAL,8,Tuesday
1693,ASSAULT,21,TARAVAL,7,Wednesday
1694,ASSAULT,21,TENDERLOIN,9,Friday
1695,ASSAULT,21,TENDERLOIN,2,Monday
1696,ASSAULT,21,TENDERLOIN,15,Saturday
1697,ASSAULT,21,TENDERLOIN,10,Sunday
1698,ASSAULT,21,TENDERLOIN,4,Thursday
1699,ASSAULT,21,TENDERLOIN,7,Tuesday
1700,ASSAULT,21,TENDERLOIN,12,Wednesday
1701,ASSAULT,22,BAYVIEW,13,Friday
1702,ASSAULT,22,BAYVIEW,14,Monday
1703,ASSAULT,22,BAYVIEW,8,Saturday
1704,ASSAULT,22,BAYVIEW,17,Sunday
1705,ASSAULT,22,BAYVIEW,16,Thursday
1706,ASSAULT,22,BAYVIEW,7,Tuesday
1707,ASSAULT,22,BAYVIEW,13,Wednesday
1708,ASSAULT,22,CENTRAL,5,Friday
1709,ASSAULT,22,CENTRAL,7,Monday
1710,ASSAULT,22,CENTRAL,12,Saturday
1711,ASSAULT,22,CENTRAL,10,Sunday
1712,ASSAULT,22,CENTRAL,16,Thursday
1713,ASSAULT,22,CENTRAL,9,Tuesday
1714,ASSAULT,22,CENTRAL,8,Wednesday
1715,ASSAULT,22,INGLESIDE,18,Friday
1716,ASSAULT,22,INGLESIDE,10,Monday
1717,ASSAULT,22,INGLESIDE,13,Saturday
1718,ASSAULT,22,INGLESIDE,13,Sunday
1719,ASSAULT,22,INGLESIDE,8,Thursday
1720,ASSAULT,22,INGLESIDE,12,Tuesday
1721,ASSAULT,22,INGLESIDE,5,Wednesday
1722,ASSAULT,22,MISSION,24,Friday
1723,ASSAULT,22,MISSION,9,Monday
1724,ASSAULT,22,MISSION,18,Saturday
1725,ASSAULT,22,MISSION,24,Sunday
1726,ASSAULT,22,MISSION,18,Thursday
1727,ASSAULT,22,MISSION,16,Tuesday
1728,ASSAULT,22,MISSION,13,Wednesday
1729,ASSAULT,22,NORTHERN,11,Friday
1730,ASSAULT,22,NORTHERN,6,Monday
1731,ASSAULT,22,NORTHERN,14,Saturday
1732,ASSAULT,22,NORTHERN,8,Sunday
1733,ASSAULT,22,NORTHERN,3,Thursday
1734,ASSAULT,22,NORTHERN,10,Tuesday
1735,ASSAULT,22,NORTHERN,13,Wednesday
1736,ASSAULT,22,PARK,5,Friday
1737,ASSAULT,22,PARK,7,Monday
1738,ASSAULT,22,PARK,6,Saturday
1739,ASSAULT,22,PARK,3,Sunday
1740,ASSAULT,22,PARK,9,Thursday
1741,ASSAULT,22,PARK,7,Tuesday
1742,ASSAULT,22,PARK,1,Wednesday
1743,ASSAULT,22,RICHMOND,4,Friday
1744,ASSAULT,22,RICHMOND,2,Monday
1745,ASSAULT,22,RICHMOND,3,Saturday
1746,ASSAULT,22,RICHMOND,4,Sunday
1747,ASSAULT,22,RICHMOND,2,Thursday
1748,ASSAULT,22,RICHMOND,6,Tuesday
1749,ASSAULT,22,RICHMOND,3,Wednesday
1750,ASSAULT,22,SOUTHERN,17,Friday
1751,ASSAULT,22,SOUTHERN,11,Monday
1752,ASSAULT,22,SOUTHERN,16,Saturday
1753,ASSAULT,22,SOUTHERN,10,Sunday
1754,ASSAULT,22,SOUTHERN,14,Thursday
1755,ASSAULT,22,SOUTHERN,10,Tuesday
1756,ASSAULT,22,SOUTHERN,12,Wednesday
1757,ASSAULT,22,TARAVAL,4,Friday
1758,ASSAULT,22,TARAVAL,2,Monday
1759,ASSAULT,22,TARAVAL,8,Saturday
1760,ASSAULT,22,TARAVAL,6,Sunday
1761,ASSAULT,22,TARAVAL,6,Thursday
1762,ASSAULT,22,TARAVAL,7,Tuesday
1763,ASSAULT,22,TARAVAL,5,Wednesday
1764,ASSAULT,22,TENDERLOIN,7,Friday
1765,ASSAULT,22,TENDERLOIN,6,Monday
1766,ASSAULT,22,TENDERLOIN,7,Saturday
1767,ASSAULT,22,TENDERLOIN,5,Sunday
1768,ASSAULT,22,TENDERLOIN,9,Thursday
1769,ASSAULT,22,TENDERLOIN,7,Tuesday
1770,ASSAULT,22,TENDERLOIN,7,Wednesday
1771,ASSAULT,23,BAYVIEW,20,Friday
1772,ASSAULT,23,BAYVIEW,11,Monday
1773,ASSAULT,23,BAYVIEW,13,Saturday
1774,ASSAULT,23,BAYVIEW,7,Sunday
1775,ASSAULT,23,BAYVIEW,21,Thursday
1776,ASSAULT,23,BAYVIEW,12,Tuesday
1777,ASSAULT,23,BAYVIEW,5,Wednesday
1778,ASSAULT,23,CENTRAL,16,Friday
1779,ASSAULT,23,CENTRAL,4,Monday
1780,ASSAULT,23,CENTRAL,15,Saturday
1781,ASSAULT,23,CENTRAL,4,Sunday
1782,ASSAULT,23,CENTRAL,10,Thursday
1783,ASSAULT,23,CENTRAL,5,Tuesday
1784,ASSAULT,23,CENTRAL,6,Wednesday
1785,ASSAULT,23,INGLESIDE,19,Friday
1786,ASSAULT,23,INGLESIDE,12,Monday
1787,ASSAULT,23,INGLESIDE,13,Saturday
1788,ASSAULT,23,INGLESIDE,15,Sunday
1789,ASSAULT,23,INGLESIDE,9,Thursday
1790,ASSAULT,23,INGLESIDE,8,Tuesday
1791,ASSAULT,23,INGLESIDE,12,Wednesday
1792,ASSAULT,23,MISSION,20,Friday
1793,ASSAULT,23,MISSION,20,Monday
1794,ASSAULT,23,MISSION,9,Saturday
1795,ASSAULT,23,MISSION,14,Sunday
1796,ASSAULT,23,MISSION,14,Thursday
1797,ASSAULT,23,MISSION,9,Tuesday
1798,ASSAULT,23,MISSION,9,Wednesday
1799,ASSAULT,23,NORTHERN,15,Friday
1800,ASSAULT,23,NORTHERN,12,Monday
1801,ASSAULT,23,NORTHERN,12,Saturday
1802,ASSAULT,23,NORTHERN,11,Sunday
1803,ASSAULT,23,NORTHERN,11,Thursday
1804,ASSAULT,23,NORTHERN,2,Tuesday
1805,ASSAULT,23,NORTHERN,7,Wednesday
1806,ASSAULT,23,PARK,5,Friday
1807,ASSAULT,23,PARK,5,Monday
1808,ASSAULT,23,PARK,2,Saturday
1809,ASSAULT,23,PARK,3,Thursday
1810,ASSAULT,23,PARK,3,Tuesday
1811,ASSAULT,23,PARK,4,Wednesday
1812,ASSAULT,23,RICHMOND,2,Friday
1813,ASSAULT,23,RICHMOND,2,Monday
1814,ASSAULT,23,RICHMOND,10,Saturday
1815,ASSAULT,23,RICHMOND,3,Sunday
1816,ASSAULT,23,RICHMOND,1,Thursday
1817,ASSAULT,23,RICHMOND,3,Tuesday
1818,ASSAULT,23,RICHMOND,1,Wednesday
1819,ASSAULT,23,SOUTHERN,22,Friday
1820,ASSAULT,23,SOUTHERN,12,Monday
1821,ASSAULT,23,SOUTHERN,25,Saturday
1822,ASSAULT,23,SOUTHERN,10,Sunday
1823,ASSAULT,23,SOUTHERN,4,Thursday
1824,ASSAULT,23,SOUTHERN,12,Tuesday
1825,ASSAULT,23,SOUTHERN,15,Wednesday
1826,ASSAULT,23,TARAVAL,4,Friday
1827,ASSAULT,23,TARAVAL,3,Monday
1828,ASSAULT,23,TARAVAL,12,Saturday
1829,ASSAULT,23,TARAVAL,5,Sunday
1830,ASSAULT,23,TARAVAL,6,Thursday
1831,ASSAULT,23,TARAVAL,9,Tuesday
1832,ASSAULT,23,TARAVAL,2,Wednesday
1833,ASSAULT,23,TENDERLOIN,14,Friday
1834,ASSAULT,23,TENDERLOIN,6,Monday
1835,ASSAULT,23,TENDERLOIN,6,Saturday
1836,ASSAULT,23,TENDERLOIN,7,Sunday
1837,ASSAULT,23,TENDERLOIN,5,Thursday
1838,ASSAULT,23,TENDERLOIN,2,Tuesday
1839,ASSAULT,23,TENDERLOIN,4,Wednesday
1840,BAD CHECKS,00,BAYVIEW,1,Monday
1841,BAD CHECKS,00,BAYVIEW,1,Wednesday
1842,BAD CHECKS,00,NORTHERN,1,Thursday
1843,BAD CHECKS,00,RICHMOND,1,Wednesday
1844,BAD CHECKS,00,TARAVAL,1,Thursday
1845,BAD CHECKS,03,INGLESIDE,1,Sunday
1846,BAD CHECKS,08,INGLESIDE,1,Monday
1847,BAD CHECKS,08,NORTHERN,1,Tuesday
1848,BAD CHECKS,09,NORTHERN,1,Thursday
1849,BAD CHECKS,10,BAYVIEW,1,Thursday
1850,BAD CHECKS,10,CENTRAL,1,Saturday
1851,BAD CHECKS,11,RICHMOND,1,Saturday
1852,BAD CHECKS,11,TARAVAL,1,Wednesday
1853,BAD CHECKS,12,MISSION,1,Saturday
1854,BAD CHECKS,12,MISSION,1,Thursday
1855,BAD CHECKS,12,PARK,1,Tuesday
1856,BAD CHECKS,12,SOUTHERN,1,Friday
1857,BAD CHECKS,12,SOUTHERN,1,Thursday
1858,BAD CHECKS,12,TARAVAL,1,Monday
1859,BAD CHECKS,12,TARAVAL,2,Saturday
1860,BAD CHECKS,13,PARK,1,Saturday
1861,BAD CHECKS,14,CENTRAL,1,Sunday
1862,BAD CHECKS,14,TARAVAL,1,Tuesday
1863,BAD CHECKS,15,BAYVIEW,1,Friday
1864,BAD CHECKS,15,CENTRAL,1,Tuesday
1865,BAD CHECKS,15,RICHMOND,1,Monday
1866,BAD CHECKS,15,RICHMOND,1,Thursday
1867,BAD CHECKS,15,SOUTHERN,1,Tuesday
1868,BAD CHECKS,17,SOUTHERN,2,Tuesday
1869,BAD CHECKS,18,SOUTHERN,1,Friday
1870,BAD CHECKS,21,NORTHERN,1,Saturday
1871,BAD CHECKS,22,RICHMOND,1,Friday
1872,BRIBERY,00,MISSION,1,Monday
1873,BRIBERY,00,PARK,1,Wednesday
1874,BRIBERY,00,SOUTHERN,1,Friday
1875,BRIBERY,01,BAYVIEW,1,Tuesday
1876,BRIBERY,01,BAYVIEW,1,Wednesday
1877,BRIBERY,01,INGLESIDE,1,Sunday
1878,BRIBERY,02,BAYVIEW,1,Monday
1879,BRIBERY,02,BAYVIEW,1,Thursday
1880,BRIBERY,02,MISSION,1,Saturday
1881,BRIBERY,02,SOUTHERN,1,Sunday
1882,BRIBERY,02,TARAVAL,1,Monday
1883,BRIBERY,02,TARAVAL,1,Sunday
1884,BRIBERY,03,BAYVIEW,2,Monday
1885,BRIBERY,06,BAYVIEW,1,Saturday
1886,BRIBERY,06,MISSION,1,Wednesday
1887,BRIBERY,07,MISSION,1,Friday
1888,BRIBERY,07,TENDERLOIN,1,Monday
1889,BRIBERY,08,SOUTHERN,1,Saturday
1890,BRIBERY,10,INGLESIDE,1,Sunday
1891,BRIBERY,10,MISSION,1,Saturday
1892,BRIBERY,10,MISSION,1,Sunday
1893,BRIBERY,11,BAYVIEW,1,Tuesday
1894,BRIBERY,11,SOUTHERN,1,Friday
1895,BRIBERY,12,INGLESIDE,1,Wednesday
1896,BRIBERY,12,RICHMOND,1,Saturday
1897,BRIBERY,12,SOUTHERN,1,Friday
1898,BRIBERY,12,TARAVAL,1,Sunday
1899,BRIBERY,13,INGLESIDE,1,Sunday
1900,BRIBERY,13,MISSION,1,Friday
1901,BRIBERY,13,NORTHERN,1,Sunday
1902,BRIBERY,13,TENDERLOIN,1,Saturday
1903,BRIBERY,14,BAYVIEW,1,Saturday
1904,BRIBERY,14,BAYVIEW,1,Wednesday
1905,BRIBERY,14,MISSION,1,Thursday
1906,BRIBERY,14,SOUTHERN,1,Monday
1907,BRIBERY,15,BAYVIEW,1,Monday
1908,BRIBERY,15,BAYVIEW,1,Thursday
1909,BRIBERY,15,INGLESIDE,1,Tuesday
1910,BRIBERY,16,BAYVIEW,1,Sunday
1911,BRIBERY,16,CENTRAL,1,Saturday
1912,BRIBERY,16,NORTHERN,1,Friday
1913,BRIBERY,16,TENDERLOIN,1,Thursday
1914,BRIBERY,17,BAYVIEW,2,Friday
1915,BRIBERY,17,CENTRAL,1,Monday
1916,BRIBERY,17,TENDERLOIN,1,Friday
1917,BRIBERY,18,BAYVIEW,1,Thursday
1918,BRIBERY,19,CENTRAL,1,Friday
1919,BRIBERY,19,TARAVAL,1,Wednesday
1920,BRIBERY,20,BAYVIEW,1,Wednesday
1921,BRIBERY,20,INGLESIDE,1,Thursday
1922,BRIBERY,20,NORTHERN,1,Wednesday
1923,BRIBERY,20,TENDERLOIN,1,Tuesday
1924,BRIBERY,21,MISSION,1,Saturday
1925,BRIBERY,21,MISSION,1,Wednesday
1926,BRIBERY,21,RICHMOND,1,Tuesday
1927,BRIBERY,21,SOUTHERN,1,Sunday
1928,BRIBERY,22,BAYVIEW,1,Sunday
1929,BRIBERY,22,BAYVIEW,1,Tuesday
1930,BRIBERY,22,BAYVIEW,1,Wednesday
1931,BRIBERY,22,INGLESIDE,1,Tuesday
1932,BRIBERY,22,NORTHERN,1,Friday
1933,BRIBERY,22,SOUTHERN,1,Tuesday
1934,BRIBERY,22,TENDERLOIN,1,Tuesday
1935,BRIBERY,23,INGLESIDE,1,Wednesday
1936,BURGLARY,00,BAYVIEW,2,Friday
1937,BURGLARY,00,BAYVIEW,2,Monday
1938,BURGLARY,00,BAYVIEW,3,Saturday
1939,BURGLARY,00,BAYVIEW,4,Sunday
1940,BURGLARY,00,BAYVIEW,1,Thursday
1941,BURGLARY,00,BAYVIEW,3,Tuesday
1942,BURGLARY,00,BAYVIEW,5,Wednesday
1943,BURGLARY,00,CENTRAL,5,Friday
1944,BURGLARY,00,CENTRAL,6,Monday
1945,BURGLARY,00,CENTRAL,2,Saturday
1946,BURGLARY,00,CENTRAL,2,Thursday
1947,BURGLARY,00,CENTRAL,4,Tuesday
1948,BURGLARY,00,CENTRAL,3,Wednesday
1949,BURGLARY,00,INGLESIDE,3,Friday
1950,BURGLARY,00,INGLESIDE,3,Monday
1951,BURGLARY,00,INGLESIDE,5,Saturday
1952,BURGLARY,00,INGLESIDE,2,Thursday
1953,BURGLARY,00,INGLESIDE,4,Tuesday
1954,BURGLARY,00,INGLESIDE,3,Wednesday
1955,BURGLARY,00,MISSION,2,Friday
1956,BURGLARY,00,MISSION,4,Monday
1957,BURGLARY,00,MISSION,14,Saturday
1958,BURGLARY,00,MISSION,7,Sunday
1959,BURGLARY,00,MISSION,7,Thursday
1960,BURGLARY,00,MISSION,8,Tuesday
1961,BURGLARY,00,MISSION,6,Wednesday
1962,BURGLARY,00,NORTHERN,1,Friday
1963,BURGLARY,00,NORTHERN,3,Monday
1964,BURGLARY,00,NORTHERN,4,Saturday
1965,BURGLARY,00,NORTHERN,9,Sunday
1966,BURGLARY,00,NORTHERN,6,Thursday
1967,BURGLARY,00,NORTHERN,4,Tuesday
1968,BURGLARY,00,NORTHERN,3,Wednesday
1969,BURGLARY,00,PARK,3,Friday
1970,BURGLARY,00,PARK,3,Monday
1971,BURGLARY,00,PARK,2,Saturday
1972,BURGLARY,00,PARK,3,Sunday
1973,BURGLARY,00,PARK,3,Thursday
1974,BURGLARY,00,PARK,3,Tuesday
1975,BURGLARY,00,PARK,1,Wednesday
1976,BURGLARY,00,RICHMOND,2,Friday
1977,BURGLARY,00,RICHMOND,4,Monday
1978,BURGLARY,00,RICHMOND,5,Saturday
1979,BURGLARY,00,RICHMOND,2,Sunday
1980,BURGLARY,00,RICHMOND,1,Thursday
1981,BURGLARY,00,RICHMOND,1,Tuesday
1982,BURGLARY,00,RICHMOND,1,Wednesday
1983,BURGLARY,00,SOUTHERN,4,Friday
1984,BURGLARY,00,SOUTHERN,4,Monday
1985,BURGLARY,00,SOUTHERN,5,Saturday
1986,BURGLARY,00,SOUTHERN,2,Sunday
1987,BURGLARY,00,SOUTHERN,8,Thursday
1988,BURGLARY,00,SOUTHERN,4,Tuesday
1989,BURGLARY,00,SOUTHERN,4,Wednesday
1990,BURGLARY,00,TARAVAL,3,Friday
1991,BURGLARY,00,TARAVAL,6,Monday
1992,BURGLARY,00,TARAVAL,1,Saturday
1993,BURGLARY,00,TARAVAL,3,Sunday
1994,BURGLARY,00,TARAVAL,2,Thursday
1995,BURGLARY,00,TARAVAL,4,Tuesday
1996,BURGLARY,00,TARAVAL,2,Wednesday
1997,BURGLARY,00,TENDERLOIN,3,Friday
1998,BURGLARY,00,TENDERLOIN,1,Monday
1999,BURGLARY,00,TENDERLOIN,1,Saturday
2000,BURGLARY,00,TENDERLOIN,1,Sunday
2001,BURGLARY,00,TENDERLOIN,1,Thursday
2002,BURGLARY,00,TENDERLOIN,1,Tuesday
2003,BURGLARY,01,BAYVIEW,1,Monday
2004,BURGLARY,01,BAYVIEW,3,Saturday
2005,BURGLARY,01,BAYVIEW,2,Sunday
2006,BURGLARY,01,BAYVIEW,1,Thursday
2007,BURGLARY,01,BAYVIEW,3,Tuesday
2008,BURGLARY,01,BAYVIEW,1,Wednesday
2009,BURGLARY,01,CENTRAL,1,Friday
2010,BURGLARY,01,CENTRAL,2,Monday
2011,BURGLARY,01,CENTRAL,3,Saturday
2012,BURGLARY,01,CENTRAL,3,Sunday
2013,BURGLARY,01,CENTRAL,2,Thursday
2014,BURGLARY,01,CENTRAL,4,Tuesday
2015,BURGLARY,01,CENTRAL,2,Wednesday
2016,BURGLARY,01,INGLESIDE,2,Friday
2017,BURGLARY,01,INGLESIDE,1,Saturday
2018,BURGLARY,01,INGLESIDE,3,Sunday
2019,BURGLARY,01,INGLESIDE,2,Tuesday
2020,BURGLARY,01,INGLESIDE,2,Wednesday
2021,BURGLARY,01,MISSION,4,Friday
2022,BURGLARY,01,MISSION,3,Saturday
2023,BURGLARY,01,MISSION,6,Sunday
2024,BURGLARY,01,MISSION,10,Thursday
2025,BURGLARY,01,MISSION,6,Tuesday
2026,BURGLARY,01,MISSION,3,Wednesday
2027,BURGLARY,01,NORTHERN,6,Friday
2028,BURGLARY,01,NORTHERN,4,Saturday
2029,BURGLARY,01,NORTHERN,4,Sunday
2030,BURGLARY,01,NORTHERN,5,Thursday
2031,BURGLARY,01,NORTHERN,4,Tuesday
2032,BURGLARY,01,NORTHERN,2,Wednesday
2033,BURGLARY,01,PARK,3,Monday
2034,BURGLARY,01,PARK,1,Saturday
2035,BURGLARY,01,PARK,3,Tuesday
2036,BURGLARY,01,RICHMOND,1,Friday
2037,BURGLARY,01,RICHMOND,3,Monday
2038,BURGLARY,01,RICHMOND,2,Sunday
2039,BURGLARY,01,RICHMOND,1,Thursday
2040,BURGLARY,01,RICHMOND,2,Tuesday
2041,BURGLARY,01,RICHMOND,2,Wednesday
2042,BURGLARY,01,SOUTHERN,2,Friday
2043,BURGLARY,01,SOUTHERN,6,Monday
2044,BURGLARY,01,SOUTHERN,5,Saturday
2045,BURGLARY,01,SOUTHERN,1,Sunday
2046,BURGLARY,01,SOUTHERN,6,Thursday
2047,BURGLARY,01,SOUTHERN,6,Tuesday
2048,BURGLARY,01,SOUTHERN,4,Wednesday
2049,BURGLARY,01,TARAVAL,5,Friday
2050,BURGLARY,01,TARAVAL,2,Monday
2051,BURGLARY,01,TARAVAL,2,Saturday
2052,BURGLARY,01,TARAVAL,6,Sunday
2053,BURGLARY,01,TARAVAL,2,Thursday
2054,BURGLARY,01,TENDERLOIN,1,Friday
2055,BURGLARY,01,TENDERLOIN,1,Sunday
2056,BURGLARY,01,TENDERLOIN,1,Tuesday
2057,BURGLARY,01,TENDERLOIN,1,Wednesday
2058,BURGLARY,02,BAYVIEW,2,Friday
2059,BURGLARY,02,BAYVIEW,2,Monday
2060,BURGLARY,02,BAYVIEW,5,Saturday
2061,BURGLARY,02,BAYVIEW,2,Sunday
2062,BURGLARY,02,BAYVIEW,2,Thursday
2063,BURGLARY,02,BAYVIEW,4,Tuesday
2064,BURGLARY,02,BAYVIEW,4,Wednesday
2065,BURGLARY,02,CENTRAL,2,Friday
2066,BURGLARY,02,CENTRAL,1,Monday
2067,BURGLARY,02,CENTRAL,4,Saturday
2068,BURGLARY,02,CENTRAL,3,Sunday
2069,BURGLARY,02,CENTRAL,5,Thursday
2070,BURGLARY,02,CENTRAL,7,Tuesday
2071,BURGLARY,02,CENTRAL,3,Wednesday
2072,BURGLARY,02,INGLESIDE,2,Friday
2073,BURGLARY,02,INGLESIDE,2,Monday
2074,BURGLARY,02,INGLESIDE,1,Saturday
2075,BURGLARY,02,INGLESIDE,1,Sunday
2076,BURGLARY,02,INGLESIDE,2,Thursday
2077,BURGLARY,02,INGLESIDE,1,Tuesday
2078,BURGLARY,02,INGLESIDE,2,Wednesday
2079,BURGLARY,02,MISSION,3,Friday
2080,BURGLARY,02,MISSION,3,Monday
2081,BURGLARY,02,MISSION,3,Saturday
2082,BURGLARY,02,MISSION,3,Sunday
2083,BURGLARY,02,MISSION,5,Thursday
2084,BURGLARY,02,MISSION,6,Tuesday
2085,BURGLARY,02,MISSION,7,Wednesday
2086,BURGLARY,02,NORTHERN,3,Friday
2087,BURGLARY,02,NORTHERN,10,Monday
2088,BURGLARY,02,NORTHERN,3,Saturday
2089,BURGLARY,02,NORTHERN,9,Sunday
2090,BURGLARY,02,NORTHERN,3,Thursday
2091,BURGLARY,02,NORTHERN,2,Tuesday
2092,BURGLARY,02,NORTHERN,10,Wednesday
2093,BURGLARY,02,PARK,1,Friday
2094,BURGLARY,02,PARK,2,Monday
2095,BURGLARY,02,PARK,2,Sunday
2096,BURGLARY,02,PARK,4,Tuesday
2097,BURGLARY,02,PARK,1,Wednesday
2098,BURGLARY,02,RICHMOND,1,Friday
2099,BURGLARY,02,RICHMOND,1,Monday
2100,BURGLARY,02,RICHMOND,1,Saturday
2101,BURGLARY,02,RICHMOND,1,Sunday
2102,BURGLARY,02,RICHMOND,1,Thursday
2103,BURGLARY,02,RICHMOND,1,Tuesday
2104,BURGLARY,02,RICHMOND,3,Wednesday
2105,BURGLARY,02,SOUTHERN,2,Friday
2106,BURGLARY,02,SOUTHERN,6,Monday
2107,BURGLARY,02,SOUTHERN,5,Saturday
2108,BURGLARY,02,SOUTHERN,3,Sunday
2109,BURGLARY,02,SOUTHERN,4,Thursday
2110,BURGLARY,02,SOUTHERN,6,Tuesday
2111,BURGLARY,02,SOUTHERN,3,Wednesday
2112,BURGLARY,02,TARAVAL,1,Friday
2113,BURGLARY,02,TARAVAL,4,Monday
2114,BURGLARY,02,TARAVAL,4,Saturday
2115,BURGLARY,02,TARAVAL,3,Sunday
2116,BURGLARY,02,TARAVAL,1,Thursday
2117,BURGLARY,02,TARAVAL,2,Tuesday
2118,BURGLARY,02,TARAVAL,3,Wednesday
2119,BURGLARY,02,TENDERLOIN,1,Monday
2120,BURGLARY,02,TENDERLOIN,1,Saturday
2121,BURGLARY,02,TENDERLOIN,1,Sunday
2122,BURGLARY,02,TENDERLOIN,1,Thursday
2123,BURGLARY,02,TENDERLOIN,4,Tuesday
2124,BURGLARY,02,TENDERLOIN,1,Wednesday
2125,BURGLARY,03,BAYVIEW,5,Friday
2126,BURGLARY,03,BAYVIEW,6,Saturday
2127,BURGLARY,03,BAYVIEW,2,Sunday
2128,BURGLARY,03,BAYVIEW,5,Thursday
2129,BURGLARY,03,BAYVIEW,3,Tuesday
2130,BURGLARY,03,BAYVIEW,3,Wednesday
2131,BURGLARY,03,CENTRAL,3,Friday
2132,BURGLARY,03,CENTRAL,3,Monday
2133,BURGLARY,03,CENTRAL,2,Saturday
2134,BURGLARY,03,CENTRAL,2,Sunday
2135,BURGLARY,03,CENTRAL,8,Thursday
2136,BURGLARY,03,CENTRAL,3,Tuesday
2137,BURGLARY,03,CENTRAL,4,Wednesday
2138,BURGLARY,03,INGLESIDE,1,Friday
2139,BURGLARY,03,INGLESIDE,4,Monday
2140,BURGLARY,03,INGLESIDE,4,Saturday
2141,BURGLARY,03,INGLESIDE,1,Sunday
2142,BURGLARY,03,INGLESIDE,3,Thursday
2143,BURGLARY,03,INGLESIDE,3,Tuesday
2144,BURGLARY,03,INGLESIDE,2,Wednesday
2145,BURGLARY,03,MISSION,3,Friday
2146,BURGLARY,03,MISSION,4,Monday
2147,BURGLARY,03,MISSION,4,Saturday
2148,BURGLARY,03,MISSION,8,Sunday
2149,BURGLARY,03,MISSION,3,Thursday
2150,BURGLARY,03,MISSION,6,Tuesday
2151,BURGLARY,03,MISSION,5,Wednesday
2152,BURGLARY,03,NORTHERN,4,Friday
2153,BURGLARY,03,NORTHERN,4,Monday
2154,BURGLARY,03,NORTHERN,4,Saturday
2155,BURGLARY,03,NORTHERN,5,Sunday
2156,BURGLARY,03,NORTHERN,4,Thursday
2157,BURGLARY,03,NORTHERN,4,Tuesday
2158,BURGLARY,03,NORTHERN,8,Wednesday
2159,BURGLARY,03,PARK,2,Friday
2160,BURGLARY,03,PARK,1,Monday
2161,BURGLARY,03,PARK,1,Saturday
2162,BURGLARY,03,PARK,2,Sunday
2163,BURGLARY,03,PARK,4,Thursday
2164,BURGLARY,03,PARK,2,Wednesday
2165,BURGLARY,03,RICHMOND,2,Friday
2166,BURGLARY,03,RICHMOND,1,Saturday
2167,BURGLARY,03,RICHMOND,1,Sunday
2168,BURGLARY,03,RICHMOND,1,Thursday
2169,BURGLARY,03,RICHMOND,2,Tuesday
2170,BURGLARY,03,RICHMOND,1,Wednesday
2171,BURGLARY,03,SOUTHERN,2,Friday
2172,BURGLARY,03,SOUTHERN,5,Monday
2173,BURGLARY,03,SOUTHERN,7,Saturday
2174,BURGLARY,03,SOUTHERN,7,Sunday
2175,BURGLARY,03,SOUTHERN,6,Thursday
2176,BURGLARY,03,SOUTHERN,8,Tuesday
2177,BURGLARY,03,SOUTHERN,6,Wednesday
2178,BURGLARY,03,TARAVAL,1,Friday
2179,BURGLARY,03,TARAVAL,1,Monday
2180,BURGLARY,03,TARAVAL,2,Saturday
2181,BURGLARY,03,TARAVAL,1,Sunday
2182,BURGLARY,03,TARAVAL,5,Thursday
2183,BURGLARY,03,TARAVAL,3,Tuesday
2184,BURGLARY,03,TARAVAL,2,Wednesday
2185,BURGLARY,03,TENDERLOIN,2,Sunday
2186,BURGLARY,03,TENDERLOIN,2,Thursday
2187,BURGLARY,03,TENDERLOIN,1,Wednesday
2188,BURGLARY,04,BAYVIEW,4,Friday
2189,BURGLARY,04,BAYVIEW,7,Monday
2190,BURGLARY,04,BAYVIEW,2,Saturday
2191,BURGLARY,04,BAYVIEW,1,Sunday
2192,BURGLARY,04,BAYVIEW,5,Thursday
2193,BURGLARY,04,BAYVIEW,2,Wednesday
2194,BURGLARY,04,CENTRAL,4,Friday
2195,BURGLARY,04,CENTRAL,5,Monday
2196,BURGLARY,04,CENTRAL,6,Saturday
2197,BURGLARY,04,CENTRAL,3,Sunday
2198,BURGLARY,04,CENTRAL,4,Thursday
2199,BURGLARY,04,CENTRAL,5,Tuesday
2200,BURGLARY,04,CENTRAL,6,Wednesday
2201,BURGLARY,04,INGLESIDE,3,Friday
2202,BURGLARY,04,INGLESIDE,4,Monday
2203,BURGLARY,04,INGLESIDE,1,Saturday
2204,BURGLARY,04,INGLESIDE,3,Sunday
2205,BURGLARY,04,INGLESIDE,2,Thursday
2206,BURGLARY,04,INGLESIDE,2,Tuesday
2207,BURGLARY,04,INGLESIDE,3,Wednesday
2208,BURGLARY,04,MISSION,5,Friday
2209,BURGLARY,04,MISSION,6,Monday
2210,BURGLARY,04,MISSION,4,Saturday
2211,BURGLARY,04,MISSION,5,Sunday
2212,BURGLARY,04,MISSION,7,Thursday
2213,BURGLARY,04,MISSION,5,Tuesday
2214,BURGLARY,04,MISSION,4,Wednesday
2215,BURGLARY,04,NORTHERN,3,Friday
2216,BURGLARY,04,NORTHERN,3,Monday
2217,BURGLARY,04,NORTHERN,4,Saturday
2218,BURGLARY,04,NORTHERN,11,Sunday
2219,BURGLARY,04,NORTHERN,7,Thursday
2220,BURGLARY,04,NORTHERN,4,Tuesday
2221,BURGLARY,04,NORTHERN,3,Wednesday
2222,BURGLARY,04,PARK,2,Friday
2223,BURGLARY,04,PARK,2,Monday
2224,BURGLARY,04,PARK,1,Saturday
2225,BURGLARY,04,PARK,2,Tuesday
2226,BURGLARY,04,PARK,1,Wednesday
2227,BURGLARY,04,RICHMOND,5,Monday
2228,BURGLARY,04,RICHMOND,1,Saturday
2229,BURGLARY,04,RICHMOND,1,Sunday
2230,BURGLARY,04,RICHMOND,4,Thursday
2231,BURGLARY,04,RICHMOND,1,Tuesday
2232,BURGLARY,04,RICHMOND,1,Wednesday
2233,BURGLARY,04,SOUTHERN,3,Friday
2234,BURGLARY,04,SOUTHERN,7,Monday
2235,BURGLARY,04,SOUTHERN,6,Saturday
2236,BURGLARY,04,SOUTHERN,5,Sunday
2237,BURGLARY,04,SOUTHERN,7,Thursday
2238,BURGLARY,04,SOUTHERN,4,Tuesday
2239,BURGLARY,04,SOUTHERN,2,Wednesday
2240,BURGLARY,04,TARAVAL,6,Friday
2241,BURGLARY,04,TARAVAL,3,Monday
2242,BURGLARY,04,TARAVAL,2,Saturday
2243,BURGLARY,04,TARAVAL,2,Sunday
2244,BURGLARY,04,TARAVAL,5,Thursday
2245,BURGLARY,04,TARAVAL,3,Tuesday
2246,BURGLARY,04,TARAVAL,2,Wednesday
2247,BURGLARY,04,TENDERLOIN,1,Saturday
2248,BURGLARY,05,BAYVIEW,3,Friday
2249,BURGLARY,05,BAYVIEW,8,Saturday
2250,BURGLARY,05,BAYVIEW,4,Sunday
2251,BURGLARY,05,BAYVIEW,5,Thursday
2252,BURGLARY,05,BAYVIEW,2,Tuesday
2253,BURGLARY,05,BAYVIEW,3,Wednesday
2254,BURGLARY,05,CENTRAL,8,Friday
2255,BURGLARY,05,CENTRAL,2,Monday
2256,BURGLARY,05,CENTRAL,1,Saturday
2257,BURGLARY,05,CENTRAL,3,Sunday
2258,BURGLARY,05,CENTRAL,5,Thursday
2259,BURGLARY,05,CENTRAL,2,Tuesday
2260,BURGLARY,05,CENTRAL,3,Wednesday
2261,BURGLARY,05,INGLESIDE,2,Friday
2262,BURGLARY,05,INGLESIDE,1,Monday
2263,BURGLARY,05,INGLESIDE,2,Sunday
2264,BURGLARY,05,INGLESIDE,3,Tuesday
2265,BURGLARY,05,INGLESIDE,2,Wednesday
2266,BURGLARY,05,MISSION,1,Friday
2267,BURGLARY,05,MISSION,9,Monday
2268,BURGLARY,05,MISSION,3,Sunday
2269,BURGLARY,05,MISSION,2,Thursday
2270,BURGLARY,05,MISSION,5,Tuesday
2271,BURGLARY,05,MISSION,3,Wednesday
2272,BURGLARY,05,NORTHERN,4,Friday
2273,BURGLARY,05,NORTHERN,8,Monday
2274,BURGLARY,05,NORTHERN,4,Saturday
2275,BURGLARY,05,NORTHERN,4,Sunday
2276,BURGLARY,05,NORTHERN,6,Thursday
2277,BURGLARY,05,NORTHERN,4,Tuesday
2278,BURGLARY,05,NORTHERN,2,Wednesday
2279,BURGLARY,05,PARK,3,Friday
2280,BURGLARY,05,PARK,2,Monday
2281,BURGLARY,05,PARK,2,Saturday
2282,BURGLARY,05,PARK,1,Sunday
2283,BURGLARY,05,PARK,1,Thursday
2284,BURGLARY,05,PARK,4,Tuesday
2285,BURGLARY,05,PARK,1,Wednesday
2286,BURGLARY,05,RICHMOND,2,Friday
2287,BURGLARY,05,RICHMOND,1,Monday
2288,BURGLARY,05,RICHMOND,1,Saturday
2289,BURGLARY,05,RICHMOND,1,Thursday
2290,BURGLARY,05,RICHMOND,3,Wednesday
2291,BURGLARY,05,SOUTHERN,7,Friday
2292,BURGLARY,05,SOUTHERN,4,Monday
2293,BURGLARY,05,SOUTHERN,4,Saturday
2294,BURGLARY,05,SOUTHERN,12,Sunday
2295,BURGLARY,05,SOUTHERN,1,Thursday
2296,BURGLARY,05,SOUTHERN,6,Tuesday
2297,BURGLARY,05,SOUTHERN,9,Wednesday
2298,BURGLARY,05,TARAVAL,2,Monday
2299,BURGLARY,05,TARAVAL,1,Saturday
2300,BURGLARY,05,TARAVAL,2,Sunday
2301,BURGLARY,05,TARAVAL,3,Thursday
2302,BURGLARY,05,TARAVAL,2,Tuesday
2303,BURGLARY,05,TARAVAL,1,Wednesday
2304,BURGLARY,05,TENDERLOIN,2,Friday
2305,BURGLARY,05,TENDERLOIN,1,Monday
2306,BURGLARY,05,TENDERLOIN,1,Sunday
2307,BURGLARY,05,TENDERLOIN,1,Thursday
2308,BURGLARY,05,TENDERLOIN,1,Tuesday
2309,BURGLARY,06,BAYVIEW,2,Monday
2310,BURGLARY,06,BAYVIEW,3,Sunday
2311,BURGLARY,06,BAYVIEW,2,Thursday
2312,BURGLARY,06,BAYVIEW,1,Tuesday
2313,BURGLARY,06,CENTRAL,2,Monday
2314,BURGLARY,06,CENTRAL,2,Saturday
2315,BURGLARY,06,CENTRAL,5,Sunday
2316,BURGLARY,06,CENTRAL,2,Thursday
2317,BURGLARY,06,CENTRAL,2,Tuesday
2318,BURGLARY,06,CENTRAL,2,Wednesday
2319,BURGLARY,06,INGLESIDE,1,Friday
2320,BURGLARY,06,INGLESIDE,1,Monday
2321,BURGLARY,06,INGLESIDE,1,Sunday
2322,BURGLARY,06,INGLESIDE,2,Thursday
2323,BURGLARY,06,INGLESIDE,2,Tuesday
2324,BURGLARY,06,INGLESIDE,2,Wednesday
2325,BURGLARY,06,MISSION,2,Friday
2326,BURGLARY,06,MISSION,2,Monday
2327,BURGLARY,06,MISSION,4,Saturday
2328,BURGLARY,06,MISSION,4,Sunday
2329,BURGLARY,06,MISSION,3,Tuesday
2330,BURGLARY,06,NORTHERN,5,Friday
2331,BURGLARY,06,NORTHERN,5,Monday
2332,BURGLARY,06,NORTHERN,3,Saturday
2333,BURGLARY,06,NORTHERN,4,Sunday
2334,BURGLARY,06,NORTHERN,8,Thursday
2335,BURGLARY,06,NORTHERN,2,Tuesday
2336,BURGLARY,06,NORTHERN,3,Wednesday
2337,BURGLARY,06,PARK,2,Friday
2338,BURGLARY,06,PARK,2,Monday
2339,BURGLARY,06,PARK,3,Saturday
2340,BURGLARY,06,PARK,2,Sunday
2341,BURGLARY,06,PARK,1,Thursday
2342,BURGLARY,06,RICHMOND,3,Friday
2343,BURGLARY,06,RICHMOND,2,Monday
2344,BURGLARY,06,RICHMOND,3,Thursday
2345,BURGLARY,06,RICHMOND,2,Tuesday
2346,BURGLARY,06,RICHMOND,1,Wednesday
2347,BURGLARY,06,SOUTHERN,3,Friday
2348,BURGLARY,06,SOUTHERN,3,Monday
2349,BURGLARY,06,SOUTHERN,9,Saturday
2350,BURGLARY,06,SOUTHERN,4,Sunday
2351,BURGLARY,06,SOUTHERN,4,Thursday
2352,BURGLARY,06,SOUTHERN,3,Tuesday
2353,BURGLARY,06,SOUTHERN,3,Wednesday
2354,BURGLARY,06,TARAVAL,1,Friday
2355,BURGLARY,06,TARAVAL,1,Monday
2356,BURGLARY,06,TARAVAL,1,Sunday
2357,BURGLARY,06,TARAVAL,2,Thursday
2358,BURGLARY,06,TARAVAL,3,Tuesday
2359,BURGLARY,06,TENDERLOIN,1,Friday
2360,BURGLARY,06,TENDERLOIN,1,Saturday
2361,BURGLARY,06,TENDERLOIN,1,Sunday
2362,BURGLARY,07,BAYVIEW,6,Friday
2363,BURGLARY,07,BAYVIEW,3,Monday
2364,BURGLARY,07,BAYVIEW,2,Saturday
2365,BURGLARY,07,BAYVIEW,1,Sunday
2366,BURGLARY,07,BAYVIEW,2,Thursday
2367,BURGLARY,07,BAYVIEW,2,Tuesday
2368,BURGLARY,07,BAYVIEW,1,Wednesday
2369,BURGLARY,07,CENTRAL,5,Friday
2370,BURGLARY,07,CENTRAL,2,Monday
2371,BURGLARY,07,CENTRAL,2,Saturday
2372,BURGLARY,07,CENTRAL,4,Sunday
2373,BURGLARY,07,CENTRAL,4,Thursday
2374,BURGLARY,07,CENTRAL,2,Tuesday
2375,BURGLARY,07,CENTRAL,4,Wednesday
2376,BURGLARY,07,INGLESIDE,6,Friday
2377,BURGLARY,07,INGLESIDE,5,Monday
2378,BURGLARY,07,INGLESIDE,1,Saturday
2379,BURGLARY,07,INGLESIDE,5,Thursday
2380,BURGLARY,07,INGLESIDE,3,Tuesday
2381,BURGLARY,07,INGLESIDE,1,Wednesday
2382,BURGLARY,07,MISSION,2,Friday
2383,BURGLARY,07,MISSION,1,Monday
2384,BURGLARY,07,MISSION,2,Saturday
2385,BURGLARY,07,MISSION,3,Sunday
2386,BURGLARY,07,MISSION,2,Thursday
2387,BURGLARY,07,MISSION,6,Tuesday
2388,BURGLARY,07,MISSION,2,Wednesday
2389,BURGLARY,07,NORTHERN,6,Friday
2390,BURGLARY,07,NORTHERN,5,Monday
2391,BURGLARY,07,NORTHERN,3,Sunday
2392,BURGLARY,07,NORTHERN,2,Thursday
2393,BURGLARY,07,NORTHERN,7,Wednesday
2394,BURGLARY,07,PARK,3,Monday
2395,BURGLARY,07,PARK,1,Thursday
2396,BURGLARY,07,PARK,1,Wednesday
2397,BURGLARY,07,RICHMOND,1,Monday
2398,BURGLARY,07,RICHMOND,3,Saturday
2399,BURGLARY,07,RICHMOND,1,Sunday
2400,BURGLARY,07,RICHMOND,2,Thursday
2401,BURGLARY,07,RICHMOND,1,Wednesday
2402,BURGLARY,07,SOUTHERN,2,Friday
2403,BURGLARY,07,SOUTHERN,3,Monday
2404,BURGLARY,07,SOUTHERN,4,Sunday
2405,BURGLARY,07,SOUTHERN,3,Thursday
2406,BURGLARY,07,SOUTHERN,3,Tuesday
2407,BURGLARY,07,TARAVAL,2,Friday
2408,BURGLARY,07,TARAVAL,2,Monday
2409,BURGLARY,07,TARAVAL,2,Saturday
2410,BURGLARY,07,TARAVAL,4,Sunday
2411,BURGLARY,07,TARAVAL,4,Thursday
2412,BURGLARY,07,TARAVAL,3,Tuesday
2413,BURGLARY,07,TARAVAL,9,Wednesday
2414,BURGLARY,07,TENDERLOIN,1,Friday
2415,BURGLARY,07,TENDERLOIN,1,Saturday
2416,BURGLARY,07,TENDERLOIN,2,Thursday
2417,BURGLARY,07,TENDERLOIN,2,Wednesday
2418,BURGLARY,08,BAYVIEW,4,Friday
2419,BURGLARY,08,BAYVIEW,5,Monday
2420,BURGLARY,08,BAYVIEW,1,Saturday
2421,BURGLARY,08,BAYVIEW,2,Sunday
2422,BURGLARY,08,BAYVIEW,3,Thursday
2423,BURGLARY,08,BAYVIEW,1,Tuesday
2424,BURGLARY,08,BAYVIEW,4,Wednesday
2425,BURGLARY,08,CENTRAL,3,Friday
2426,BURGLARY,08,CENTRAL,3,Monday
2427,BURGLARY,08,CENTRAL,3,Saturday
2428,BURGLARY,08,CENTRAL,2,Sunday
2429,BURGLARY,08,CENTRAL,2,Thursday
2430,BURGLARY,08,CENTRAL,2,Tuesday
2431,BURGLARY,08,CENTRAL,2,Wednesday
2432,BURGLARY,08,INGLESIDE,1,Friday
2433,BURGLARY,08,INGLESIDE,3,Monday
2434,BURGLARY,08,INGLESIDE,2,Saturday
2435,BURGLARY,08,INGLESIDE,1,Sunday
2436,BURGLARY,08,INGLESIDE,9,Thursday
2437,BURGLARY,08,INGLESIDE,4,Tuesday
2438,BURGLARY,08,INGLESIDE,2,Wednesday
2439,BURGLARY,08,MISSION,8,Friday
2440,BURGLARY,08,MISSION,3,Monday
2441,BURGLARY,08,MISSION,3,Saturday
2442,BURGLARY,08,MISSION,3,Sunday
2443,BURGLARY,08,MISSION,6,Thursday
2444,BURGLARY,08,MISSION,7,Tuesday
2445,BURGLARY,08,MISSION,6,Wednesday
2446,BURGLARY,08,NORTHERN,4,Friday
2447,BURGLARY,08,NORTHERN,4,Monday
2448,BURGLARY,08,NORTHERN,3,Saturday
2449,BURGLARY,08,NORTHERN,3,Sunday
2450,BURGLARY,08,NORTHERN,6,Thursday
2451,BURGLARY,08,NORTHERN,6,Tuesday
2452,BURGLARY,08,NORTHERN,5,Wednesday
2453,BURGLARY,08,PARK,3,Friday
2454,BURGLARY,08,PARK,6,Monday
2455,BURGLARY,08,PARK,2,Thursday
2456,BURGLARY,08,PARK,4,Tuesday
2457,BURGLARY,08,RICHMOND,4,Friday
2458,BURGLARY,08,RICHMOND,2,Monday
2459,BURGLARY,08,RICHMOND,1,Saturday
2460,BURGLARY,08,RICHMOND,1,Thursday
2461,BURGLARY,08,RICHMOND,1,Tuesday
2462,BURGLARY,08,RICHMOND,2,Wednesday
2463,BURGLARY,08,SOUTHERN,3,Friday
2464,BURGLARY,08,SOUTHERN,4,Monday
2465,BURGLARY,08,SOUTHERN,3,Saturday
2466,BURGLARY,08,SOUTHERN,4,Thursday
2467,BURGLARY,08,SOUTHERN,5,Tuesday
2468,BURGLARY,08,SOUTHERN,1,Wednesday
2469,BURGLARY,08,TARAVAL,3,Friday
2470,BURGLARY,08,TARAVAL,7,Monday
2471,BURGLARY,08,TARAVAL,5,Saturday
2472,BURGLARY,08,TARAVAL,7,Thursday
2473,BURGLARY,08,TARAVAL,11,Tuesday
2474,BURGLARY,08,TARAVAL,3,Wednesday
2475,BURGLARY,08,TENDERLOIN,1,Monday
2476,BURGLARY,08,TENDERLOIN,2,Sunday
2477,BURGLARY,08,TENDERLOIN,1,Thursday
2478,BURGLARY,09,BAYVIEW,7,Friday
2479,BURGLARY,09,BAYVIEW,6,Monday
2480,BURGLARY,09,BAYVIEW,2,Saturday
2481,BURGLARY,09,BAYVIEW,1,Thursday
2482,BURGLARY,09,BAYVIEW,5,Tuesday
2483,BURGLARY,09,BAYVIEW,3,Wednesday
2484,BURGLARY,09,CENTRAL,6,Friday
2485,BURGLARY,09,CENTRAL,3,Monday
2486,BURGLARY,09,CENTRAL,3,Sunday
2487,BURGLARY,09,CENTRAL,3,Thursday
2488,BURGLARY,09,CENTRAL,2,Wednesday
2489,BURGLARY,09,INGLESIDE,1,Friday
2490,BURGLARY,09,INGLESIDE,3,Monday
2491,BURGLARY,09,INGLESIDE,4,Sunday
2492,BURGLARY,09,INGLESIDE,3,Thursday
2493,BURGLARY,09,INGLESIDE,1,Tuesday
2494,BURGLARY,09,INGLESIDE,4,Wednesday
2495,BURGLARY,09,MISSION,2,Friday
2496,BURGLARY,09,MISSION,4,Monday
2497,BURGLARY,09,MISSION,2,Saturday
2498,BURGLARY,09,MISSION,5,Sunday
2499,BURGLARY,09,MISSION,4,Thursday
2500,BURGLARY,09,MISSION,5,Tuesday
2501,BURGLARY,09,MISSION,1,Wednesday
2502,BURGLARY,09,NORTHERN,3,Friday
2503,BURGLARY,09,NORTHERN,7,Monday
2504,BURGLARY,09,NORTHERN,4,Saturday
2505,BURGLARY,09,NORTHERN,3,Sunday
2506,BURGLARY,09,NORTHERN,2,Thursday
2507,BURGLARY,09,NORTHERN,3,Tuesday
2508,BURGLARY,09,NORTHERN,2,Wednesday
2509,BURGLARY,09,PARK,3,Friday
2510,BURGLARY,09,PARK,3,Monday
2511,BURGLARY,09,PARK,4,Saturday
2512,BURGLARY,09,PARK,1,Thursday
2513,BURGLARY,09,PARK,6,Tuesday
2514,BURGLARY,09,PARK,7,Wednesday
2515,BURGLARY,09,RICHMOND,1,Friday
2516,BURGLARY,09,RICHMOND,2,Monday
2517,BURGLARY,09,RICHMOND,1,Saturday
2518,BURGLARY,09,RICHMOND,2,Sunday
2519,BURGLARY,09,RICHMOND,1,Thursday
2520,BURGLARY,09,RICHMOND,2,Tuesday
2521,BURGLARY,09,RICHMOND,2,Wednesday
2522,BURGLARY,09,SOUTHERN,4,Friday
2523,BURGLARY,09,SOUTHERN,5,Monday
2524,BURGLARY,09,SOUTHERN,2,Saturday
2525,BURGLARY,09,SOUTHERN,2,Sunday
2526,BURGLARY,09,SOUTHERN,4,Thursday
2527,BURGLARY,09,SOUTHERN,8,Tuesday
2528,BURGLARY,09,SOUTHERN,5,Wednesday
2529,BURGLARY,09,TARAVAL,10,Friday
2530,BURGLARY,09,TARAVAL,7,Monday
2531,BURGLARY,09,TARAVAL,2,Saturday
2532,BURGLARY,09,TARAVAL,2,Sunday
2533,BURGLARY,09,TARAVAL,2,Thursday
2534,BURGLARY,09,TARAVAL,5,Tuesday
2535,BURGLARY,09,TARAVAL,7,Wednesday
2536,BURGLARY,09,TENDERLOIN,1,Friday
2537,BURGLARY,09,TENDERLOIN,1,Monday
2538,BURGLARY,09,TENDERLOIN,1,Sunday
2539,BURGLARY,10,BAYVIEW,3,Friday
2540,BURGLARY,10,BAYVIEW,2,Monday
2541,BURGLARY,10,BAYVIEW,3,Saturday
2542,BURGLARY,10,BAYVIEW,3,Sunday
2543,BURGLARY,10,BAYVIEW,3,Thursday
2544,BURGLARY,10,BAYVIEW,3,Tuesday
2545,BURGLARY,10,BAYVIEW,5,Wednesday
2546,BURGLARY,10,CENTRAL,3,Friday
2547,BURGLARY,10,CENTRAL,6,Saturday
2548,BURGLARY,10,CENTRAL,6,Sunday
2549,BURGLARY,10,CENTRAL,2,Thursday
2550,BURGLARY,10,CENTRAL,1,Wednesday
2551,BURGLARY,10,INGLESIDE,6,Friday
2552,BURGLARY,10,INGLESIDE,5,Monday
2553,BURGLARY,10,INGLESIDE,5,Saturday
2554,BURGLARY,10,INGLESIDE,3,Sunday
2555,BURGLARY,10,INGLESIDE,5,Thursday
2556,BURGLARY,10,INGLESIDE,3,Tuesday
2557,BURGLARY,10,INGLESIDE,5,Wednesday
2558,BURGLARY,10,MISSION,5,Friday
2559,BURGLARY,10,MISSION,4,Monday
2560,BURGLARY,10,MISSION,5,Saturday
2561,BURGLARY,10,MISSION,3,Sunday
2562,BURGLARY,10,MISSION,4,Thursday
2563,BURGLARY,10,MISSION,3,Tuesday
2564,BURGLARY,10,MISSION,1,Wednesday
2565,BURGLARY,10,NORTHERN,4,Friday
2566,BURGLARY,10,NORTHERN,1,Monday
2567,BURGLARY,10,NORTHERN,9,Saturday
2568,BURGLARY,10,NORTHERN,2,Sunday
2569,BURGLARY,10,NORTHERN,4,Thursday
2570,BURGLARY,10,NORTHERN,5,Tuesday
2571,BURGLARY,10,NORTHERN,2,Wednesday
2572,BURGLARY,10,PARK,1,Friday
2573,BURGLARY,10,PARK,2,Monday
2574,BURGLARY,10,PARK,1,Sunday
2575,BURGLARY,10,PARK,1,Thursday
2576,BURGLARY,10,PARK,2,Wednesday
2577,BURGLARY,10,RICHMOND,1,Friday
2578,BURGLARY,10,RICHMOND,2,Monday
2579,BURGLARY,10,RICHMOND,3,Saturday
2580,BURGLARY,10,RICHMOND,3,Sunday
2581,BURGLARY,10,RICHMOND,2,Thursday
2582,BURGLARY,10,RICHMOND,2,Tuesday
2583,BURGLARY,10,RICHMOND,7,Wednesday
2584,BURGLARY,10,SOUTHERN,3,Friday
2585,BURGLARY,10,SOUTHERN,2,Monday
2586,BURGLARY,10,SOUTHERN,5,Saturday
2587,BURGLARY,10,SOUTHERN,5,Sunday
2588,BURGLARY,10,SOUTHERN,6,Thursday
2589,BURGLARY,10,SOUTHERN,2,Tuesday
2590,BURGLARY,10,SOUTHERN,3,Wednesday
2591,BURGLARY,10,TARAVAL,7,Friday
2592,BURGLARY,10,TARAVAL,5,Monday
2593,BURGLARY,10,TARAVAL,1,Saturday
2594,BURGLARY,10,TARAVAL,7,Thursday
2595,BURGLARY,10,TARAVAL,5,Tuesday
2596,BURGLARY,10,TARAVAL,10,Wednesday
2597,BURGLARY,10,TENDERLOIN,3,Friday
2598,BURGLARY,10,TENDERLOIN,1,Monday
2599,BURGLARY,10,TENDERLOIN,2,Saturday
2600,BURGLARY,10,TENDERLOIN,1,Sunday
2601,BURGLARY,10,TENDERLOIN,2,Wednesday
2602,BURGLARY,11,BAYVIEW,4,Friday
2603,BURGLARY,11,BAYVIEW,5,Monday
2604,BURGLARY,11,BAYVIEW,3,Saturday
2605,BURGLARY,11,BAYVIEW,2,Thursday
2606,BURGLARY,11,BAYVIEW,2,Tuesday
2607,BURGLARY,11,BAYVIEW,3,Wednesday
2608,BURGLARY,11,CENTRAL,5,Friday
2609,BURGLARY,11,CENTRAL,1,Monday
2610,BURGLARY,11,CENTRAL,3,Saturday
2611,BURGLARY,11,CENTRAL,5,Sunday
2612,BURGLARY,11,CENTRAL,4,Thursday
2613,BURGLARY,11,CENTRAL,2,Tuesday
2614,BURGLARY,11,INGLESIDE,6,Friday
2615,BURGLARY,11,INGLESIDE,4,Monday
2616,BURGLARY,11,INGLESIDE,3,Saturday
2617,BURGLARY,11,INGLESIDE,2,Sunday
2618,BURGLARY,11,INGLESIDE,4,Thursday
2619,BURGLARY,11,INGLESIDE,7,Tuesday
2620,BURGLARY,11,INGLESIDE,3,Wednesday
2621,BURGLARY,11,MISSION,5,Friday
2622,BURGLARY,11,MISSION,2,Monday
2623,BURGLARY,11,MISSION,3,Saturday
2624,BURGLARY,11,MISSION,2,Sunday
2625,BURGLARY,11,MISSION,4,Thursday
2626,BURGLARY,11,MISSION,2,Tuesday
2627,BURGLARY,11,MISSION,3,Wednesday
2628,BURGLARY,11,NORTHERN,2,Friday
2629,BURGLARY,11,NORTHERN,5,Monday
2630,BURGLARY,11,NORTHERN,4,Saturday
2631,BURGLARY,11,NORTHERN,2,Sunday
2632,BURGLARY,11,NORTHERN,4,Thursday
2633,BURGLARY,11,NORTHERN,1,Tuesday
2634,BURGLARY,11,NORTHERN,4,Wednesday
2635,BURGLARY,11,PARK,2,Friday
2636,BURGLARY,11,PARK,2,Monday
2637,BURGLARY,11,PARK,4,Saturday
2638,BURGLARY,11,PARK,1,Sunday
2639,BURGLARY,11,PARK,2,Thursday
2640,BURGLARY,11,PARK,2,Tuesday
2641,BURGLARY,11,RICHMOND,1,Monday
2642,BURGLARY,11,RICHMOND,4,Saturday
2643,BURGLARY,11,RICHMOND,2,Sunday
2644,BURGLARY,11,RICHMOND,2,Thursday
2645,BURGLARY,11,RICHMOND,1,Tuesday
2646,BURGLARY,11,RICHMOND,1,Wednesday
2647,BURGLARY,11,SOUTHERN,5,Friday
2648,BURGLARY,11,SOUTHERN,1,Monday
2649,BURGLARY,11,SOUTHERN,5,Saturday
2650,BURGLARY,11,SOUTHERN,9,Sunday
2651,BURGLARY,11,SOUTHERN,1,Thursday
2652,BURGLARY,11,SOUTHERN,3,Tuesday
2653,BURGLARY,11,SOUTHERN,2,Wednesday
2654,BURGLARY,11,TARAVAL,5,Friday
2655,BURGLARY,11,TARAVAL,1,Monday
2656,BURGLARY,11,TARAVAL,3,Saturday
2657,BURGLARY,11,TARAVAL,2,Sunday
2658,BURGLARY,11,TARAVAL,5,Thursday
2659,BURGLARY,11,TARAVAL,2,Tuesday
2660,BURGLARY,11,TARAVAL,4,Wednesday
2661,BURGLARY,11,TENDERLOIN,2,Friday
2662,BURGLARY,11,TENDERLOIN,2,Monday
2663,BURGLARY,11,TENDERLOIN,2,Saturday
2664,BURGLARY,12,BAYVIEW,3,Friday
2665,BURGLARY,12,BAYVIEW,4,Monday
2666,BURGLARY,12,BAYVIEW,6,Saturday
2667,BURGLARY,12,BAYVIEW,5,Sunday
2668,BURGLARY,12,BAYVIEW,1,Thursday
2669,BURGLARY,12,BAYVIEW,5,Tuesday
2670,BURGLARY,12,BAYVIEW,1,Wednesday
2671,BURGLARY,12,CENTRAL,3,Friday
2672,BURGLARY,12,CENTRAL,4,Monday
2673,BURGLARY,12,CENTRAL,3,Saturday
2674,BURGLARY,12,CENTRAL,3,Sunday
2675,BURGLARY,12,CENTRAL,4,Thursday
2676,BURGLARY,12,CENTRAL,4,Tuesday
2677,BURGLARY,12,CENTRAL,2,Wednesday
2678,BURGLARY,12,INGLESIDE,8,Friday
2679,BURGLARY,12,INGLESIDE,6,Monday
2680,BURGLARY,12,INGLESIDE,7,Saturday
2681,BURGLARY,12,INGLESIDE,4,Sunday
2682,BURGLARY,12,INGLESIDE,4,Thursday
2683,BURGLARY,12,INGLESIDE,3,Tuesday
2684,BURGLARY,12,INGLESIDE,8,Wednesday
2685,BURGLARY,12,MISSION,2,Friday
2686,BURGLARY,12,MISSION,5,Monday
2687,BURGLARY,12,MISSION,6,Saturday
2688,BURGLARY,12,MISSION,5,Sunday
2689,BURGLARY,12,MISSION,3,Thursday
2690,BURGLARY,12,MISSION,3,Tuesday
2691,BURGLARY,12,MISSION,5,Wednesday
2692,BURGLARY,12,NORTHERN,8,Friday
2693,BURGLARY,12,NORTHERN,3,Monday
2694,BURGLARY,12,NORTHERN,9,Saturday
2695,BURGLARY,12,NORTHERN,5,Sunday
2696,BURGLARY,12,NORTHERN,2,Thursday
2697,BURGLARY,12,NORTHERN,2,Tuesday
2698,BURGLARY,12,NORTHERN,4,Wednesday
2699,BURGLARY,12,PARK,1,Friday
2700,BURGLARY,12,PARK,1,Monday
2701,BURGLARY,12,PARK,5,Saturday
2702,BURGLARY,12,PARK,2,Sunday
2703,BURGLARY,12,PARK,3,Thursday
2704,BURGLARY,12,PARK,3,Tuesday
2705,BURGLARY,12,PARK,4,Wednesday
2706,BURGLARY,12,RICHMOND,2,Friday
2707,BURGLARY,12,RICHMOND,1,Monday
2708,BURGLARY,12,RICHMOND,1,Saturday
2709,BURGLARY,12,RICHMOND,2,Sunday
2710,BURGLARY,12,RICHMOND,3,Thursday
2711,BURGLARY,12,RICHMOND,3,Tuesday
2712,BURGLARY,12,RICHMOND,4,Wednesday
2713,BURGLARY,12,SOUTHERN,4,Friday
2714,BURGLARY,12,SOUTHERN,3,Monday
2715,BURGLARY,12,SOUTHERN,7,Saturday
2716,BURGLARY,12,SOUTHERN,3,Sunday
2717,BURGLARY,12,SOUTHERN,8,Thursday
2718,BURGLARY,12,SOUTHERN,3,Tuesday
2719,BURGLARY,12,SOUTHERN,7,Wednesday
2720,BURGLARY,12,TARAVAL,6,Friday
2721,BURGLARY,12,TARAVAL,4,Monday
2722,BURGLARY,12,TARAVAL,6,Saturday
2723,BURGLARY,12,TARAVAL,1,Sunday
2724,BURGLARY,12,TARAVAL,4,Thursday
2725,BURGLARY,12,TARAVAL,3,Tuesday
2726,BURGLARY,12,TARAVAL,7,Wednesday
2727,BURGLARY,12,TENDERLOIN,2,Friday
2728,BURGLARY,12,TENDERLOIN,1,Saturday
2729,BURGLARY,12,TENDERLOIN,2,Sunday
2730,BURGLARY,12,TENDERLOIN,3,Thursday
2731,BURGLARY,12,TENDERLOIN,1,Tuesday
2732,BURGLARY,12,TENDERLOIN,2,Wednesday
2733,BURGLARY,13,BAYVIEW,5,Friday
2734,BURGLARY,13,BAYVIEW,2,Saturday
2735,BURGLARY,13,BAYVIEW,4,Thursday
2736,BURGLARY,13,BAYVIEW,4,Wednesday
2737,BURGLARY,13,CENTRAL,3,Friday
2738,BURGLARY,13,CENTRAL,6,Monday
2739,BURGLARY,13,CENTRAL,3,Saturday
2740,BURGLARY,13,CENTRAL,6,Sunday
2741,BURGLARY,13,CENTRAL,1,Thursday
2742,BURGLARY,13,CENTRAL,7,Wednesday
2743,BURGLARY,13,INGLESIDE,4,Friday
2744,BURGLARY,13,INGLESIDE,2,Monday
2745,BURGLARY,13,INGLESIDE,2,Saturday
2746,BURGLARY,13,INGLESIDE,2,Sunday
2747,BURGLARY,13,INGLESIDE,6,Thursday
2748,BURGLARY,13,INGLESIDE,5,Tuesday
2749,BURGLARY,13,INGLESIDE,4,Wednesday
2750,BURGLARY,13,MISSION,1,Friday
2751,BURGLARY,13,MISSION,2,Monday
2752,BURGLARY,13,MISSION,3,Saturday
2753,BURGLARY,13,MISSION,3,Sunday
2754,BURGLARY,13,MISSION,4,Thursday
2755,BURGLARY,13,MISSION,2,Tuesday
2756,BURGLARY,13,MISSION,3,Wednesday
2757,BURGLARY,13,NORTHERN,4,Monday
2758,BURGLARY,13,NORTHERN,2,Saturday
2759,BURGLARY,13,NORTHERN,5,Sunday
2760,BURGLARY,13,NORTHERN,6,Thursday
2761,BURGLARY,13,NORTHERN,1,Tuesday
2762,BURGLARY,13,NORTHERN,2,Wednesday
2763,BURGLARY,13,PARK,1,Friday
2764,BURGLARY,13,PARK,3,Saturday
2765,BURGLARY,13,PARK,4,Sunday
2766,BURGLARY,13,PARK,3,Thursday
2767,BURGLARY,13,PARK,1,Wednesday
2768,BURGLARY,13,RICHMOND,1,Monday
2769,BURGLARY,13,RICHMOND,1,Saturday
2770,BURGLARY,13,RICHMOND,1,Sunday
2771,BURGLARY,13,RICHMOND,2,Tuesday
2772,BURGLARY,13,RICHMOND,3,Wednesday
2773,BURGLARY,13,SOUTHERN,2,Friday
2774,BURGLARY,13,SOUTHERN,3,Monday
2775,BURGLARY,13,SOUTHERN,4,Saturday
2776,BURGLARY,13,SOUTHERN,6,Sunday
2777,BURGLARY,13,SOUTHERN,3,Thursday
2778,BURGLARY,13,SOUTHERN,3,Tuesday
2779,BURGLARY,13,SOUTHERN,3,Wednesday
2780,BURGLARY,13,TARAVAL,2,Friday
2781,BURGLARY,13,TARAVAL,2,Monday
2782,BURGLARY,13,TARAVAL,3,Saturday
2783,BURGLARY,13,TARAVAL,1,Sunday
2784,BURGLARY,13,TARAVAL,4,Thursday
2785,BURGLARY,13,TARAVAL,1,Tuesday
2786,BURGLARY,13,TARAVAL,5,Wednesday
2787,BURGLARY,13,TENDERLOIN,1,Saturday
2788,BURGLARY,13,TENDERLOIN,2,Sunday
2789,BURGLARY,13,TENDERLOIN,1,Thursday
2790,BURGLARY,13,TENDERLOIN,2,Wednesday
2791,BURGLARY,14,BAYVIEW,2,Friday
2792,BURGLARY,14,BAYVIEW,3,Monday
2793,BURGLARY,14,BAYVIEW,3,Saturday
2794,BURGLARY,14,BAYVIEW,3,Sunday
2795,BURGLARY,14,BAYVIEW,1,Thursday
2796,BURGLARY,14,BAYVIEW,3,Tuesday
2797,BURGLARY,14,BAYVIEW,3,Wednesday
2798,BURGLARY,14,CENTRAL,3,Friday
2799,BURGLARY,14,CENTRAL,3,Monday
2800,BURGLARY,14,CENTRAL,2,Saturday
2801,BURGLARY,14,CENTRAL,1,Sunday
2802,BURGLARY,14,CENTRAL,3,Thursday
2803,BURGLARY,14,CENTRAL,5,Tuesday
2804,BURGLARY,14,CENTRAL,2,Wednesday
2805,BURGLARY,14,INGLESIDE,2,Monday
2806,BURGLARY,14,INGLESIDE,4,Saturday
2807,BURGLARY,14,INGLESIDE,4,Thursday
2808,BURGLARY,14,INGLESIDE,3,Tuesday
2809,BURGLARY,14,INGLESIDE,4,Wednesday
2810,BURGLARY,14,MISSION,4,Friday
2811,BURGLARY,14,MISSION,5,Monday
2812,BURGLARY,14,MISSION,5,Saturday
2813,BURGLARY,14,MISSION,4,Sunday
2814,BURGLARY,14,MISSION,3,Thursday
2815,BURGLARY,14,MISSION,3,Tuesday
2816,BURGLARY,14,MISSION,1,Wednesday
2817,BURGLARY,14,NORTHERN,8,Friday
2818,BURGLARY,14,NORTHERN,11,Monday
2819,BURGLARY,14,NORTHERN,4,Saturday
2820,BURGLARY,14,NORTHERN,4,Sunday
2821,BURGLARY,14,NORTHERN,3,Thursday
2822,BURGLARY,14,NORTHERN,2,Tuesday
2823,BURGLARY,14,NORTHERN,6,Wednesday
2824,BURGLARY,14,PARK,3,Friday
2825,BURGLARY,14,PARK,1,Monday
2826,BURGLARY,14,PARK,4,Saturday
2827,BURGLARY,14,PARK,1,Thursday
2828,BURGLARY,14,PARK,3,Wednesday
2829,BURGLARY,14,RICHMOND,3,Friday
2830,BURGLARY,14,RICHMOND,2,Monday
2831,BURGLARY,14,RICHMOND,1,Saturday
2832,BURGLARY,14,RICHMOND,2,Sunday
2833,BURGLARY,14,RICHMOND,1,Thursday
2834,BURGLARY,14,RICHMOND,4,Tuesday
2835,BURGLARY,14,RICHMOND,3,Wednesday
2836,BURGLARY,14,SOUTHERN,3,Friday
2837,BURGLARY,14,SOUTHERN,4,Monday
2838,BURGLARY,14,SOUTHERN,5,Saturday
2839,BURGLARY,14,SOUTHERN,3,Sunday
2840,BURGLARY,14,SOUTHERN,3,Thursday
2841,BURGLARY,14,SOUTHERN,4,Tuesday
2842,BURGLARY,14,SOUTHERN,4,Wednesday
2843,BURGLARY,14,TARAVAL,5,Friday
2844,BURGLARY,14,TARAVAL,6,Monday
2845,BURGLARY,14,TARAVAL,2,Saturday
2846,BURGLARY,14,TARAVAL,4,Sunday
2847,BURGLARY,14,TARAVAL,7,Thursday
2848,BURGLARY,14,TARAVAL,3,Tuesday
2849,BURGLARY,14,TARAVAL,2,Wednesday
2850,BURGLARY,14,TENDERLOIN,1,Friday
2851,BURGLARY,14,TENDERLOIN,2,Sunday
2852,BURGLARY,14,TENDERLOIN,3,Thursday
2853,BURGLARY,14,TENDERLOIN,1,Tuesday
2854,BURGLARY,14,TENDERLOIN,3,Wednesday
2855,BURGLARY,15,BAYVIEW,7,Friday
2856,BURGLARY,15,BAYVIEW,5,Monday
2857,BURGLARY,15,BAYVIEW,6,Saturday
2858,BURGLARY,15,BAYVIEW,3,Sunday
2859,BURGLARY,15,BAYVIEW,4,Thursday
2860,BURGLARY,15,BAYVIEW,4,Wednesday
2861,BURGLARY,15,CENTRAL,7,Friday
2862,BURGLARY,15,CENTRAL,3,Monday
2863,BURGLARY,15,CENTRAL,5,Saturday
2864,BURGLARY,15,CENTRAL,8,Sunday
2865,BURGLARY,15,CENTRAL,4,Thursday
2866,BURGLARY,15,CENTRAL,4,Tuesday
2867,BURGLARY,15,CENTRAL,1,Wednesday
2868,BURGLARY,15,INGLESIDE,6,Friday
2869,BURGLARY,15,INGLESIDE,4,Monday
2870,BURGLARY,15,INGLESIDE,5,Saturday
2871,BURGLARY,15,INGLESIDE,2,Sunday
2872,BURGLARY,15,INGLESIDE,1,Thursday
2873,BURGLARY,15,INGLESIDE,1,Tuesday
2874,BURGLARY,15,INGLESIDE,3,Wednesday
2875,BURGLARY,15,MISSION,5,Friday
2876,BURGLARY,15,MISSION,6,Saturday
2877,BURGLARY,15,MISSION,1,Sunday
2878,BURGLARY,15,MISSION,7,Thursday
2879,BURGLARY,15,MISSION,5,Tuesday
2880,BURGLARY,15,MISSION,3,Wednesday
2881,BURGLARY,15,NORTHERN,7,Friday
2882,BURGLARY,15,NORTHERN,8,Monday
2883,BURGLARY,15,NORTHERN,3,Saturday
2884,BURGLARY,15,NORTHERN,4,Sunday
2885,BURGLARY,15,NORTHERN,3,Thursday
2886,BURGLARY,15,NORTHERN,4,Tuesday
2887,BURGLARY,15,NORTHERN,6,Wednesday
2888,BURGLARY,15,PARK,3,Friday
2889,BURGLARY,15,PARK,2,Monday
2890,BURGLARY,15,PARK,2,Saturday
2891,BURGLARY,15,PARK,3,Sunday
2892,BURGLARY,15,PARK,2,Thursday
2893,BURGLARY,15,PARK,3,Tuesday
2894,BURGLARY,15,PARK,3,Wednesday
2895,BURGLARY,15,RICHMOND,4,Friday
2896,BURGLARY,15,RICHMOND,9,Monday
2897,BURGLARY,15,RICHMOND,3,Saturday
2898,BURGLARY,15,RICHMOND,2,Sunday
2899,BURGLARY,15,RICHMOND,2,Thursday
2900,BURGLARY,15,RICHMOND,1,Tuesday
2901,BURGLARY,15,RICHMOND,6,Wednesday
2902,BURGLARY,15,SOUTHERN,4,Friday
2903,BURGLARY,15,SOUTHERN,5,Monday
2904,BURGLARY,15,SOUTHERN,7,Saturday
2905,BURGLARY,15,SOUTHERN,6,Sunday
2906,BURGLARY,15,SOUTHERN,6,Thursday
2907,BURGLARY,15,SOUTHERN,3,Tuesday
2908,BURGLARY,15,SOUTHERN,4,Wednesday
2909,BURGLARY,15,TARAVAL,3,Friday
2910,BURGLARY,15,TARAVAL,4,Monday
2911,BURGLARY,15,TARAVAL,2,Saturday
2912,BURGLARY,15,TARAVAL,2,Sunday
2913,BURGLARY,15,TARAVAL,4,Thursday
2914,BURGLARY,15,TARAVAL,6,Tuesday
2915,BURGLARY,15,TARAVAL,5,Wednesday
2916,BURGLARY,15,TENDERLOIN,2,Friday
2917,BURGLARY,15,TENDERLOIN,1,Monday
2918,BURGLARY,15,TENDERLOIN,2,Sunday
2919,BURGLARY,15,TENDERLOIN,1,Tuesday
2920,BURGLARY,15,TENDERLOIN,1,Wednesday
2921,BURGLARY,16,BAYVIEW,6,Friday
2922,BURGLARY,16,BAYVIEW,3,Monday
2923,BURGLARY,16,BAYVIEW,4,Saturday
2924,BURGLARY,16,BAYVIEW,3,Sunday
2925,BURGLARY,16,BAYVIEW,2,Thursday
2926,BURGLARY,16,BAYVIEW,3,Tuesday
2927,BURGLARY,16,BAYVIEW,5,Wednesday
2928,BURGLARY,16,CENTRAL,9,Friday
2929,BURGLARY,16,CENTRAL,1,Monday
2930,BURGLARY,16,CENTRAL,2,Saturday
2931,BURGLARY,16,CENTRAL,5,Sunday
2932,BURGLARY,16,CENTRAL,3,Thursday
2933,BURGLARY,16,CENTRAL,4,Tuesday
2934,BURGLARY,16,CENTRAL,2,Wednesday
2935,BURGLARY,16,INGLESIDE,1,Friday
2936,BURGLARY,16,INGLESIDE,5,Monday
2937,BURGLARY,16,INGLESIDE,3,Saturday
2938,BURGLARY,16,INGLESIDE,3,Sunday
2939,BURGLARY,16,INGLESIDE,6,Thursday
2940,BURGLARY,16,INGLESIDE,9,Tuesday
2941,BURGLARY,16,INGLESIDE,7,Wednesday
2942,BURGLARY,16,MISSION,8,Friday
2943,BURGLARY,16,MISSION,5,Monday
2944,BURGLARY,16,MISSION,7,Saturday
2945,BURGLARY,16,MISSION,3,Sunday
2946,BURGLARY,16,MISSION,7,Thursday
2947,BURGLARY,16,MISSION,3,Tuesday
2948,BURGLARY,16,MISSION,6,Wednesday
2949,BURGLARY,16,NORTHERN,7,Friday
2950,BURGLARY,16,NORTHERN,8,Monday
2951,BURGLARY,16,NORTHERN,4,Saturday
2952,BURGLARY,16,NORTHERN,6,Sunday
2953,BURGLARY,16,NORTHERN,5,Thursday
2954,BURGLARY,16,NORTHERN,5,Tuesday
2955,BURGLARY,16,NORTHERN,4,Wednesday
2956,BURGLARY,16,PARK,2,Friday
2957,BURGLARY,16,PARK,7,Monday
2958,BURGLARY,16,PARK,3,Saturday
2959,BURGLARY,16,PARK,5,Sunday
2960,BURGLARY,16,PARK,2,Thursday
2961,BURGLARY,16,PARK,1,Tuesday
2962,BURGLARY,16,PARK,4,Wednesday
2963,BURGLARY,16,RICHMOND,2,Friday
2964,BURGLARY,16,RICHMOND,3,Monday
2965,BURGLARY,16,RICHMOND,2,Sunday
2966,BURGLARY,16,RICHMOND,2,Thursday
2967,BURGLARY,16,RICHMOND,7,Tuesday
2968,BURGLARY,16,RICHMOND,5,Wednesday
2969,BURGLARY,16,SOUTHERN,6,Friday
2970,BURGLARY,16,SOUTHERN,7,Monday
2971,BURGLARY,16,SOUTHERN,6,Saturday
2972,BURGLARY,16,SOUTHERN,8,Sunday
2973,BURGLARY,16,SOUTHERN,3,Thursday
2974,BURGLARY,16,SOUTHERN,5,Tuesday
2975,BURGLARY,16,SOUTHERN,4,Wednesday
2976,BURGLARY,16,TARAVAL,8,Friday
2977,BURGLARY,16,TARAVAL,6,Monday
2978,BURGLARY,16,TARAVAL,4,Saturday
2979,BURGLARY,16,TARAVAL,6,Sunday
2980,BURGLARY,16,TARAVAL,11,Thursday
2981,BURGLARY,16,TARAVAL,8,Tuesday
2982,BURGLARY,16,TARAVAL,4,Wednesday
2983,BURGLARY,16,TENDERLOIN,3,Friday
2984,BURGLARY,16,TENDERLOIN,1,Saturday
2985,BURGLARY,16,TENDERLOIN,1,Sunday
2986,BURGLARY,16,TENDERLOIN,2,Thursday
2987,BURGLARY,16,TENDERLOIN,1,Tuesday
2988,BURGLARY,16,TENDERLOIN,1,Wednesday
2989,BURGLARY,17,BAYVIEW,5,Friday
2990,BURGLARY,17,BAYVIEW,5,Monday
2991,BURGLARY,17,BAYVIEW,6,Saturday
2992,BURGLARY,17,BAYVIEW,6,Thursday
2993,BURGLARY,17,BAYVIEW,6,Tuesday
2994,BURGLARY,17,BAYVIEW,2,Wednesday
2995,BURGLARY,17,CENTRAL,14,Friday
2996,BURGLARY,17,CENTRAL,5,Monday
2997,BURGLARY,17,CENTRAL,3,Saturday
2998,BURGLARY,17,CENTRAL,1,Sunday
2999,BURGLARY,17,CENTRAL,8,Thursday
3000,BURGLARY,17,CENTRAL,10,Tuesday
3001,BURGLARY,17,CENTRAL,9,Wednesday
3002,BURGLARY,17,INGLESIDE,5,Friday
3003,BURGLARY,17,INGLESIDE,4,Monday
3004,BURGLARY,17,INGLESIDE,1,Saturday
3005,BURGLARY,17,INGLESIDE,1,Sunday
3006,BURGLARY,17,INGLESIDE,9,Thursday
3007,BURGLARY,17,INGLESIDE,5,Tuesday
3008,BURGLARY,17,INGLESIDE,7,Wednesday
3009,BURGLARY,17,MISSION,9,Friday
3010,BURGLARY,17,MISSION,3,Monday
3011,BURGLARY,17,MISSION,7,Saturday
3012,BURGLARY,17,MISSION,6,Sunday
3013,BURGLARY,17,MISSION,8,Thursday
3014,BURGLARY,17,MISSION,2,Tuesday
3015,BURGLARY,17,MISSION,9,Wednesday
3016,BURGLARY,17,NORTHERN,10,Friday
3017,BURGLARY,17,NORTHERN,8,Monday
3018,BURGLARY,17,NORTHERN,5,Saturday
3019,BURGLARY,17,NORTHERN,5,Sunday
3020,BURGLARY,17,NORTHERN,7,Thursday
3021,BURGLARY,17,NORTHERN,6,Tuesday
3022,BURGLARY,17,NORTHERN,6,Wednesday
3023,BURGLARY,17,PARK,6,Friday
3024,BURGLARY,17,PARK,4,Monday
3025,BURGLARY,17,PARK,1,Saturday
3026,BURGLARY,17,PARK,4,Sunday
3027,BURGLARY,17,PARK,6,Thursday
3028,BURGLARY,17,PARK,7,Tuesday
3029,BURGLARY,17,PARK,4,Wednesday
3030,BURGLARY,17,RICHMOND,5,Friday
3031,BURGLARY,17,RICHMOND,4,Monday
3032,BURGLARY,17,RICHMOND,3,Saturday
3033,BURGLARY,17,RICHMOND,2,Sunday
3034,BURGLARY,17,RICHMOND,1,Thursday
3035,BURGLARY,17,RICHMOND,3,Tuesday
3036,BURGLARY,17,RICHMOND,2,Wednesday
3037,BURGLARY,17,SOUTHERN,21,Friday
3038,BURGLARY,17,SOUTHERN,10,Monday
3039,BURGLARY,17,SOUTHERN,9,Saturday
3040,BURGLARY,17,SOUTHERN,7,Sunday
3041,BURGLARY,17,SOUTHERN,10,Thursday
3042,BURGLARY,17,SOUTHERN,7,Tuesday
3043,BURGLARY,17,SOUTHERN,8,Wednesday
3044,BURGLARY,17,TARAVAL,9,Friday
3045,BURGLARY,17,TARAVAL,4,Monday
3046,BURGLARY,17,TARAVAL,7,Saturday
3047,BURGLARY,17,TARAVAL,6,Sunday
3048,BURGLARY,17,TARAVAL,11,Thursday
3049,BURGLARY,17,TARAVAL,5,Tuesday
3050,BURGLARY,17,TARAVAL,3,Wednesday
3051,BURGLARY,17,TENDERLOIN,1,Friday
3052,BURGLARY,17,TENDERLOIN,1,Monday
3053,BURGLARY,17,TENDERLOIN,1,Saturday
3054,BURGLARY,17,TENDERLOIN,2,Thursday
3055,BURGLARY,17,TENDERLOIN,2,Tuesday
3056,BURGLARY,18,BAYVIEW,13,Friday
3057,BURGLARY,18,BAYVIEW,5,Monday
3058,BURGLARY,18,BAYVIEW,2,Saturday
3059,BURGLARY,18,BAYVIEW,1,Sunday
3060,BURGLARY,18,BAYVIEW,6,Thursday
3061,BURGLARY,18,BAYVIEW,7,Wednesday
3062,BURGLARY,18,CENTRAL,16,Friday
3063,BURGLARY,18,CENTRAL,9,Monday
3064,BURGLARY,18,CENTRAL,6,Saturday
3065,BURGLARY,18,CENTRAL,2,Sunday
3066,BURGLARY,18,CENTRAL,10,Thursday
3067,BURGLARY,18,CENTRAL,11,Tuesday
3068,BURGLARY,18,CENTRAL,14,Wednesday
3069,BURGLARY,18,INGLESIDE,7,Friday
3070,BURGLARY,18,INGLESIDE,7,Monday
3071,BURGLARY,18,INGLESIDE,3,Saturday
3072,BURGLARY,18,INGLESIDE,2,Sunday
3073,BURGLARY,18,INGLESIDE,7,Thursday
3074,BURGLARY,18,INGLESIDE,3,Tuesday
3075,BURGLARY,18,INGLESIDE,4,Wednesday
3076,BURGLARY,18,MISSION,8,Friday
3077,BURGLARY,18,MISSION,15,Monday
3078,BURGLARY,18,MISSION,5,Saturday
3079,BURGLARY,18,MISSION,2,Sunday
3080,BURGLARY,18,MISSION,7,Thursday
3081,BURGLARY,18,MISSION,7,Tuesday
3082,BURGLARY,18,MISSION,6,Wednesday
3083,BURGLARY,18,NORTHERN,14,Friday
3084,BURGLARY,18,NORTHERN,5,Monday
3085,BURGLARY,18,NORTHERN,6,Saturday
3086,BURGLARY,18,NORTHERN,7,Sunday
3087,BURGLARY,18,NORTHERN,6,Thursday
3088,BURGLARY,18,NORTHERN,6,Tuesday
3089,BURGLARY,18,NORTHERN,2,Wednesday
3090,BURGLARY,18,PARK,7,Friday
3091,BURGLARY,18,PARK,6,Monday
3092,BURGLARY,18,PARK,7,Saturday
3093,BURGLARY,18,PARK,7,Sunday
3094,BURGLARY,18,PARK,8,Thursday
3095,BURGLARY,18,PARK,8,Tuesday
3096,BURGLARY,18,PARK,2,Wednesday
3097,BURGLARY,18,RICHMOND,7,Friday
3098,BURGLARY,18,RICHMOND,2,Monday
3099,BURGLARY,18,RICHMOND,2,Saturday
3100,BURGLARY,18,RICHMOND,7,Sunday
3101,BURGLARY,18,RICHMOND,5,Thursday
3102,BURGLARY,18,RICHMOND,3,Tuesday
3103,BURGLARY,18,RICHMOND,4,Wednesday
3104,BURGLARY,18,SOUTHERN,13,Friday
3105,BURGLARY,18,SOUTHERN,7,Monday
3106,BURGLARY,18,SOUTHERN,3,Saturday
3107,BURGLARY,18,SOUTHERN,5,Sunday
3108,BURGLARY,18,SOUTHERN,8,Thursday
3109,BURGLARY,18,SOUTHERN,11,Tuesday
3110,BURGLARY,18,SOUTHERN,7,Wednesday
3111,BURGLARY,18,TARAVAL,9,Friday
3112,BURGLARY,18,TARAVAL,7,Monday
3113,BURGLARY,18,TARAVAL,4,Saturday
3114,BURGLARY,18,TARAVAL,3,Sunday
3115,BURGLARY,18,TARAVAL,8,Thursday
3116,BURGLARY,18,TARAVAL,7,Tuesday
3117,BURGLARY,18,TARAVAL,9,Wednesday
3118,BURGLARY,18,TENDERLOIN,1,Friday
3119,BURGLARY,18,TENDERLOIN,2,Saturday
3120,BURGLARY,18,TENDERLOIN,1,Sunday
3121,BURGLARY,18,TENDERLOIN,1,Thursday
3122,BURGLARY,18,TENDERLOIN,4,Tuesday
3123,BURGLARY,18,TENDERLOIN,1,Wednesday
3124,BURGLARY,19,BAYVIEW,3,Friday
3125,BURGLARY,19,BAYVIEW,5,Saturday
3126,BURGLARY,19,BAYVIEW,4,Sunday
3127,BURGLARY,19,BAYVIEW,5,Thursday
3128,BURGLARY,19,BAYVIEW,1,Tuesday
3129,BURGLARY,19,BAYVIEW,5,Wednesday
3130,BURGLARY,19,CENTRAL,11,Friday
3131,BURGLARY,19,CENTRAL,6,Monday
3132,BURGLARY,19,CENTRAL,2,Saturday
3133,BURGLARY,19,CENTRAL,6,Sunday
3134,BURGLARY,19,CENTRAL,6,Thursday
3135,BURGLARY,19,CENTRAL,3,Tuesday
3136,BURGLARY,19,CENTRAL,4,Wednesday
3137,BURGLARY,19,INGLESIDE,3,Friday
3138,BURGLARY,19,INGLESIDE,8,Monday
3139,BURGLARY,19,INGLESIDE,1,Saturday
3140,BURGLARY,19,INGLESIDE,2,Sunday
3141,BURGLARY,19,INGLESIDE,4,Thursday
3142,BURGLARY,19,INGLESIDE,5,Tuesday
3143,BURGLARY,19,INGLESIDE,6,Wednesday
3144,BURGLARY,19,MISSION,11,Friday
3145,BURGLARY,19,MISSION,6,Monday
3146,BURGLARY,19,MISSION,6,Saturday
3147,BURGLARY,19,MISSION,8,Sunday
3148,BURGLARY,19,MISSION,6,Thursday
3149,BURGLARY,19,MISSION,4,Tuesday
3150,BURGLARY,19,MISSION,4,Wednesday
3151,BURGLARY,19,NORTHERN,6,Friday
3152,BURGLARY,19,NORTHERN,9,Monday
3153,BURGLARY,19,NORTHERN,9,Saturday
3154,BURGLARY,19,NORTHERN,6,Sunday
3155,BURGLARY,19,NORTHERN,7,Thursday
3156,BURGLARY,19,NORTHERN,8,Tuesday
3157,BURGLARY,19,NORTHERN,2,Wednesday
3158,BURGLARY,19,PARK,5,Friday
3159,BURGLARY,19,PARK,6,Monday
3160,BURGLARY,19,PARK,1,Saturday
3161,BURGLARY,19,PARK,2,Sunday
3162,BURGLARY,19,PARK,2,Thursday
3163,BURGLARY,19,PARK,2,Tuesday
3164,BURGLARY,19,PARK,6,Wednesday
3165,BURGLARY,19,RICHMOND,7,Friday
3166,BURGLARY,19,RICHMOND,2,Monday
3167,BURGLARY,19,RICHMOND,4,Saturday
3168,BURGLARY,19,RICHMOND,7,Sunday
3169,BURGLARY,19,RICHMOND,4,Thursday
3170,BURGLARY,19,RICHMOND,1,Tuesday
3171,BURGLARY,19,RICHMOND,4,Wednesday
3172,BURGLARY,19,SOUTHERN,10,Friday
3173,BURGLARY,19,SOUTHERN,7,Monday
3174,BURGLARY,19,SOUTHERN,7,Saturday
3175,BURGLARY,19,SOUTHERN,3,Sunday
3176,BURGLARY,19,SOUTHERN,12,Thursday
3177,BURGLARY,19,SOUTHERN,8,Tuesday
3178,BURGLARY,19,SOUTHERN,7,Wednesday
3179,BURGLARY,19,TARAVAL,5,Friday
3180,BURGLARY,19,TARAVAL,6,Monday
3181,BURGLARY,19,TARAVAL,7,Saturday
3182,BURGLARY,19,TARAVAL,10,Sunday
3183,BURGLARY,19,TARAVAL,9,Thursday
3184,BURGLARY,19,TARAVAL,3,Tuesday
3185,BURGLARY,19,TARAVAL,2,Wednesday
3186,BURGLARY,19,TENDERLOIN,2,Friday
3187,BURGLARY,19,TENDERLOIN,1,Saturday
3188,BURGLARY,19,TENDERLOIN,4,Sunday
3189,BURGLARY,19,TENDERLOIN,3,Thursday
3190,BURGLARY,20,BAYVIEW,3,Friday
3191,BURGLARY,20,BAYVIEW,1,Monday
3192,BURGLARY,20,BAYVIEW,3,Saturday
3193,BURGLARY,20,BAYVIEW,1,Sunday
3194,BURGLARY,20,BAYVIEW,5,Thursday
3195,BURGLARY,20,BAYVIEW,3,Tuesday
3196,BURGLARY,20,BAYVIEW,6,Wednesday
3197,BURGLARY,20,CENTRAL,3,Friday
3198,BURGLARY,20,CENTRAL,3,Monday
3199,BURGLARY,20,CENTRAL,5,Saturday
3200,BURGLARY,20,CENTRAL,3,Sunday
3201,BURGLARY,20,CENTRAL,6,Thursday
3202,BURGLARY,20,CENTRAL,6,Tuesday
3203,BURGLARY,20,CENTRAL,8,Wednesday
3204,BURGLARY,20,INGLESIDE,2,Monday
3205,BURGLARY,20,INGLESIDE,2,Saturday
3206,BURGLARY,20,INGLESIDE,2,Sunday
3207,BURGLARY,20,INGLESIDE,2,Tuesday
3208,BURGLARY,20,INGLESIDE,2,Wednesday
3209,BURGLARY,20,MISSION,4,Friday
3210,BURGLARY,20,MISSION,4,Monday
3211,BURGLARY,20,MISSION,6,Saturday
3212,BURGLARY,20,MISSION,8,Sunday
3213,BURGLARY,20,MISSION,2,Thursday
3214,BURGLARY,20,MISSION,6,Tuesday
3215,BURGLARY,20,MISSION,12,Wednesday
3216,BURGLARY,20,NORTHERN,6,Friday
3217,BURGLARY,20,NORTHERN,6,Monday
3218,BURGLARY,20,NORTHERN,6,Saturday
3219,BURGLARY,20,NORTHERN,4,Sunday
3220,BURGLARY,20,NORTHERN,2,Thursday
3221,BURGLARY,20,NORTHERN,5,Tuesday
3222,BURGLARY,20,NORTHERN,5,Wednesday
3223,BURGLARY,20,PARK,2,Friday
3224,BURGLARY,20,PARK,2,Monday
3225,BURGLARY,20,PARK,2,Saturday
3226,BURGLARY,20,PARK,3,Sunday
3227,BURGLARY,20,PARK,1,Thursday
3228,BURGLARY,20,PARK,4,Tuesday
3229,BURGLARY,20,PARK,2,Wednesday
3230,BURGLARY,20,RICHMOND,4,Friday
3231,BURGLARY,20,RICHMOND,1,Monday
3232,BURGLARY,20,RICHMOND,1,Saturday
3233,BURGLARY,20,RICHMOND,3,Sunday
3234,BURGLARY,20,RICHMOND,4,Thursday
3235,BURGLARY,20,RICHMOND,4,Tuesday
3236,BURGLARY,20,RICHMOND,6,Wednesday
3237,BURGLARY,20,SOUTHERN,5,Friday
3238,BURGLARY,20,SOUTHERN,4,Monday
3239,BURGLARY,20,SOUTHERN,2,Saturday
3240,BURGLARY,20,SOUTHERN,5,Sunday
3241,BURGLARY,20,SOUTHERN,13,Thursday
3242,BURGLARY,20,SOUTHERN,9,Tuesday
3243,BURGLARY,20,SOUTHERN,4,Wednesday
3244,BURGLARY,20,TARAVAL,7,Friday
3245,BURGLARY,20,TARAVAL,6,Monday
3246,BURGLARY,20,TARAVAL,12,Saturday
3247,BURGLARY,20,TARAVAL,4,Sunday
3248,BURGLARY,20,TARAVAL,7,Thursday
3249,BURGLARY,20,TARAVAL,4,Tuesday
3250,BURGLARY,20,TARAVAL,3,Wednesday
3251,BURGLARY,20,TENDERLOIN,3,Friday
3252,BURGLARY,20,TENDERLOIN,1,Monday
3253,BURGLARY,20,TENDERLOIN,1,Sunday
3254,BURGLARY,20,TENDERLOIN,2,Thursday
3255,BURGLARY,20,TENDERLOIN,2,Tuesday
3256,BURGLARY,21,BAYVIEW,4,Friday
3257,BURGLARY,21,BAYVIEW,4,Monday
3258,BURGLARY,21,BAYVIEW,2,Saturday
3259,BURGLARY,21,BAYVIEW,2,Sunday
3260,BURGLARY,21,BAYVIEW,6,Thursday
3261,BURGLARY,21,BAYVIEW,5,Tuesday
3262,BURGLARY,21,BAYVIEW,3,Wednesday
3263,BURGLARY,21,CENTRAL,5,Friday
3264,BURGLARY,21,CENTRAL,2,Monday
3265,BURGLARY,21,CENTRAL,3,Saturday
3266,BURGLARY,21,CENTRAL,2,Sunday
3267,BURGLARY,21,CENTRAL,4,Thursday
3268,BURGLARY,21,CENTRAL,4,Tuesday
3269,BURGLARY,21,CENTRAL,4,Wednesday
3270,BURGLARY,21,INGLESIDE,5,Friday
3271,BURGLARY,21,INGLESIDE,2,Monday
3272,BURGLARY,21,INGLESIDE,5,Saturday
3273,BURGLARY,21,INGLESIDE,4,Sunday
3274,BURGLARY,21,INGLESIDE,3,Thursday
3275,BURGLARY,21,INGLESIDE,8,Tuesday
3276,BURGLARY,21,INGLESIDE,4,Wednesday
3277,BURGLARY,21,MISSION,8,Friday
3278,BURGLARY,21,MISSION,6,Monday
3279,BURGLARY,21,MISSION,5,Saturday
3280,BURGLARY,21,MISSION,5,Sunday
3281,BURGLARY,21,MISSION,9,Thursday
3282,BURGLARY,21,MISSION,5,Tuesday
3283,BURGLARY,21,MISSION,2,Wednesday
3284,BURGLARY,21,NORTHERN,5,Friday
3285,BURGLARY,21,NORTHERN,10,Monday
3286,BURGLARY,21,NORTHERN,6,Saturday
3287,BURGLARY,21,NORTHERN,3,Sunday
3288,BURGLARY,21,NORTHERN,3,Thursday
3289,BURGLARY,21,NORTHERN,7,Tuesday
3290,BURGLARY,21,NORTHERN,4,Wednesday
3291,BURGLARY,21,PARK,7,Friday
3292,BURGLARY,21,PARK,4,Monday
3293,BURGLARY,21,PARK,3,Saturday
3294,BURGLARY,21,PARK,2,Sunday
3295,BURGLARY,21,PARK,6,Thursday
3296,BURGLARY,21,PARK,1,Tuesday
3297,BURGLARY,21,PARK,4,Wednesday
3298,BURGLARY,21,RICHMOND,9,Friday
3299,BURGLARY,21,RICHMOND,5,Monday
3300,BURGLARY,21,RICHMOND,2,Saturday
3301,BURGLARY,21,RICHMOND,8,Sunday
3302,BURGLARY,21,RICHMOND,2,Thursday
3303,BURGLARY,21,RICHMOND,1,Tuesday
3304,BURGLARY,21,RICHMOND,2,Wednesday
3305,BURGLARY,21,SOUTHERN,6,Friday
3306,BURGLARY,21,SOUTHERN,7,Monday
3307,BURGLARY,21,SOUTHERN,6,Saturday
3308,BURGLARY,21,SOUTHERN,4,Sunday
3309,BURGLARY,21,SOUTHERN,3,Thursday
3310,BURGLARY,21,SOUTHERN,5,Tuesday
3311,BURGLARY,21,SOUTHERN,4,Wednesday
3312,BURGLARY,21,TARAVAL,7,Friday
3313,BURGLARY,21,TARAVAL,7,Monday
3314,BURGLARY,21,TARAVAL,4,Saturday
3315,BURGLARY,21,TARAVAL,4,Sunday
3316,BURGLARY,21,TARAVAL,6,Thursday
3317,BURGLARY,21,TARAVAL,5,Tuesday
3318,BURGLARY,21,TARAVAL,4,Wednesday
3319,BURGLARY,21,TENDERLOIN,3,Friday
3320,BURGLARY,21,TENDERLOIN,1,Tuesday
3321,BURGLARY,22,BAYVIEW,3,Friday
3322,BURGLARY,22,BAYVIEW,3,Monday
3323,BURGLARY,22,BAYVIEW,4,Saturday
3324,BURGLARY,22,BAYVIEW,3,Sunday
3325,BURGLARY,22,BAYVIEW,4,Thursday
3326,BURGLARY,22,BAYVIEW,3,Tuesday
3327,BURGLARY,22,BAYVIEW,3,Wednesday
3328,BURGLARY,22,CENTRAL,3,Friday
3329,BURGLARY,22,CENTRAL,5,Monday
3330,BURGLARY,22,CENTRAL,2,Saturday
3331,BURGLARY,22,CENTRAL,3,Sunday
3332,BURGLARY,22,CENTRAL,2,Thursday
3333,BURGLARY,22,CENTRAL,2,Tuesday
3334,BURGLARY,22,CENTRAL,4,Wednesday
3335,BURGLARY,22,INGLESIDE,4,Friday
3336,BURGLARY,22,INGLESIDE,2,Monday
3337,BURGLARY,22,INGLESIDE,3,Saturday
3338,BURGLARY,22,INGLESIDE,4,Sunday
3339,BURGLARY,22,INGLESIDE,7,Thursday
3340,BURGLARY,22,INGLESIDE,2,Tuesday
3341,BURGLARY,22,INGLESIDE,3,Wednesday
3342,BURGLARY,22,MISSION,8,Friday
3343,BURGLARY,22,MISSION,5,Monday
3344,BURGLARY,22,MISSION,5,Saturday
3345,BURGLARY,22,MISSION,7,Sunday
3346,BURGLARY,22,MISSION,8,Thursday
3347,BURGLARY,22,MISSION,10,Tuesday
3348,BURGLARY,22,MISSION,9,Wednesday
3349,BURGLARY,22,NORTHERN,3,Friday
3350,BURGLARY,22,NORTHERN,9,Monday
3351,BURGLARY,22,NORTHERN,3,Saturday
3352,BURGLARY,22,NORTHERN,5,Sunday
3353,BURGLARY,22,NORTHERN,6,Thursday
3354,BURGLARY,22,NORTHERN,6,Tuesday
3355,BURGLARY,22,NORTHERN,3,Wednesday
3356,BURGLARY,22,PARK,1,Friday
3357,BURGLARY,22,PARK,6,Monday
3358,BURGLARY,22,PARK,4,Saturday
3359,BURGLARY,22,PARK,5,Sunday
3360,BURGLARY,22,PARK,3,Thursday
3361,BURGLARY,22,PARK,1,Tuesday
3362,BURGLARY,22,PARK,7,Wednesday
3363,BURGLARY,22,RICHMOND,2,Friday
3364,BURGLARY,22,RICHMOND,2,Monday
3365,BURGLARY,22,RICHMOND,3,Saturday
3366,BURGLARY,22,RICHMOND,5,Sunday
3367,BURGLARY,22,RICHMOND,2,Thursday
3368,BURGLARY,22,RICHMOND,2,Tuesday
3369,BURGLARY,22,RICHMOND,4,Wednesday
3370,BURGLARY,22,SOUTHERN,8,Friday
3371,BURGLARY,22,SOUTHERN,8,Monday
3372,BURGLARY,22,SOUTHERN,5,Saturday
3373,BURGLARY,22,SOUTHERN,5,Sunday
3374,BURGLARY,22,SOUTHERN,5,Thursday
3375,BURGLARY,22,SOUTHERN,2,Tuesday
3376,BURGLARY,22,SOUTHERN,6,Wednesday
3377,BURGLARY,22,TARAVAL,3,Friday
3378,BURGLARY,22,TARAVAL,3,Monday
3379,BURGLARY,22,TARAVAL,5,Saturday
3380,BURGLARY,22,TARAVAL,5,Sunday
3381,BURGLARY,22,TARAVAL,7,Thursday
3382,BURGLARY,22,TARAVAL,6,Tuesday
3383,BURGLARY,22,TARAVAL,7,Wednesday
3384,BURGLARY,22,TENDERLOIN,1,Friday
3385,BURGLARY,22,TENDERLOIN,2,Monday
3386,BURGLARY,22,TENDERLOIN,1,Saturday
3387,BURGLARY,22,TENDERLOIN,3,Sunday
3388,BURGLARY,22,TENDERLOIN,2,Thursday
3389,BURGLARY,22,TENDERLOIN,1,Tuesday
3390,BURGLARY,23,BAYVIEW,3,Friday
3391,BURGLARY,23,BAYVIEW,4,Monday
3392,BURGLARY,23,BAYVIEW,2,Saturday
3393,BURGLARY,23,BAYVIEW,4,Sunday
3394,BURGLARY,23,BAYVIEW,5,Tuesday
3395,BURGLARY,23,CENTRAL,4,Friday
3396,BURGLARY,23,CENTRAL,5,Monday
3397,BURGLARY,23,CENTRAL,4,Saturday
3398,BURGLARY,23,CENTRAL,3,Sunday
3399,BURGLARY,23,CENTRAL,2,Thursday
3400,BURGLARY,23,CENTRAL,6,Tuesday
3401,BURGLARY,23,CENTRAL,4,Wednesday
3402,BURGLARY,23,INGLESIDE,4,Friday
3403,BURGLARY,23,INGLESIDE,3,Monday
3404,BURGLARY,23,INGLESIDE,3,Sunday
3405,BURGLARY,23,INGLESIDE,3,Thursday
3406,BURGLARY,23,INGLESIDE,4,Tuesday
3407,BURGLARY,23,INGLESIDE,3,Wednesday
3408,BURGLARY,23,MISSION,7,Friday
3409,BURGLARY,23,MISSION,2,Monday
3410,BURGLARY,23,MISSION,8,Saturday
3411,BURGLARY,23,MISSION,3,Sunday
3412,BURGLARY,23,MISSION,6,Thursday
3413,BURGLARY,23,MISSION,10,Tuesday
3414,BURGLARY,23,MISSION,6,Wednesday
3415,BURGLARY,23,NORTHERN,6,Friday
3416,BURGLARY,23,NORTHERN,6,Monday
3417,BURGLARY,23,NORTHERN,7,Saturday
3418,BURGLARY,23,NORTHERN,6,Sunday
3419,BURGLARY,23,NORTHERN,4,Thursday
3420,BURGLARY,23,NORTHERN,4,Tuesday
3421,BURGLARY,23,NORTHERN,6,Wednesday
3422,BURGLARY,23,PARK,4,Friday
3423,BURGLARY,23,PARK,1,Saturday
3424,BURGLARY,23,PARK,3,Sunday
3425,BURGLARY,23,PARK,1,Thursday
3426,BURGLARY,23,PARK,2,Tuesday
3427,BURGLARY,23,PARK,3,Wednesday
3428,BURGLARY,23,RICHMOND,2,Friday
3429,BURGLARY,23,RICHMOND,1,Monday
3430,BURGLARY,23,RICHMOND,3,Saturday
3431,BURGLARY,23,RICHMOND,1,Sunday
3432,BURGLARY,23,RICHMOND,5,Thursday
3433,BURGLARY,23,RICHMOND,4,Tuesday
3434,BURGLARY,23,RICHMOND,3,Wednesday
3435,BURGLARY,23,SOUTHERN,7,Friday
3436,BURGLARY,23,SOUTHERN,5,Monday
3437,BURGLARY,23,SOUTHERN,5,Saturday
3438,BURGLARY,23,SOUTHERN,3,Sunday
3439,BURGLARY,23,SOUTHERN,6,Thursday
3440,BURGLARY,23,SOUTHERN,1,Tuesday
3441,BURGLARY,23,SOUTHERN,6,Wednesday
3442,BURGLARY,23,TARAVAL,2,Friday
3443,BURGLARY,23,TARAVAL,5,Monday
3444,BURGLARY,23,TARAVAL,7,Saturday
3445,BURGLARY,23,TARAVAL,4,Sunday
3446,BURGLARY,23,TARAVAL,4,Thursday
3447,BURGLARY,23,TARAVAL,3,Tuesday
3448,BURGLARY,23,TARAVAL,2,Wednesday
3449,BURGLARY,23,TENDERLOIN,1,Friday
3450,BURGLARY,23,TENDERLOIN,1,Monday
3451,BURGLARY,23,TENDERLOIN,1,Saturday
3452,BURGLARY,23,TENDERLOIN,1,Sunday
3453,DISORDERLY CONDUCT,00,BAYVIEW,1,Wednesday
3454,DISORDERLY CONDUCT,00,CENTRAL,2,Sunday
3455,DISORDERLY CONDUCT,00,MISSION,3,Friday
3456,DISORDERLY CONDUCT,00,MISSION,1,Monday
3457,DISORDERLY CONDUCT,00,MISSION,1,Saturday
3458,DISORDERLY CONDUCT,00,MISSION,3,Thursday
3459,DISORDERLY CONDUCT,00,MISSION,1,Tuesday
3460,DISORDERLY CONDUCT,00,MISSION,4,Wednesday
3461,DISORDERLY CONDUCT,00,NORTHERN,1,Friday
3462,DISORDERLY CONDUCT,00,NORTHERN,1,Sunday
3463,DISORDERLY CONDUCT,00,NORTHERN,1,Thursday
3464,DISORDERLY CONDUCT,00,RICHMOND,1,Sunday
3465,DISORDERLY CONDUCT,00,SOUTHERN,1,Sunday
3466,DISORDERLY CONDUCT,00,TENDERLOIN,1,Saturday
3467,DISORDERLY CONDUCT,01,CENTRAL,1,Monday
3468,DISORDERLY CONDUCT,01,CENTRAL,1,Saturday
3469,DISORDERLY CONDUCT,01,MISSION,3,Friday
3470,DISORDERLY CONDUCT,01,MISSION,1,Monday
3471,DISORDERLY CONDUCT,01,MISSION,1,Saturday
3472,DISORDERLY CONDUCT,01,MISSION,1,Sunday
3473,DISORDERLY CONDUCT,01,MISSION,2,Thursday
3474,DISORDERLY CONDUCT,01,MISSION,2,Tuesday
3475,DISORDERLY CONDUCT,01,MISSION,1,Wednesday
3476,DISORDERLY CONDUCT,01,NORTHERN,1,Friday
3477,DISORDERLY CONDUCT,01,RICHMOND,1,Monday
3478,DISORDERLY CONDUCT,01,SOUTHERN,1,Sunday
3479,DISORDERLY CONDUCT,01,TARAVAL,1,Monday
3480,DISORDERLY CONDUCT,01,TENDERLOIN,1,Wednesday
3481,DISORDERLY CONDUCT,02,CENTRAL,1,Sunday
3482,DISORDERLY CONDUCT,02,MISSION,2,Friday
3483,DISORDERLY CONDUCT,02,MISSION,2,Saturday
3484,DISORDERLY CONDUCT,02,MISSION,1,Tuesday
3485,DISORDERLY CONDUCT,02,NORTHERN,1,Friday
3486,DISORDERLY CONDUCT,02,NORTHERN,2,Monday
3487,DISORDERLY CONDUCT,02,NORTHERN,1,Saturday
3488,DISORDERLY CONDUCT,02,RICHMOND,1,Sunday
3489,DISORDERLY CONDUCT,02,SOUTHERN,1,Saturday
3490,DISORDERLY CONDUCT,02,SOUTHERN,1,Tuesday
3491,DISORDERLY CONDUCT,02,TENDERLOIN,1,Monday
3492,DISORDERLY CONDUCT,03,MISSION,1,Friday
3493,DISORDERLY CONDUCT,03,MISSION,1,Monday
3494,DISORDERLY CONDUCT,03,MISSION,1,Saturday
3495,DISORDERLY CONDUCT,03,NORTHERN,1,Monday
3496,DISORDERLY CONDUCT,03,PARK,1,Thursday
3497,DISORDERLY CONDUCT,03,TARAVAL,1,Saturday
3498,DISORDERLY CONDUCT,04,CENTRAL,1,Friday
3499,DISORDERLY CONDUCT,04,CENTRAL,1,Saturday
3500,DISORDERLY CONDUCT,04,MISSION,1,Friday
3501,DISORDERLY CONDUCT,04,MISSION,1,Saturday
3502,DISORDERLY CONDUCT,04,MISSION,1,Sunday
3503,DISORDERLY CONDUCT,04,MISSION,1,Thursday
3504,DISORDERLY CONDUCT,04,MISSION,1,Tuesday
3505,DISORDERLY CONDUCT,04,PARK,1,Wednesday
3506,DISORDERLY CONDUCT,04,SOUTHERN,1,Thursday
3507,DISORDERLY CONDUCT,04,SOUTHERN,2,Tuesday
3508,DISORDERLY CONDUCT,05,BAYVIEW,1,Friday
3509,DISORDERLY CONDUCT,05,BAYVIEW,1,Tuesday
3510,DISORDERLY CONDUCT,05,MISSION,1,Thursday
3511,DISORDERLY CONDUCT,05,MISSION,2,Tuesday
3512,DISORDERLY CONDUCT,05,MISSION,1,Wednesday
3513,DISORDERLY CONDUCT,05,NORTHERN,2,Friday
3514,DISORDERLY CONDUCT,05,PARK,1,Thursday
3515,DISORDERLY CONDUCT,05,RICHMOND,1,Tuesday
3516,DISORDERLY CONDUCT,05,SOUTHERN,1,Friday
3517,DISORDERLY CONDUCT,05,SOUTHERN,2,Saturday
3518,DISORDERLY CONDUCT,05,SOUTHERN,2,Sunday
3519,DISORDERLY CONDUCT,05,SOUTHERN,3,Thursday
3520,DISORDERLY CONDUCT,05,SOUTHERN,1,Tuesday
3521,DISORDERLY CONDUCT,05,SOUTHERN,2,Wednesday
3522,DISORDERLY CONDUCT,05,TENDERLOIN,5,Monday
3523,DISORDERLY CONDUCT,05,TENDERLOIN,1,Saturday
3524,DISORDERLY CONDUCT,05,TENDERLOIN,8,Tuesday
3525,DISORDERLY CONDUCT,05,TENDERLOIN,4,Wednesday
3526,DISORDERLY CONDUCT,06,BAYVIEW,1,Monday
3527,DISORDERLY CONDUCT,06,BAYVIEW,1,Thursday
3528,DISORDERLY CONDUCT,06,BAYVIEW,2,Tuesday
3529,DISORDERLY CONDUCT,06,BAYVIEW,1,Wednesday
3530,DISORDERLY CONDUCT,06,MISSION,3,Friday
3531,DISORDERLY CONDUCT,06,MISSION,4,Monday
3532,DISORDERLY CONDUCT,06,MISSION,1,Thursday
3533,DISORDERLY CONDUCT,06,MISSION,1,Tuesday
3534,DISORDERLY CONDUCT,06,MISSION,3,Wednesday
3535,DISORDERLY CONDUCT,06,NORTHERN,1,Friday
3536,DISORDERLY CONDUCT,06,NORTHERN,3,Monday
3537,DISORDERLY CONDUCT,06,NORTHERN,2,Saturday
3538,DISORDERLY CONDUCT,06,NORTHERN,1,Thursday
3539,DISORDERLY CONDUCT,06,NORTHERN,5,Tuesday
3540,DISORDERLY CONDUCT,06,NORTHERN,3,Wednesday
3541,DISORDERLY CONDUCT,06,PARK,1,Monday
3542,DISORDERLY CONDUCT,06,PARK,1,Thursday
3543,DISORDERLY CONDUCT,06,PARK,1,Tuesday
3544,DISORDERLY CONDUCT,06,PARK,1,Wednesday
3545,DISORDERLY CONDUCT,06,SOUTHERN,1,Friday
3546,DISORDERLY CONDUCT,06,SOUTHERN,5,Monday
3547,DISORDERLY CONDUCT,06,SOUTHERN,2,Saturday
3548,DISORDERLY CONDUCT,06,SOUTHERN,1,Sunday
3549,DISORDERLY CONDUCT,06,SOUTHERN,5,Thursday
3550,DISORDERLY CONDUCT,06,SOUTHERN,5,Wednesday
3551,DISORDERLY CONDUCT,06,TENDERLOIN,7,Monday
3552,DISORDERLY CONDUCT,06,TENDERLOIN,3,Sunday
3553,DISORDERLY CONDUCT,06,TENDERLOIN,1,Thursday
3554,DISORDERLY CONDUCT,06,TENDERLOIN,7,Tuesday
3555,DISORDERLY CONDUCT,06,TENDERLOIN,4,Wednesday
3556,DISORDERLY CONDUCT,07,BAYVIEW,1,Friday
3557,DISORDERLY CONDUCT,07,BAYVIEW,1,Saturday
3558,DISORDERLY CONDUCT,07,BAYVIEW,1,Sunday
3559,DISORDERLY CONDUCT,07,BAYVIEW,2,Thursday
3560,DISORDERLY CONDUCT,07,BAYVIEW,1,Tuesday
3561,DISORDERLY CONDUCT,07,CENTRAL,1,Friday
3562,DISORDERLY CONDUCT,07,CENTRAL,3,Monday
3563,DISORDERLY CONDUCT,07,CENTRAL,1,Wednesday
3564,DISORDERLY CONDUCT,07,INGLESIDE,1,Friday
3565,DISORDERLY CONDUCT,07,INGLESIDE,1,Tuesday
3566,DISORDERLY CONDUCT,07,MISSION,2,Friday
3567,DISORDERLY CONDUCT,07,MISSION,7,Monday
3568,DISORDERLY CONDUCT,07,MISSION,2,Sunday
3569,DISORDERLY CONDUCT,07,MISSION,3,Thursday
3570,DISORDERLY CONDUCT,07,MISSION,4,Tuesday
3571,DISORDERLY CONDUCT,07,MISSION,7,Wednesday
3572,DISORDERLY CONDUCT,07,NORTHERN,4,Friday
3573,DISORDERLY CONDUCT,07,NORTHERN,2,Monday
3574,DISORDERLY CONDUCT,07,NORTHERN,4,Sunday
3575,DISORDERLY CONDUCT,07,NORTHERN,1,Thursday
3576,DISORDERLY CONDUCT,07,NORTHERN,11,Tuesday
3577,DISORDERLY CONDUCT,07,NORTHERN,6,Wednesday
3578,DISORDERLY CONDUCT,07,PARK,1,Thursday
3579,DISORDERLY CONDUCT,07,PARK,2,Tuesday
3580,DISORDERLY CONDUCT,07,PARK,3,Wednesday
3581,DISORDERLY CONDUCT,07,SOUTHERN,3,Friday
3582,DISORDERLY CONDUCT,07,SOUTHERN,9,Saturday
3583,DISORDERLY CONDUCT,07,SOUTHERN,4,Sunday
3584,DISORDERLY CONDUCT,07,SOUTHERN,7,Thursday
3585,DISORDERLY CONDUCT,07,SOUTHERN,4,Tuesday
3586,DISORDERLY CONDUCT,07,SOUTHERN,13,Wednesday
3587,DISORDERLY CONDUCT,07,TARAVAL,1,Monday
3588,DISORDERLY CONDUCT,07,TENDERLOIN,4,Monday
3589,DISORDERLY CONDUCT,07,TENDERLOIN,3,Saturday
3590,DISORDERLY CONDUCT,07,TENDERLOIN,3,Tuesday
3591,DISORDERLY CONDUCT,07,TENDERLOIN,3,Wednesday
3592,DISORDERLY CONDUCT,08,BAYVIEW,1,Sunday
3593,DISORDERLY CONDUCT,08,BAYVIEW,2,Thursday
3594,DISORDERLY CONDUCT,08,BAYVIEW,1,Tuesday
3595,DISORDERLY CONDUCT,08,BAYVIEW,1,Wednesday
3596,DISORDERLY CONDUCT,08,CENTRAL,2,Friday
3597,DISORDERLY CONDUCT,08,CENTRAL,1,Tuesday
3598,DISORDERLY CONDUCT,08,INGLESIDE,1,Saturday
3599,DISORDERLY CONDUCT,08,INGLESIDE,1,Tuesday
3600,DISORDERLY CONDUCT,08,MISSION,1,Monday
3601,DISORDERLY CONDUCT,08,MISSION,2,Saturday
3602,DISORDERLY CONDUCT,08,MISSION,4,Sunday
3603,DISORDERLY CONDUCT,08,MISSION,4,Thursday
3604,DISORDERLY CONDUCT,08,MISSION,1,Tuesday
3605,DISORDERLY CONDUCT,08,MISSION,7,Wednesday
3606,DISORDERLY CONDUCT,08,NORTHERN,4,Saturday
3607,DISORDERLY CONDUCT,08,NORTHERN,1,Sunday
3608,DISORDERLY CONDUCT,08,NORTHERN,4,Thursday
3609,DISORDERLY CONDUCT,08,NORTHERN,4,Tuesday
3610,DISORDERLY CONDUCT,08,NORTHERN,5,Wednesday
3611,DISORDERLY CONDUCT,08,PARK,1,Thursday
3612,DISORDERLY CONDUCT,08,SOUTHERN,3,Friday
3613,DISORDERLY CONDUCT,08,SOUTHERN,2,Monday
3614,DISORDERLY CONDUCT,08,SOUTHERN,4,Saturday
3615,DISORDERLY CONDUCT,08,SOUTHERN,1,Sunday
3616,DISORDERLY CONDUCT,08,SOUTHERN,4,Thursday
3617,DISORDERLY CONDUCT,08,SOUTHERN,4,Tuesday
3618,DISORDERLY CONDUCT,08,SOUTHERN,7,Wednesday
3619,DISORDERLY CONDUCT,08,TENDERLOIN,2,Monday
3620,DISORDERLY CONDUCT,08,TENDERLOIN,1,Sunday
3621,DISORDERLY CONDUCT,09,BAYVIEW,1,Sunday
3622,DISORDERLY CONDUCT,09,BAYVIEW,1,Thursday
3623,DISORDERLY CONDUCT,09,BAYVIEW,3,Wednesday
3624,DISORDERLY CONDUCT,09,CENTRAL,2,Monday
3625,DISORDERLY CONDUCT,09,CENTRAL,1,Thursday
3626,DISORDERLY CONDUCT,09,CENTRAL,1,Wednesday
3627,DISORDERLY CONDUCT,09,MISSION,2,Monday
3628,DISORDERLY CONDUCT,09,MISSION,2,Saturday
3629,DISORDERLY CONDUCT,09,MISSION,1,Sunday
3630,DISORDERLY CONDUCT,09,MISSION,2,Thursday
3631,DISORDERLY CONDUCT,09,MISSION,7,Tuesday
3632,DISORDERLY CONDUCT,09,NORTHERN,4,Friday
3633,DISORDERLY CONDUCT,09,NORTHERN,3,Monday
3634,DISORDERLY CONDUCT,09,NORTHERN,3,Saturday
3635,DISORDERLY CONDUCT,09,NORTHERN,1,Thursday
3636,DISORDERLY CONDUCT,09,NORTHERN,8,Tuesday
3637,DISORDERLY CONDUCT,09,NORTHERN,5,Wednesday
3638,DISORDERLY CONDUCT,09,SOUTHERN,1,Friday
3639,DISORDERLY CONDUCT,09,SOUTHERN,3,Saturday
3640,DISORDERLY CONDUCT,09,SOUTHERN,1,Sunday
3641,DISORDERLY CONDUCT,09,SOUTHERN,1,Tuesday
3642,DISORDERLY CONDUCT,09,TARAVAL,2,Friday
3643,DISORDERLY CONDUCT,09,TARAVAL,3,Wednesday
3644,DISORDERLY CONDUCT,09,TENDERLOIN,1,Saturday
3645,DISORDERLY CONDUCT,10,BAYVIEW,1,Saturday
3646,DISORDERLY CONDUCT,10,BAYVIEW,1,Sunday
3647,DISORDERLY CONDUCT,10,BAYVIEW,1,Thursday
3648,DISORDERLY CONDUCT,10,BAYVIEW,2,Wednesday
3649,DISORDERLY CONDUCT,10,CENTRAL,1,Sunday
3650,DISORDERLY CONDUCT,10,CENTRAL,1,Thursday
3651,DISORDERLY CONDUCT,10,MISSION,1,Friday
3652,DISORDERLY CONDUCT,10,MISSION,1,Monday
3653,DISORDERLY CONDUCT,10,MISSION,1,Saturday
3654,DISORDERLY CONDUCT,10,MISSION,1,Sunday
3655,DISORDERLY CONDUCT,10,MISSION,5,Thursday
3656,DISORDERLY CONDUCT,10,MISSION,1,Tuesday
3657,DISORDERLY CONDUCT,10,NORTHERN,3,Friday
3658,DISORDERLY CONDUCT,10,NORTHERN,1,Monday
3659,DISORDERLY CONDUCT,10,NORTHERN,2,Saturday
3660,DISORDERLY CONDUCT,10,NORTHERN,1,Thursday
3661,DISORDERLY CONDUCT,10,NORTHERN,4,Tuesday
3662,DISORDERLY CONDUCT,10,NORTHERN,1,Wednesday
3663,DISORDERLY CONDUCT,10,SOUTHERN,2,Friday
3664,DISORDERLY CONDUCT,10,SOUTHERN,1,Monday
3665,DISORDERLY CONDUCT,10,SOUTHERN,1,Sunday
3666,DISORDERLY CONDUCT,10,SOUTHERN,1,Thursday
3667,DISORDERLY CONDUCT,10,SOUTHERN,1,Tuesday
3668,DISORDERLY CONDUCT,10,SOUTHERN,2,Wednesday
3669,DISORDERLY CONDUCT,10,TENDERLOIN,1,Thursday
3670,DISORDERLY CONDUCT,10,TENDERLOIN,2,Wednesday
3671,DISORDERLY CONDUCT,11,BAYVIEW,1,Sunday
3672,DISORDERLY CONDUCT,11,MISSION,2,Friday
3673,DISORDERLY CONDUCT,11,MISSION,1,Sunday
3674,DISORDERLY CONDUCT,11,NORTHERN,2,Thursday
3675,DISORDERLY CONDUCT,11,PARK,2,Wednesday
3676,DISORDERLY CONDUCT,11,RICHMOND,1,Friday
3677,DISORDERLY CONDUCT,11,SOUTHERN,1,Monday
3678,DISORDERLY CONDUCT,11,SOUTHERN,1,Saturday
3679,DISORDERLY CONDUCT,11,SOUTHERN,1,Sunday
3680,DISORDERLY CONDUCT,11,TARAVAL,1,Friday
3681,DISORDERLY CONDUCT,11,TARAVAL,1,Saturday
3682,DISORDERLY CONDUCT,11,TARAVAL,1,Tuesday
3683,DISORDERLY CONDUCT,11,TENDERLOIN,1,Friday
3684,DISORDERLY CONDUCT,12,BAYVIEW,1,Monday
3685,DISORDERLY CONDUCT,12,BAYVIEW,1,Thursday
3686,DISORDERLY CONDUCT,12,CENTRAL,1,Wednesday
3687,DISORDERLY CONDUCT,12,MISSION,1,Monday
3688,DISORDERLY CONDUCT,12,MISSION,1,Thursday
3689,DISORDERLY CONDUCT,12,SOUTHERN,1,Tuesday
3690,DISORDERLY CONDUCT,12,SOUTHERN,1,Wednesday
3691,DISORDERLY CONDUCT,12,TARAVAL,1,Tuesday
3692,DISORDERLY CONDUCT,13,BAYVIEW,1,Sunday
3693,DISORDERLY CONDUCT,13,CENTRAL,1,Thursday
3694,DISORDERLY CONDUCT,13,MISSION,1,Monday
3695,DISORDERLY CONDUCT,13,MISSION,1,Sunday
3696,DISORDERLY CONDUCT,13,NORTHERN,1,Monday
3697,DISORDERLY CONDUCT,13,NORTHERN,1,Saturday
3698,DISORDERLY CONDUCT,13,NORTHERN,1,Thursday
3699,DISORDERLY CONDUCT,13,SOUTHERN,1,Thursday
3700,DISORDERLY CONDUCT,13,TARAVAL,1,Tuesday
3701,DISORDERLY CONDUCT,13,TENDERLOIN,1,Friday
3702,DISORDERLY CONDUCT,14,BAYVIEW,1,Sunday
3703,DISORDERLY CONDUCT,14,CENTRAL,1,Tuesday
3704,DISORDERLY CONDUCT,14,MISSION,1,Friday
3705,DISORDERLY CONDUCT,14,MISSION,1,Sunday
3706,DISORDERLY CONDUCT,14,MISSION,2,Thursday
3707,DISORDERLY CONDUCT,14,MISSION,2,Wednesday
3708,DISORDERLY CONDUCT,14,SOUTHERN,2,Friday
3709,DISORDERLY CONDUCT,14,SOUTHERN,1,Tuesday
3710,DISORDERLY CONDUCT,14,TARAVAL,1,Saturday
3711,DISORDERLY CONDUCT,14,TENDERLOIN,1,Friday
3712,DISORDERLY CONDUCT,14,TENDERLOIN,2,Tuesday
3713,DISORDERLY CONDUCT,14,TENDERLOIN,2,Wednesday
3714,DISORDERLY CONDUCT,15,BAYVIEW,1,Saturday
3715,DISORDERLY CONDUCT,15,BAYVIEW,1,Thursday
3716,DISORDERLY CONDUCT,15,BAYVIEW,1,Tuesday
3717,DISORDERLY CONDUCT,15,CENTRAL,1,Wednesday
3718,DISORDERLY CONDUCT,15,INGLESIDE,1,Tuesday
3719,DISORDERLY CONDUCT,15,MISSION,1,Monday
3720,DISORDERLY CONDUCT,15,MISSION,1,Saturday
3721,DISORDERLY CONDUCT,15,MISSION,1,Thursday
3722,DISORDERLY CONDUCT,15,NORTHERN,1,Tuesday
3723,DISORDERLY CONDUCT,15,PARK,1,Friday
3724,DISORDERLY CONDUCT,15,PARK,1,Tuesday
3725,DISORDERLY CONDUCT,15,SOUTHERN,1,Tuesday
3726,DISORDERLY CONDUCT,15,TARAVAL,1,Sunday
3727,DISORDERLY CONDUCT,15,TENDERLOIN,1,Monday
3728,DISORDERLY CONDUCT,15,TENDERLOIN,1,Sunday
3729,DISORDERLY CONDUCT,16,BAYVIEW,1,Friday
3730,DISORDERLY CONDUCT,16,BAYVIEW,1,Tuesday
3731,DISORDERLY CONDUCT,16,INGLESIDE,1,Monday
3732,DISORDERLY CONDUCT,16,INGLESIDE,1,Saturday
3733,DISORDERLY CONDUCT,16,INGLESIDE,2,Tuesday
3734,DISORDERLY CONDUCT,16,MISSION,1,Saturday
3735,DISORDERLY CONDUCT,16,MISSION,1,Sunday
3736,DISORDERLY CONDUCT,16,NORTHERN,2,Thursday
3737,DISORDERLY CONDUCT,16,RICHMOND,1,Monday
3738,DISORDERLY CONDUCT,16,SOUTHERN,1,Saturday
3739,DISORDERLY CONDUCT,16,SOUTHERN,3,Wednesday
3740,DISORDERLY CONDUCT,16,TARAVAL,1,Wednesday
3741,DISORDERLY CONDUCT,16,TENDERLOIN,1,Saturday
3742,DISORDERLY CONDUCT,17,INGLESIDE,1,Tuesday
3743,DISORDERLY CONDUCT,17,MISSION,1,Tuesday
3744,DISORDERLY CONDUCT,17,MISSION,1,Wednesday
3745,DISORDERLY CONDUCT,17,NORTHERN,1,Saturday
3746,DISORDERLY CONDUCT,17,SOUTHERN,1,Tuesday
3747,DISORDERLY CONDUCT,18,BAYVIEW,1,Sunday
3748,DISORDERLY CONDUCT,18,BAYVIEW,1,Thursday
3749,DISORDERLY CONDUCT,18,BAYVIEW,1,Wednesday
3750,DISORDERLY CONDUCT,18,MISSION,1,Friday
3751,DISORDERLY CONDUCT,18,MISSION,1,Sunday
3752,DISORDERLY CONDUCT,18,MISSION,1,Thursday
3753,DISORDERLY CONDUCT,18,MISSION,1,Wednesday
3754,DISORDERLY CONDUCT,18,SOUTHERN,1,Monday
3755,DISORDERLY CONDUCT,18,SOUTHERN,1,Saturday
3756,DISORDERLY CONDUCT,18,SOUTHERN,1,Sunday
3757,DISORDERLY CONDUCT,19,BAYVIEW,2,Saturday
3758,DISORDERLY CONDUCT,19,MISSION,1,Friday
3759,DISORDERLY CONDUCT,19,MISSION,1,Sunday
3760,DISORDERLY CONDUCT,19,NORTHERN,1,Monday
3761,DISORDERLY CONDUCT,19,NORTHERN,1,Saturday
3762,DISORDERLY CONDUCT,19,SOUTHERN,1,Thursday
3763,DISORDERLY CONDUCT,19,TENDERLOIN,1,Sunday
3764,DISORDERLY CONDUCT,19,TENDERLOIN,1,Thursday
3765,DISORDERLY CONDUCT,19,TENDERLOIN,1,Wednesday
3766,DISORDERLY CONDUCT,20,BAYVIEW,1,Sunday
3767,DISORDERLY CONDUCT,20,CENTRAL,2,Friday
3768,DISORDERLY CONDUCT,20,CENTRAL,2,Monday
3769,DISORDERLY CONDUCT,20,INGLESIDE,1,Wednesday
3770,DISORDERLY CONDUCT,20,MISSION,1,Friday
3771,DISORDERLY CONDUCT,20,MISSION,1,Sunday
3772,DISORDERLY CONDUCT,20,NORTHERN,1,Sunday
3773,DISORDERLY CONDUCT,20,RICHMOND,1,Thursday
3774,DISORDERLY CONDUCT,20,SOUTHERN,1,Friday
3775,DISORDERLY CONDUCT,20,SOUTHERN,1,Saturday
3776,DISORDERLY CONDUCT,20,SOUTHERN,2,Thursday
3777,DISORDERLY CONDUCT,20,TENDERLOIN,1,Monday
3778,DISORDERLY CONDUCT,20,TENDERLOIN,1,Tuesday
3779,DISORDERLY CONDUCT,21,BAYVIEW,1,Friday
3780,DISORDERLY CONDUCT,21,BAYVIEW,1,Sunday
3781,DISORDERLY CONDUCT,21,CENTRAL,1,Sunday
3782,DISORDERLY CONDUCT,21,CENTRAL,1,Tuesday
3783,DISORDERLY CONDUCT,21,INGLESIDE,1,Friday
3784,DISORDERLY CONDUCT,21,MISSION,1,Saturday
3785,DISORDERLY CONDUCT,21,MISSION,1,Thursday
3786,DISORDERLY CONDUCT,21,MISSION,2,Tuesday
3787,DISORDERLY CONDUCT,21,SOUTHERN,1,Thursday
3788,DISORDERLY CONDUCT,21,TARAVAL,1,Tuesday
3789,DISORDERLY CONDUCT,21,TENDERLOIN,1,Saturday
3790,DISORDERLY CONDUCT,21,TENDERLOIN,1,Thursday
3791,DISORDERLY CONDUCT,21,TENDERLOIN,1,Tuesday
3792,DISORDERLY CONDUCT,22,BAYVIEW,1,Friday
3793,DISORDERLY CONDUCT,22,CENTRAL,1,Tuesday
3794,DISORDERLY CONDUCT,22,MISSION,1,Friday
3795,DISORDERLY CONDUCT,22,MISSION,2,Monday
3796,DISORDERLY CONDUCT,22,MISSION,1,Sunday
3797,DISORDERLY CONDUCT,22,MISSION,3,Tuesday
3798,DISORDERLY CONDUCT,22,MISSION,2,Wednesday
3799,DISORDERLY CONDUCT,22,NORTHERN,2,Monday
3800,DISORDERLY CONDUCT,22,NORTHERN,2,Saturday
3801,DISORDERLY CONDUCT,22,RICHMOND,1,Saturday
3802,DISORDERLY CONDUCT,22,SOUTHERN,1,Saturday
3803,DISORDERLY CONDUCT,22,SOUTHERN,1,Thursday
3804,DISORDERLY CONDUCT,22,TARAVAL,1,Friday
3805,DISORDERLY CONDUCT,23,BAYVIEW,1,Sunday
3806,DISORDERLY CONDUCT,23,INGLESIDE,1,Saturday
3807,DISORDERLY CONDUCT,23,INGLESIDE,1,Tuesday
3808,DISORDERLY CONDUCT,23,MISSION,2,Monday
3809,DISORDERLY CONDUCT,23,MISSION,1,Saturday
3810,DISORDERLY CONDUCT,23,MISSION,1,Sunday
3811,DISORDERLY CONDUCT,23,MISSION,3,Tuesday
3812,DISORDERLY CONDUCT,23,MISSION,2,Wednesday
3813,DISORDERLY CONDUCT,23,RICHMOND,1,Saturday
3814,DRIVING UNDER THE INFLUENCE,00,BAYVIEW,1,Monday
3815,DRIVING UNDER THE INFLUENCE,00,BAYVIEW,1,Saturday
3816,DRIVING UNDER THE INFLUENCE,00,BAYVIEW,1,Sunday
3817,DRIVING UNDER THE INFLUENCE,00,CENTRAL,1,Monday
3818,DRIVING UNDER THE INFLUENCE,00,CENTRAL,1,Saturday
3819,DRIVING UNDER THE INFLUENCE,00,CENTRAL,1,Sunday
3820,DRIVING UNDER THE INFLUENCE,00,INGLESIDE,2,Saturday
3821,DRIVING UNDER THE INFLUENCE,00,INGLESIDE,1,Sunday
3822,DRIVING UNDER THE INFLUENCE,00,INGLESIDE,1,Thursday
3823,DRIVING UNDER THE INFLUENCE,00,MISSION,2,Friday
3824,DRIVING UNDER THE INFLUENCE,00,MISSION,2,Monday
3825,DRIVING UNDER THE INFLUENCE,00,MISSION,1,Saturday
3826,DRIVING UNDER THE INFLUENCE,00,MISSION,1,Sunday
3827,DRIVING UNDER THE INFLUENCE,00,MISSION,2,Wednesday
3828,DRIVING UNDER THE INFLUENCE,00,NORTHERN,2,Friday
3829,DRIVING UNDER THE INFLUENCE,00,NORTHERN,1,Saturday
3830,DRIVING UNDER THE INFLUENCE,00,PARK,1,Tuesday
3831,DRIVING UNDER THE INFLUENCE,00,RICHMOND,2,Friday
3832,DRIVING UNDER THE INFLUENCE,00,RICHMOND,1,Monday
3833,DRIVING UNDER THE INFLUENCE,00,RICHMOND,2,Sunday
3834,DRIVING UNDER THE INFLUENCE,00,RICHMOND,2,Wednesday
3835,DRIVING UNDER THE INFLUENCE,00,SOUTHERN,4,Saturday
3836,DRIVING UNDER THE INFLUENCE,00,SOUTHERN,2,Sunday
3837,DRIVING UNDER THE INFLUENCE,00,SOUTHERN,1,Wednesday
3838,DRIVING UNDER THE INFLUENCE,00,TARAVAL,1,Friday
3839,DRIVING UNDER THE INFLUENCE,00,TARAVAL,1,Saturday
3840,DRIVING UNDER THE INFLUENCE,00,TARAVAL,1,Sunday
3841,DRIVING UNDER THE INFLUENCE,00,TENDERLOIN,1,Monday
3842,DRIVING UNDER THE INFLUENCE,00,TENDERLOIN,1,Thursday
3843,DRIVING UNDER THE INFLUENCE,01,CENTRAL,1,Friday
3844,DRIVING UNDER THE INFLUENCE,01,CENTRAL,1,Monday
3845,DRIVING UNDER THE INFLUENCE,01,INGLESIDE,1,Saturday
3846,DRIVING UNDER THE INFLUENCE,01,MISSION,1,Friday
3847,DRIVING UNDER THE INFLUENCE,01,MISSION,1,Sunday
3848,DRIVING UNDER THE INFLUENCE,01,MISSION,1,Wednesday
3849,DRIVING UNDER THE INFLUENCE,01,NORTHERN,2,Friday
3850,DRIVING UNDER THE INFLUENCE,01,NORTHERN,1,Tuesday
3851,DRIVING UNDER THE INFLUENCE,01,NORTHERN,1,Wednesday
3852,DRIVING UNDER THE INFLUENCE,01,PARK,2,Sunday
3853,DRIVING UNDER THE INFLUENCE,01,PARK,2,Wednesday
3854,DRIVING UNDER THE INFLUENCE,01,RICHMOND,3,Friday
3855,DRIVING UNDER THE INFLUENCE,01,RICHMOND,1,Wednesday
3856,DRIVING UNDER THE INFLUENCE,01,SOUTHERN,2,Saturday
3857,DRIVING UNDER THE INFLUENCE,01,SOUTHERN,2,Sunday
3858,DRIVING UNDER THE INFLUENCE,01,SOUTHERN,1,Tuesday
3859,DRIVING UNDER THE INFLUENCE,01,TARAVAL,1,Friday
3860,DRIVING UNDER THE INFLUENCE,01,TARAVAL,2,Thursday
3861,DRIVING UNDER THE INFLUENCE,01,TARAVAL,1,Tuesday
3862,DRIVING UNDER THE INFLUENCE,01,TENDERLOIN,1,Friday
3863,DRIVING UNDER THE INFLUENCE,01,TENDERLOIN,1,Thursday
3864,DRIVING UNDER THE INFLUENCE,02,BAYVIEW,1,Saturday
3865,DRIVING UNDER THE INFLUENCE,02,BAYVIEW,1,Thursday
3866,DRIVING UNDER THE INFLUENCE,02,CENTRAL,2,Sunday
3867,DRIVING UNDER THE INFLUENCE,02,CENTRAL,1,Thursday
3868,DRIVING UNDER THE INFLUENCE,02,CENTRAL,2,Tuesday
3869,DRIVING UNDER THE INFLUENCE,02,MISSION,1,Friday
3870,DRIVING UNDER THE INFLUENCE,02,MISSION,1,Saturday
3871,DRIVING UNDER THE INFLUENCE,02,MISSION,1,Thursday
3872,DRIVING UNDER THE INFLUENCE,02,NORTHERN,1,Friday
3873,DRIVING UNDER THE INFLUENCE,02,NORTHERN,1,Monday
3874,DRIVING UNDER THE INFLUENCE,02,PARK,2,Friday
3875,DRIVING UNDER THE INFLUENCE,02,PARK,2,Monday
3876,DRIVING UNDER THE INFLUENCE,02,PARK,1,Saturday
3877,DRIVING UNDER THE INFLUENCE,02,RICHMOND,1,Friday
3878,DRIVING UNDER THE INFLUENCE,02,RICHMOND,1,Monday
3879,DRIVING UNDER THE INFLUENCE,02,RICHMOND,1,Saturday
3880,DRIVING UNDER THE INFLUENCE,02,SOUTHERN,1,Monday
3881,DRIVING UNDER THE INFLUENCE,02,SOUTHERN,1,Saturday
3882,DRIVING UNDER THE INFLUENCE,02,SOUTHERN,1,Tuesday
3883,DRIVING UNDER THE INFLUENCE,02,TARAVAL,2,Friday
3884,DRIVING UNDER THE INFLUENCE,02,TARAVAL,1,Monday
3885,DRIVING UNDER THE INFLUENCE,02,TARAVAL,1,Saturday
3886,DRIVING UNDER THE INFLUENCE,02,TARAVAL,2,Tuesday
3887,DRIVING UNDER THE INFLUENCE,02,TENDERLOIN,1,Friday
3888,DRIVING UNDER THE INFLUENCE,03,BAYVIEW,1,Monday
3889,DRIVING UNDER THE INFLUENCE,03,CENTRAL,1,Monday
3890,DRIVING UNDER THE INFLUENCE,03,CENTRAL,1,Saturday
3891,DRIVING UNDER THE INFLUENCE,03,INGLESIDE,2,Sunday
3892,DRIVING UNDER THE INFLUENCE,03,MISSION,1,Friday
3893,DRIVING UNDER THE INFLUENCE,03,MISSION,1,Saturday
3894,DRIVING UNDER THE INFLUENCE,03,MISSION,2,Sunday
3895,DRIVING UNDER THE INFLUENCE,03,NORTHERN,1,Saturday
3896,DRIVING UNDER THE INFLUENCE,03,NORTHERN,1,Thursday
3897,DRIVING UNDER THE INFLUENCE,03,PARK,1,Sunday
3898,DRIVING UNDER THE INFLUENCE,03,PARK,1,Wednesday
3899,DRIVING UNDER THE INFLUENCE,03,RICHMOND,1,Friday
3900,DRIVING UNDER THE INFLUENCE,03,RICHMOND,2,Saturday
3901,DRIVING UNDER THE INFLUENCE,03,RICHMOND,1,Tuesday
3902,DRIVING UNDER THE INFLUENCE,03,SOUTHERN,2,Friday
3903,DRIVING UNDER THE INFLUENCE,03,SOUTHERN,1,Saturday
3904,DRIVING UNDER THE INFLUENCE,03,TARAVAL,2,Saturday
3905,DRIVING UNDER THE INFLUENCE,04,BAYVIEW,1,Thursday
3906,DRIVING UNDER THE INFLUENCE,04,PARK,1,Sunday
3907,DRIVING UNDER THE INFLUENCE,04,PARK,1,Thursday
3908,DRIVING UNDER THE INFLUENCE,04,SOUTHERN,2,Sunday
3909,DRIVING UNDER THE INFLUENCE,05,CENTRAL,1,Friday
3910,DRIVING UNDER THE INFLUENCE,05,MISSION,1,Saturday
3911,DRIVING UNDER THE INFLUENCE,05,NORTHERN,1,Monday
3912,DRIVING UNDER THE INFLUENCE,05,RICHMOND,1,Saturday
3913,DRIVING UNDER THE INFLUENCE,05,TARAVAL,1,Thursday
3914,DRIVING UNDER THE INFLUENCE,06,BAYVIEW,1,Friday
3915,DRIVING UNDER THE INFLUENCE,06,CENTRAL,1,Sunday
3916,DRIVING UNDER THE INFLUENCE,06,SOUTHERN,1,Saturday
3917,DRIVING UNDER THE INFLUENCE,06,SOUTHERN,1,Sunday
3918,DRIVING UNDER THE INFLUENCE,06,TARAVAL,2,Friday
3919,DRIVING UNDER THE INFLUENCE,07,BAYVIEW,1,Monday
3920,DRIVING UNDER THE INFLUENCE,07,CENTRAL,1,Wednesday
3921,DRIVING UNDER THE INFLUENCE,07,NORTHERN,1,Sunday
3922,DRIVING UNDER THE INFLUENCE,07,RICHMOND,1,Tuesday
3923,DRIVING UNDER THE INFLUENCE,08,BAYVIEW,1,Friday
3924,DRIVING UNDER THE INFLUENCE,08,INGLESIDE,1,Thursday
3925,DRIVING UNDER THE INFLUENCE,08,TARAVAL,1,Friday
3926,DRIVING UNDER THE INFLUENCE,09,CENTRAL,1,Saturday
3927,DRIVING UNDER THE INFLUENCE,09,TARAVAL,2,Thursday
3928,DRIVING UNDER THE INFLUENCE,10,MISSION,1,Sunday
3929,DRIVING UNDER THE INFLUENCE,10,NORTHERN,2,Monday
3930,DRIVING UNDER THE INFLUENCE,10,TARAVAL,1,Thursday
3931,DRIVING UNDER THE INFLUENCE,11,BAYVIEW,1,Friday
3932,DRIVING UNDER THE INFLUENCE,11,INGLESIDE,1,Sunday
3933,DRIVING UNDER THE INFLUENCE,11,RICHMOND,1,Thursday
3934,DRIVING UNDER THE INFLUENCE,11,SOUTHERN,1,Sunday
3935,DRIVING UNDER THE INFLUENCE,11,TENDERLOIN,1,Wednesday
3936,DRIVING UNDER THE INFLUENCE,12,INGLESIDE,1,Wednesday
3937,DRIVING UNDER THE INFLUENCE,12,MISSION,1,Saturday
3938,DRIVING UNDER THE INFLUENCE,12,NORTHERN,2,Sunday
3939,DRIVING UNDER THE INFLUENCE,13,CENTRAL,1,Sunday
3940,DRIVING UNDER THE INFLUENCE,13,MISSION,2,Monday
3941,DRIVING UNDER THE INFLUENCE,13,NORTHERN,1,Friday
3942,DRIVING UNDER THE INFLUENCE,13,PARK,1,Sunday
3943,DRIVING UNDER THE INFLUENCE,13,PARK,1,Tuesday
3944,DRIVING UNDER THE INFLUENCE,13,RICHMOND,1,Tuesday
3945,DRIVING UNDER THE INFLUENCE,14,BAYVIEW,1,Friday
3946,DRIVING UNDER THE INFLUENCE,14,INGLESIDE,1,Tuesday
3947,DRIVING UNDER THE INFLUENCE,14,MISSION,1,Saturday
3948,DRIVING UNDER THE INFLUENCE,14,TARAVAL,1,Friday
3949,DRIVING UNDER THE INFLUENCE,14,TARAVAL,1,Sunday
3950,DRIVING UNDER THE INFLUENCE,15,CENTRAL,1,Sunday
3951,DRIVING UNDER THE INFLUENCE,15,INGLESIDE,1,Thursday
3952,DRIVING UNDER THE INFLUENCE,15,INGLESIDE,2,Tuesday
3953,DRIVING UNDER THE INFLUENCE,15,MISSION,1,Saturday
3954,DRIVING UNDER THE INFLUENCE,15,MISSION,1,Sunday
3955,DRIVING UNDER THE INFLUENCE,15,MISSION,2,Thursday
3956,DRIVING UNDER THE INFLUENCE,15,MISSION,2,Tuesday
3957,DRIVING UNDER THE INFLUENCE,15,NORTHERN,1,Sunday
3958,DRIVING UNDER THE INFLUENCE,15,NORTHERN,2,Thursday
3959,DRIVING UNDER THE INFLUENCE,15,NORTHERN,2,Wednesday
3960,DRIVING UNDER THE INFLUENCE,15,PARK,1,Wednesday
3961,DRIVING UNDER THE INFLUENCE,15,SOUTHERN,1,Sunday
3962,DRIVING UNDER THE INFLUENCE,15,SOUTHERN,1,Thursday
3963,DRIVING UNDER THE INFLUENCE,16,BAYVIEW,1,Tuesday
3964,DRIVING UNDER THE INFLUENCE,16,INGLESIDE,1,Friday
3965,DRIVING UNDER THE INFLUENCE,16,INGLESIDE,1,Sunday
3966,DRIVING UNDER THE INFLUENCE,16,INGLESIDE,1,Thursday
3967,DRIVING UNDER THE INFLUENCE,16,MISSION,3,Saturday
3968,DRIVING UNDER THE INFLUENCE,16,MISSION,1,Thursday
3969,DRIVING UNDER THE INFLUENCE,16,NORTHERN,1,Monday
3970,DRIVING UNDER THE INFLUENCE,16,NORTHERN,1,Thursday
3971,DRIVING UNDER THE INFLUENCE,16,NORTHERN,1,Wednesday
3972,DRIVING UNDER THE INFLUENCE,16,RICHMOND,1,Saturday
3973,DRIVING UNDER THE INFLUENCE,16,RICHMOND,1,Sunday
3974,DRIVING UNDER THE INFLUENCE,16,SOUTHERN,1,Friday
3975,DRIVING UNDER THE INFLUENCE,16,TARAVAL,1,Monday
3976,DRIVING UNDER THE INFLUENCE,16,TARAVAL,1,Thursday
3977,DRIVING UNDER THE INFLUENCE,16,TARAVAL,3,Wednesday
3978,DRIVING UNDER THE INFLUENCE,17,INGLESIDE,1,Monday
3979,DRIVING UNDER THE INFLUENCE,17,PARK,1,Friday
3980,DRIVING UNDER THE INFLUENCE,17,RICHMOND,1,Saturday
3981,DRIVING UNDER THE INFLUENCE,17,RICHMOND,1,Sunday
3982,DRIVING UNDER THE INFLUENCE,17,SOUTHERN,2,Friday
3983,DRIVING UNDER THE INFLUENCE,17,SOUTHERN,2,Monday
3984,DRIVING UNDER THE INFLUENCE,17,SOUTHERN,3,Saturday
3985,DRIVING UNDER THE INFLUENCE,17,SOUTHERN,4,Tuesday
3986,DRIVING UNDER THE INFLUENCE,17,TARAVAL,1,Friday
3987,DRIVING UNDER THE INFLUENCE,17,TARAVAL,1,Monday
3988,DRIVING UNDER THE INFLUENCE,18,BAYVIEW,2,Sunday
3989,DRIVING UNDER THE INFLUENCE,18,INGLESIDE,1,Tuesday
3990,DRIVING UNDER THE INFLUENCE,18,MISSION,1,Friday
3991,DRIVING UNDER THE INFLUENCE,18,MISSION,1,Saturday
3992,DRIVING UNDER THE INFLUENCE,18,NORTHERN,2,Saturday
3993,DRIVING UNDER THE INFLUENCE,18,SOUTHERN,2,Saturday
3994,DRIVING UNDER THE INFLUENCE,18,SOUTHERN,1,Sunday
3995,DRIVING UNDER THE INFLUENCE,18,TARAVAL,1,Sunday
3996,DRIVING UNDER THE INFLUENCE,18,TARAVAL,1,Thursday
3997,DRIVING UNDER THE INFLUENCE,18,TENDERLOIN,1,Thursday
3998,DRIVING UNDER THE INFLUENCE,19,INGLESIDE,1,Friday
3999,DRIVING UNDER THE INFLUENCE,19,MISSION,1,Thursday
4000,DRIVING UNDER THE INFLUENCE,19,MISSION,1,Wednesday
4001,DRIVING UNDER THE INFLUENCE,19,PARK,1,Saturday
4002,DRIVING UNDER THE INFLUENCE,19,PARK,1,Sunday
4003,DRIVING UNDER THE INFLUENCE,19,SOUTHERN,1,Sunday
4004,DRIVING UNDER THE INFLUENCE,19,SOUTHERN,1,Wednesday
4005,DRIVING UNDER THE INFLUENCE,19,TARAVAL,1,Sunday
4006,DRIVING UNDER THE INFLUENCE,19,TARAVAL,1,Thursday
4007,DRIVING UNDER THE INFLUENCE,19,TARAVAL,1,Wednesday
4008,DRIVING UNDER THE INFLUENCE,20,BAYVIEW,1,Sunday
4009,DRIVING UNDER THE INFLUENCE,20,INGLESIDE,1,Friday
4010,DRIVING UNDER THE INFLUENCE,20,INGLESIDE,1,Saturday
4011,DRIVING UNDER THE INFLUENCE,20,INGLESIDE,1,Sunday
4012,DRIVING UNDER THE INFLUENCE,20,MISSION,1,Sunday
4013,DRIVING UNDER THE INFLUENCE,20,MISSION,2,Wednesday
4014,DRIVING UNDER THE INFLUENCE,20,NORTHERN,1,Friday
4015,DRIVING UNDER THE INFLUENCE,20,NORTHERN,2,Thursday
4016,DRIVING UNDER THE INFLUENCE,20,NORTHERN,1,Tuesday
4017,DRIVING UNDER THE INFLUENCE,20,PARK,1,Friday
4018,DRIVING UNDER THE INFLUENCE,20,PARK,1,Tuesday
4019,DRIVING UNDER THE INFLUENCE,20,RICHMOND,2,Saturday
4020,DRIVING UNDER THE INFLUENCE,20,SOUTHERN,2,Saturday
4021,DRIVING UNDER THE INFLUENCE,20,SOUTHERN,1,Sunday
4022,DRIVING UNDER THE INFLUENCE,20,SOUTHERN,1,Thursday
4023,DRIVING UNDER THE INFLUENCE,20,TARAVAL,1,Saturday
4024,DRIVING UNDER THE INFLUENCE,20,TARAVAL,1,Thursday
4025,DRIVING UNDER THE INFLUENCE,21,BAYVIEW,1,Friday
4026,DRIVING UNDER THE INFLUENCE,21,CENTRAL,1,Sunday
4027,DRIVING UNDER THE INFLUENCE,21,CENTRAL,2,Thursday
4028,DRIVING UNDER THE INFLUENCE,21,CENTRAL,1,Wednesday
4029,DRIVING UNDER THE INFLUENCE,21,INGLESIDE,1,Friday
4030,DRIVING UNDER THE INFLUENCE,21,INGLESIDE,1,Monday
4031,DRIVING UNDER THE INFLUENCE,21,INGLESIDE,2,Saturday
4032,DRIVING UNDER THE INFLUENCE,21,INGLESIDE,1,Sunday
4033,DRIVING UNDER THE INFLUENCE,21,MISSION,2,Friday
4034,DRIVING UNDER THE INFLUENCE,21,MISSION,1,Monday
4035,DRIVING UNDER THE INFLUENCE,21,MISSION,1,Saturday
4036,DRIVING UNDER THE INFLUENCE,21,MISSION,1,Sunday
4037,DRIVING UNDER THE INFLUENCE,21,NORTHERN,1,Friday
4038,DRIVING UNDER THE INFLUENCE,21,NORTHERN,2,Saturday
4039,DRIVING UNDER THE INFLUENCE,21,PARK,1,Saturday
4040,DRIVING UNDER THE INFLUENCE,21,RICHMOND,1,Wednesday
4041,DRIVING UNDER THE INFLUENCE,21,SOUTHERN,3,Friday
4042,DRIVING UNDER THE INFLUENCE,21,SOUTHERN,1,Monday
4043,DRIVING UNDER THE INFLUENCE,21,SOUTHERN,2,Sunday
4044,DRIVING UNDER THE INFLUENCE,21,SOUTHERN,1,Tuesday
4045,DRIVING UNDER THE INFLUENCE,21,TARAVAL,1,Saturday
4046,DRIVING UNDER THE INFLUENCE,21,TARAVAL,2,Thursday
4047,DRIVING UNDER THE INFLUENCE,21,TENDERLOIN,1,Saturday
4048,DRIVING UNDER THE INFLUENCE,21,TENDERLOIN,1,Wednesday
4049,DRIVING UNDER THE INFLUENCE,22,BAYVIEW,1,Friday
4050,DRIVING UNDER THE INFLUENCE,22,BAYVIEW,1,Saturday
4051,DRIVING UNDER THE INFLUENCE,22,BAYVIEW,3,Tuesday
4052,DRIVING UNDER THE INFLUENCE,22,BAYVIEW,1,Wednesday
4053,DRIVING UNDER THE INFLUENCE,22,CENTRAL,1,Tuesday
4054,DRIVING UNDER THE INFLUENCE,22,INGLESIDE,1,Tuesday
4055,DRIVING UNDER THE INFLUENCE,22,MISSION,1,Friday
4056,DRIVING UNDER THE INFLUENCE,22,MISSION,1,Saturday
4057,DRIVING UNDER THE INFLUENCE,22,MISSION,1,Sunday
4058,DRIVING UNDER THE INFLUENCE,22,MISSION,1,Thursday
4059,DRIVING UNDER THE INFLUENCE,22,MISSION,2,Wednesday
4060,DRIVING UNDER THE INFLUENCE,22,NORTHERN,1,Friday
4061,DRIVING UNDER THE INFLUENCE,22,NORTHERN,1,Monday
4062,DRIVING UNDER THE INFLUENCE,22,NORTHERN,2,Thursday
4063,DRIVING UNDER THE INFLUENCE,22,RICHMOND,1,Friday
4064,DRIVING UNDER THE INFLUENCE,22,RICHMOND,1,Thursday
4065,DRIVING UNDER THE INFLUENCE,22,SOUTHERN,5,Friday
4066,DRIVING UNDER THE INFLUENCE,22,SOUTHERN,1,Saturday
4067,DRIVING UNDER THE INFLUENCE,22,SOUTHERN,1,Thursday
4068,DRIVING UNDER THE INFLUENCE,22,SOUTHERN,1,Tuesday
4069,DRIVING UNDER THE INFLUENCE,22,TARAVAL,1,Sunday
4070,DRIVING UNDER THE INFLUENCE,22,TARAVAL,1,Tuesday
4071,DRIVING UNDER THE INFLUENCE,22,TENDERLOIN,2,Thursday
4072,DRIVING UNDER THE INFLUENCE,23,BAYVIEW,1,Monday
4073,DRIVING UNDER THE INFLUENCE,23,BAYVIEW,1,Saturday
4074,DRIVING UNDER THE INFLUENCE,23,BAYVIEW,2,Thursday
4075,DRIVING UNDER THE INFLUENCE,23,CENTRAL,2,Monday
4076,DRIVING UNDER THE INFLUENCE,23,CENTRAL,2,Saturday
4077,DRIVING UNDER THE INFLUENCE,23,CENTRAL,3,Sunday
4078,DRIVING UNDER THE INFLUENCE,23,CENTRAL,1,Thursday
4079,DRIVING UNDER THE INFLUENCE,23,INGLESIDE,1,Friday
4080,DRIVING UNDER THE INFLUENCE,23,INGLESIDE,1,Saturday
4081,DRIVING UNDER THE INFLUENCE,23,INGLESIDE,1,Sunday
4082,DRIVING UNDER THE INFLUENCE,23,MISSION,1,Friday
4083,DRIVING UNDER THE INFLUENCE,23,MISSION,2,Saturday
4084,DRIVING UNDER THE INFLUENCE,23,MISSION,4,Sunday
4085,DRIVING UNDER THE INFLUENCE,23,MISSION,2,Tuesday
4086,DRIVING UNDER THE INFLUENCE,23,NORTHERN,1,Saturday
4087,DRIVING UNDER THE INFLUENCE,23,NORTHERN,1,Tuesday
4088,DRIVING UNDER THE INFLUENCE,23,PARK,2,Friday
4089,DRIVING UNDER THE INFLUENCE,23,PARK,2,Monday
4090,DRIVING UNDER THE INFLUENCE,23,RICHMOND,1,Sunday
4091,DRIVING UNDER THE INFLUENCE,23,RICHMOND,1,Thursday
4092,DRIVING UNDER THE INFLUENCE,23,RICHMOND,1,Wednesday
4093,DRIVING UNDER THE INFLUENCE,23,SOUTHERN,1,Friday
4094,DRIVING UNDER THE INFLUENCE,23,SOUTHERN,1,Monday
4095,DRIVING UNDER THE INFLUENCE,23,SOUTHERN,2,Saturday
4096,DRIVING UNDER THE INFLUENCE,23,SOUTHERN,1,Wednesday
4097,DRIVING UNDER THE INFLUENCE,23,TARAVAL,1,Friday
4098,DRIVING UNDER THE INFLUENCE,23,TARAVAL,1,Sunday
4099,DRIVING UNDER THE INFLUENCE,23,TARAVAL,2,Wednesday
4100,DRIVING UNDER THE INFLUENCE,23,TENDERLOIN,1,Friday
4101,DRUG/NARCOTIC,00,BAYVIEW,2,Friday
4102,DRUG/NARCOTIC,00,BAYVIEW,1,Monday
4103,DRUG/NARCOTIC,00,BAYVIEW,1,Saturday
4104,DRUG/NARCOTIC,00,BAYVIEW,3,Sunday
4105,DRUG/NARCOTIC,00,BAYVIEW,2,Tuesday
4106,DRUG/NARCOTIC,00,CENTRAL,2,Thursday
4107,DRUG/NARCOTIC,00,CENTRAL,1,Tuesday
4108,DRUG/NARCOTIC,00,INGLESIDE,2,Friday
4109,DRUG/NARCOTIC,00,INGLESIDE,2,Saturday
4110,DRUG/NARCOTIC,00,INGLESIDE,4,Thursday
4111,DRUG/NARCOTIC,00,MISSION,3,Friday
4112,DRUG/NARCOTIC,00,MISSION,1,Monday
4113,DRUG/NARCOTIC,00,MISSION,1,Saturday
4114,DRUG/NARCOTIC,00,MISSION,2,Sunday
4115,DRUG/NARCOTIC,00,MISSION,3,Thursday
4116,DRUG/NARCOTIC,00,MISSION,6,Tuesday
4117,DRUG/NARCOTIC,00,MISSION,2,Wednesday
4118,DRUG/NARCOTIC,00,NORTHERN,2,Friday
4119,DRUG/NARCOTIC,00,NORTHERN,2,Monday
4120,DRUG/NARCOTIC,00,NORTHERN,4,Saturday
4121,DRUG/NARCOTIC,00,NORTHERN,4,Sunday
4122,DRUG/NARCOTIC,00,NORTHERN,4,Thursday
4123,DRUG/NARCOTIC,00,NORTHERN,5,Tuesday
4124,DRUG/NARCOTIC,00,NORTHERN,2,Wednesday
4125,DRUG/NARCOTIC,00,RICHMOND,1,Friday
4126,DRUG/NARCOTIC,00,RICHMOND,4,Monday
4127,DRUG/NARCOTIC,00,SOUTHERN,2,Friday
4128,DRUG/NARCOTIC,00,SOUTHERN,5,Monday
4129,DRUG/NARCOTIC,00,SOUTHERN,3,Saturday
4130,DRUG/NARCOTIC,00,SOUTHERN,12,Thursday
4131,DRUG/NARCOTIC,00,SOUTHERN,7,Tuesday
4132,DRUG/NARCOTIC,00,SOUTHERN,2,Wednesday
4133,DRUG/NARCOTIC,00,TARAVAL,1,Friday
4134,DRUG/NARCOTIC,00,TARAVAL,1,Monday
4135,DRUG/NARCOTIC,00,TARAVAL,2,Tuesday
4136,DRUG/NARCOTIC,00,TENDERLOIN,5,Friday
4137,DRUG/NARCOTIC,00,TENDERLOIN,2,Monday
4138,DRUG/NARCOTIC,00,TENDERLOIN,5,Saturday
4139,DRUG/NARCOTIC,00,TENDERLOIN,7,Sunday
4140,DRUG/NARCOTIC,00,TENDERLOIN,7,Thursday
4141,DRUG/NARCOTIC,00,TENDERLOIN,3,Tuesday
4142,DRUG/NARCOTIC,00,TENDERLOIN,1,Wednesday
4143,DRUG/NARCOTIC,01,BAYVIEW,4,Monday
4144,DRUG/NARCOTIC,01,BAYVIEW,1,Thursday
4145,DRUG/NARCOTIC,01,BAYVIEW,2,Tuesday
4146,DRUG/NARCOTIC,01,CENTRAL,1,Friday
4147,DRUG/NARCOTIC,01,CENTRAL,1,Monday
4148,DRUG/NARCOTIC,01,MISSION,1,Friday
4149,DRUG/NARCOTIC,01,MISSION,2,Saturday
4150,DRUG/NARCOTIC,01,MISSION,2,Sunday
4151,DRUG/NARCOTIC,01,MISSION,2,Thursday
4152,DRUG/NARCOTIC,01,MISSION,3,Wednesday
4153,DRUG/NARCOTIC,01,NORTHERN,4,Friday
4154,DRUG/NARCOTIC,01,NORTHERN,4,Monday
4155,DRUG/NARCOTIC,01,NORTHERN,2,Sunday
4156,DRUG/NARCOTIC,01,NORTHERN,2,Thursday
4157,DRUG/NARCOTIC,01,NORTHERN,1,Tuesday
4158,DRUG/NARCOTIC,01,NORTHERN,2,Wednesday
4159,DRUG/NARCOTIC,01,PARK,1,Sunday
4160,DRUG/NARCOTIC,01,RICHMOND,1,Saturday
4161,DRUG/NARCOTIC,01,RICHMOND,1,Sunday
4162,DRUG/NARCOTIC,01,RICHMOND,2,Thursday
4163,DRUG/NARCOTIC,01,RICHMOND,2,Tuesday
4164,DRUG/NARCOTIC,01,SOUTHERN,2,Friday
4165,DRUG/NARCOTIC,01,SOUTHERN,3,Monday
4166,DRUG/NARCOTIC,01,SOUTHERN,2,Saturday
4167,DRUG/NARCOTIC,01,SOUTHERN,2,Sunday
4168,DRUG/NARCOTIC,01,SOUTHERN,1,Thursday
4169,DRUG/NARCOTIC,01,SOUTHERN,2,Wednesday
4170,DRUG/NARCOTIC,01,TARAVAL,1,Saturday
4171,DRUG/NARCOTIC,01,TARAVAL,2,Sunday
4172,DRUG/NARCOTIC,01,TARAVAL,2,Tuesday
4173,DRUG/NARCOTIC,01,TENDERLOIN,3,Friday
4174,DRUG/NARCOTIC,01,TENDERLOIN,1,Sunday
4175,DRUG/NARCOTIC,01,TENDERLOIN,6,Thursday
4176,DRUG/NARCOTIC,01,TENDERLOIN,2,Tuesday
4177,DRUG/NARCOTIC,01,TENDERLOIN,2,Wednesday
4178,DRUG/NARCOTIC,02,BAYVIEW,1,Friday
4179,DRUG/NARCOTIC,02,BAYVIEW,1,Saturday
4180,DRUG/NARCOTIC,02,BAYVIEW,1,Thursday
4181,DRUG/NARCOTIC,02,CENTRAL,6,Friday
4182,DRUG/NARCOTIC,02,CENTRAL,1,Saturday
4183,DRUG/NARCOTIC,02,CENTRAL,2,Sunday
4184,DRUG/NARCOTIC,02,CENTRAL,1,Thursday
4185,DRUG/NARCOTIC,02,CENTRAL,2,Wednesday
4186,DRUG/NARCOTIC,02,INGLESIDE,2,Saturday
4187,DRUG/NARCOTIC,02,INGLESIDE,2,Sunday
4188,DRUG/NARCOTIC,02,MISSION,1,Saturday
4189,DRUG/NARCOTIC,02,MISSION,1,Sunday
4190,DRUG/NARCOTIC,02,MISSION,2,Thursday
4191,DRUG/NARCOTIC,02,MISSION,2,Tuesday
4192,DRUG/NARCOTIC,02,MISSION,2,Wednesday
4193,DRUG/NARCOTIC,02,NORTHERN,1,Friday
4194,DRUG/NARCOTIC,02,NORTHERN,8,Monday
4195,DRUG/NARCOTIC,02,NORTHERN,5,Saturday
4196,DRUG/NARCOTIC,02,NORTHERN,2,Sunday
4197,DRUG/NARCOTIC,02,NORTHERN,1,Thursday
4198,DRUG/NARCOTIC,02,NORTHERN,1,Wednesday
4199,DRUG/NARCOTIC,02,RICHMOND,1,Friday
4200,DRUG/NARCOTIC,02,RICHMOND,2,Monday
4201,DRUG/NARCOTIC,02,RICHMOND,1,Thursday
4202,DRUG/NARCOTIC,02,SOUTHERN,1,Friday
4203,DRUG/NARCOTIC,02,SOUTHERN,4,Monday
4204,DRUG/NARCOTIC,02,SOUTHERN,1,Thursday
4205,DRUG/NARCOTIC,02,SOUTHERN,2,Wednesday
4206,DRUG/NARCOTIC,02,TARAVAL,1,Monday
4207,DRUG/NARCOTIC,02,TARAVAL,4,Saturday
4208,DRUG/NARCOTIC,02,TARAVAL,2,Thursday
4209,DRUG/NARCOTIC,02,TENDERLOIN,5,Friday
4210,DRUG/NARCOTIC,02,TENDERLOIN,5,Saturday
4211,DRUG/NARCOTIC,02,TENDERLOIN,3,Sunday
4212,DRUG/NARCOTIC,02,TENDERLOIN,1,Tuesday
4213,DRUG/NARCOTIC,03,CENTRAL,1,Monday
4214,DRUG/NARCOTIC,03,INGLESIDE,4,Saturday
4215,DRUG/NARCOTIC,03,INGLESIDE,1,Sunday
4216,DRUG/NARCOTIC,03,INGLESIDE,2,Tuesday
4217,DRUG/NARCOTIC,03,INGLESIDE,1,Wednesday
4218,DRUG/NARCOTIC,03,MISSION,1,Friday
4219,DRUG/NARCOTIC,03,MISSION,1,Monday
4220,DRUG/NARCOTIC,03,MISSION,4,Sunday
4221,DRUG/NARCOTIC,03,MISSION,4,Tuesday
4222,DRUG/NARCOTIC,03,NORTHERN,1,Monday
4223,DRUG/NARCOTIC,03,NORTHERN,1,Saturday
4224,DRUG/NARCOTIC,03,NORTHERN,1,Sunday
4225,DRUG/NARCOTIC,03,NORTHERN,1,Thursday
4226,DRUG/NARCOTIC,03,NORTHERN,6,Tuesday
4227,DRUG/NARCOTIC,03,NORTHERN,3,Wednesday
4228,DRUG/NARCOTIC,03,PARK,1,Wednesday
4229,DRUG/NARCOTIC,03,RICHMOND,1,Thursday
4230,DRUG/NARCOTIC,03,SOUTHERN,2,Friday
4231,DRUG/NARCOTIC,03,SOUTHERN,1,Saturday
4232,DRUG/NARCOTIC,03,SOUTHERN,2,Sunday
4233,DRUG/NARCOTIC,03,SOUTHERN,1,Thursday
4234,DRUG/NARCOTIC,03,SOUTHERN,3,Tuesday
4235,DRUG/NARCOTIC,03,SOUTHERN,2,Wednesday
4236,DRUG/NARCOTIC,03,TARAVAL,1,Tuesday
4237,DRUG/NARCOTIC,03,TENDERLOIN,2,Monday
4238,DRUG/NARCOTIC,03,TENDERLOIN,5,Saturday
4239,DRUG/NARCOTIC,03,TENDERLOIN,5,Thursday
4240,DRUG/NARCOTIC,03,TENDERLOIN,4,Wednesday
4241,DRUG/NARCOTIC,04,BAYVIEW,1,Thursday
4242,DRUG/NARCOTIC,04,BAYVIEW,1,Wednesday
4243,DRUG/NARCOTIC,04,CENTRAL,2,Saturday
4244,DRUG/NARCOTIC,04,CENTRAL,1,Sunday
4245,DRUG/NARCOTIC,04,INGLESIDE,1,Friday
4246,DRUG/NARCOTIC,04,INGLESIDE,1,Monday
4247,DRUG/NARCOTIC,04,INGLESIDE,2,Saturday
4248,DRUG/NARCOTIC,04,MISSION,2,Sunday
4249,DRUG/NARCOTIC,04,MISSION,2,Thursday
4250,DRUG/NARCOTIC,04,MISSION,4,Wednesday
4251,DRUG/NARCOTIC,04,NORTHERN,1,Monday
4252,DRUG/NARCOTIC,04,NORTHERN,5,Sunday
4253,DRUG/NARCOTIC,04,NORTHERN,2,Thursday
4254,DRUG/NARCOTIC,04,NORTHERN,4,Tuesday
4255,DRUG/NARCOTIC,04,PARK,1,Tuesday
4256,DRUG/NARCOTIC,04,RICHMOND,1,Thursday
4257,DRUG/NARCOTIC,04,SOUTHERN,1,Monday
4258,DRUG/NARCOTIC,04,SOUTHERN,3,Saturday
4259,DRUG/NARCOTIC,04,SOUTHERN,2,Tuesday
4260,DRUG/NARCOTIC,04,TARAVAL,2,Friday
4261,DRUG/NARCOTIC,04,TARAVAL,1,Sunday
4262,DRUG/NARCOTIC,04,TENDERLOIN,1,Friday
4263,DRUG/NARCOTIC,04,TENDERLOIN,2,Saturday
4264,DRUG/NARCOTIC,04,TENDERLOIN,1,Thursday
4265,DRUG/NARCOTIC,05,CENTRAL,4,Friday
4266,DRUG/NARCOTIC,05,CENTRAL,2,Thursday
4267,DRUG/NARCOTIC,05,INGLESIDE,1,Friday
4268,DRUG/NARCOTIC,05,MISSION,1,Sunday
4269,DRUG/NARCOTIC,05,MISSION,1,Thursday
4270,DRUG/NARCOTIC,05,MISSION,2,Tuesday
4271,DRUG/NARCOTIC,05,NORTHERN,2,Saturday
4272,DRUG/NARCOTIC,05,SOUTHERN,3,Monday
4273,DRUG/NARCOTIC,05,SOUTHERN,3,Wednesday
4274,DRUG/NARCOTIC,05,TARAVAL,2,Tuesday
4275,DRUG/NARCOTIC,05,TARAVAL,1,Wednesday
4276,DRUG/NARCOTIC,05,TENDERLOIN,1,Monday
4277,DRUG/NARCOTIC,05,TENDERLOIN,1,Saturday
4278,DRUG/NARCOTIC,05,TENDERLOIN,1,Sunday
4279,DRUG/NARCOTIC,05,TENDERLOIN,5,Tuesday
4280,DRUG/NARCOTIC,06,BAYVIEW,2,Friday
4281,DRUG/NARCOTIC,06,BAYVIEW,2,Sunday
4282,DRUG/NARCOTIC,06,BAYVIEW,1,Thursday
4283,DRUG/NARCOTIC,06,BAYVIEW,2,Tuesday
4284,DRUG/NARCOTIC,06,CENTRAL,1,Friday
4285,DRUG/NARCOTIC,06,CENTRAL,1,Saturday
4286,DRUG/NARCOTIC,06,CENTRAL,1,Sunday
4287,DRUG/NARCOTIC,06,INGLESIDE,4,Tuesday
4288,DRUG/NARCOTIC,06,MISSION,4,Friday
4289,DRUG/NARCOTIC,06,MISSION,2,Monday
4290,DRUG/NARCOTIC,06,MISSION,1,Saturday
4291,DRUG/NARCOTIC,06,MISSION,2,Sunday
4292,DRUG/NARCOTIC,06,MISSION,4,Thursday
4293,DRUG/NARCOTIC,06,MISSION,4,Wednesday
4294,DRUG/NARCOTIC,06,NORTHERN,1,Friday
4295,DRUG/NARCOTIC,06,NORTHERN,8,Monday
4296,DRUG/NARCOTIC,06,NORTHERN,7,Sunday
4297,DRUG/NARCOTIC,06,NORTHERN,2,Thursday
4298,DRUG/NARCOTIC,06,NORTHERN,2,Wednesday
4299,DRUG/NARCOTIC,06,PARK,1,Sunday
4300,DRUG/NARCOTIC,06,PARK,4,Tuesday
4301,DRUG/NARCOTIC,06,RICHMOND,1,Tuesday
4302,DRUG/NARCOTIC,06,SOUTHERN,2,Friday
4303,DRUG/NARCOTIC,06,SOUTHERN,1,Monday
4304,DRUG/NARCOTIC,06,SOUTHERN,3,Saturday
4305,DRUG/NARCOTIC,06,SOUTHERN,5,Sunday
4306,DRUG/NARCOTIC,06,SOUTHERN,1,Thursday
4307,DRUG/NARCOTIC,06,SOUTHERN,4,Tuesday
4308,DRUG/NARCOTIC,06,TARAVAL,1,Sunday
4309,DRUG/NARCOTIC,06,TENDERLOIN,7,Friday
4310,DRUG/NARCOTIC,06,TENDERLOIN,5,Monday
4311,DRUG/NARCOTIC,06,TENDERLOIN,8,Saturday
4312,DRUG/NARCOTIC,06,TENDERLOIN,5,Sunday
4313,DRUG/NARCOTIC,06,TENDERLOIN,2,Thursday
4314,DRUG/NARCOTIC,06,TENDERLOIN,3,Wednesday
4315,DRUG/NARCOTIC,07,BAYVIEW,2,Friday
4316,DRUG/NARCOTIC,07,BAYVIEW,2,Monday
4317,DRUG/NARCOTIC,07,BAYVIEW,3,Saturday
4318,DRUG/NARCOTIC,07,BAYVIEW,2,Sunday
4319,DRUG/NARCOTIC,07,BAYVIEW,2,Thursday
4320,DRUG/NARCOTIC,07,BAYVIEW,4,Tuesday
4321,DRUG/NARCOTIC,07,BAYVIEW,3,Wednesday
4322,DRUG/NARCOTIC,07,CENTRAL,2,Friday
4323,DRUG/NARCOTIC,07,CENTRAL,1,Saturday
4324,DRUG/NARCOTIC,07,CENTRAL,1,Thursday
4325,DRUG/NARCOTIC,07,CENTRAL,2,Wednesday
4326,DRUG/NARCOTIC,07,INGLESIDE,1,Monday
4327,DRUG/NARCOTIC,07,INGLESIDE,3,Saturday
4328,DRUG/NARCOTIC,07,INGLESIDE,2,Thursday
4329,DRUG/NARCOTIC,07,INGLESIDE,2,Wednesday
4330,DRUG/NARCOTIC,07,MISSION,3,Friday
4331,DRUG/NARCOTIC,07,MISSION,2,Monday
4332,DRUG/NARCOTIC,07,MISSION,4,Saturday
4333,DRUG/NARCOTIC,07,MISSION,4,Thursday
4334,DRUG/NARCOTIC,07,MISSION,4,Wednesday
4335,DRUG/NARCOTIC,07,NORTHERN,2,Monday
4336,DRUG/NARCOTIC,07,NORTHERN,3,Saturday
4337,DRUG/NARCOTIC,07,NORTHERN,6,Sunday
4338,DRUG/NARCOTIC,07,NORTHERN,3,Tuesday
4339,DRUG/NARCOTIC,07,NORTHERN,4,Wednesday
4340,DRUG/NARCOTIC,07,PARK,1,Friday
4341,DRUG/NARCOTIC,07,PARK,1,Monday
4342,DRUG/NARCOTIC,07,PARK,1,Thursday
4343,DRUG/NARCOTIC,07,PARK,1,Tuesday
4344,DRUG/NARCOTIC,07,PARK,1,Wednesday
4345,DRUG/NARCOTIC,07,RICHMOND,2,Wednesday
4346,DRUG/NARCOTIC,07,SOUTHERN,1,Friday
4347,DRUG/NARCOTIC,07,SOUTHERN,3,Monday
4348,DRUG/NARCOTIC,07,SOUTHERN,3,Saturday
4349,DRUG/NARCOTIC,07,SOUTHERN,6,Sunday
4350,DRUG/NARCOTIC,07,SOUTHERN,8,Thursday
4351,DRUG/NARCOTIC,07,SOUTHERN,1,Tuesday
4352,DRUG/NARCOTIC,07,SOUTHERN,10,Wednesday
4353,DRUG/NARCOTIC,07,TARAVAL,1,Monday
4354,DRUG/NARCOTIC,07,TARAVAL,1,Sunday
4355,DRUG/NARCOTIC,07,TARAVAL,2,Thursday
4356,DRUG/NARCOTIC,07,TARAVAL,1,Tuesday
4357,DRUG/NARCOTIC,07,TARAVAL,1,Wednesday
4358,DRUG/NARCOTIC,07,TENDERLOIN,6,Friday
4359,DRUG/NARCOTIC,07,TENDERLOIN,9,Monday
4360,DRUG/NARCOTIC,07,TENDERLOIN,7,Saturday
4361,DRUG/NARCOTIC,07,TENDERLOIN,1,Sunday
4362,DRUG/NARCOTIC,07,TENDERLOIN,9,Thursday
4363,DRUG/NARCOTIC,07,TENDERLOIN,9,Tuesday
4364,DRUG/NARCOTIC,07,TENDERLOIN,4,Wednesday
4365,DRUG/NARCOTIC,08,BAYVIEW,3,Friday
4366,DRUG/NARCOTIC,08,BAYVIEW,6,Monday
4367,DRUG/NARCOTIC,08,BAYVIEW,2,Saturday
4368,DRUG/NARCOTIC,08,BAYVIEW,5,Sunday
4369,DRUG/NARCOTIC,08,BAYVIEW,1,Thursday
4370,DRUG/NARCOTIC,08,BAYVIEW,7,Tuesday
4371,DRUG/NARCOTIC,08,BAYVIEW,6,Wednesday
4372,DRUG/NARCOTIC,08,CENTRAL,1,Monday
4373,DRUG/NARCOTIC,08,CENTRAL,4,Saturday
4374,DRUG/NARCOTIC,08,CENTRAL,1,Thursday
4375,DRUG/NARCOTIC,08,CENTRAL,1,Wednesday
4376,DRUG/NARCOTIC,08,INGLESIDE,1,Saturday
4377,DRUG/NARCOTIC,08,INGLESIDE,2,Tuesday
4378,DRUG/NARCOTIC,08,MISSION,6,Friday
4379,DRUG/NARCOTIC,08,MISSION,5,Monday
4380,DRUG/NARCOTIC,08,MISSION,4,Saturday
4381,DRUG/NARCOTIC,08,MISSION,4,Sunday
4382,DRUG/NARCOTIC,08,MISSION,4,Thursday
4383,DRUG/NARCOTIC,08,MISSION,6,Tuesday
4384,DRUG/NARCOTIC,08,MISSION,1,Wednesday
4385,DRUG/NARCOTIC,08,NORTHERN,3,Friday
4386,DRUG/NARCOTIC,08,NORTHERN,15,Monday
4387,DRUG/NARCOTIC,08,NORTHERN,3,Saturday
4388,DRUG/NARCOTIC,08,NORTHERN,3,Sunday
4389,DRUG/NARCOTIC,08,NORTHERN,3,Thursday
4390,DRUG/NARCOTIC,08,NORTHERN,3,Tuesday
4391,DRUG/NARCOTIC,08,NORTHERN,6,Wednesday
4392,DRUG/NARCOTIC,08,PARK,2,Friday
4393,DRUG/NARCOTIC,08,PARK,1,Monday
4394,DRUG/NARCOTIC,08,PARK,1,Thursday
4395,DRUG/NARCOTIC,08,RICHMOND,1,Thursday
4396,DRUG/NARCOTIC,08,SOUTHERN,2,Friday
4397,DRUG/NARCOTIC,08,SOUTHERN,3,Saturday
4398,DRUG/NARCOTIC,08,SOUTHERN,2,Sunday
4399,DRUG/NARCOTIC,08,SOUTHERN,7,Thursday
4400,DRUG/NARCOTIC,08,SOUTHERN,3,Tuesday
4401,DRUG/NARCOTIC,08,SOUTHERN,9,Wednesday
4402,DRUG/NARCOTIC,08,TARAVAL,2,Thursday
4403,DRUG/NARCOTIC,08,TENDERLOIN,6,Friday
4404,DRUG/NARCOTIC,08,TENDERLOIN,13,Monday
4405,DRUG/NARCOTIC,08,TENDERLOIN,5,Saturday
4406,DRUG/NARCOTIC,08,TENDERLOIN,11,Sunday
4407,DRUG/NARCOTIC,08,TENDERLOIN,9,Thursday
4408,DRUG/NARCOTIC,08,TENDERLOIN,9,Tuesday
4409,DRUG/NARCOTIC,08,TENDERLOIN,10,Wednesday
4410,DRUG/NARCOTIC,09,BAYVIEW,3,Friday
4411,DRUG/NARCOTIC,09,BAYVIEW,6,Monday
4412,DRUG/NARCOTIC,09,BAYVIEW,4,Saturday
4413,DRUG/NARCOTIC,09,BAYVIEW,6,Sunday
4414,DRUG/NARCOTIC,09,BAYVIEW,3,Thursday
4415,DRUG/NARCOTIC,09,BAYVIEW,10,Tuesday
4416,DRUG/NARCOTIC,09,BAYVIEW,9,Wednesday
4417,DRUG/NARCOTIC,09,CENTRAL,1,Monday
4418,DRUG/NARCOTIC,09,CENTRAL,2,Saturday
4419,DRUG/NARCOTIC,09,CENTRAL,2,Thursday
4420,DRUG/NARCOTIC,09,CENTRAL,3,Tuesday
4421,DRUG/NARCOTIC,09,INGLESIDE,2,Friday
4422,DRUG/NARCOTIC,09,INGLESIDE,3,Monday
4423,DRUG/NARCOTIC,09,INGLESIDE,2,Saturday
4424,DRUG/NARCOTIC,09,MISSION,3,Friday
4425,DRUG/NARCOTIC,09,MISSION,6,Monday
4426,DRUG/NARCOTIC,09,MISSION,2,Saturday
4427,DRUG/NARCOTIC,09,MISSION,12,Sunday
4428,DRUG/NARCOTIC,09,MISSION,3,Thursday
4429,DRUG/NARCOTIC,09,MISSION,3,Tuesday
4430,DRUG/NARCOTIC,09,MISSION,4,Wednesday
4431,DRUG/NARCOTIC,09,NORTHERN,3,Friday
4432,DRUG/NARCOTIC,09,NORTHERN,4,Monday
4433,DRUG/NARCOTIC,09,NORTHERN,7,Saturday
4434,DRUG/NARCOTIC,09,NORTHERN,2,Sunday
4435,DRUG/NARCOTIC,09,NORTHERN,8,Tuesday
4436,DRUG/NARCOTIC,09,NORTHERN,4,Wednesday
4437,DRUG/NARCOTIC,09,PARK,1,Saturday
4438,DRUG/NARCOTIC,09,PARK,1,Tuesday
4439,DRUG/NARCOTIC,09,PARK,1,Wednesday
4440,DRUG/NARCOTIC,09,RICHMOND,4,Tuesday
4441,DRUG/NARCOTIC,09,RICHMOND,1,Wednesday
4442,DRUG/NARCOTIC,09,SOUTHERN,8,Friday
4443,DRUG/NARCOTIC,09,SOUTHERN,9,Monday
4444,DRUG/NARCOTIC,09,SOUTHERN,3,Saturday
4445,DRUG/NARCOTIC,09,SOUTHERN,2,Sunday
4446,DRUG/NARCOTIC,09,SOUTHERN,4,Thursday
4447,DRUG/NARCOTIC,09,SOUTHERN,4,Wednesday
4448,DRUG/NARCOTIC,09,TARAVAL,1,Saturday
4449,DRUG/NARCOTIC,09,TARAVAL,1,Sunday
4450,DRUG/NARCOTIC,09,TARAVAL,1,Thursday
4451,DRUG/NARCOTIC,09,TARAVAL,2,Tuesday
4452,DRUG/NARCOTIC,09,TENDERLOIN,8,Friday
4453,DRUG/NARCOTIC,09,TENDERLOIN,8,Monday
4454,DRUG/NARCOTIC,09,TENDERLOIN,5,Saturday
4455,DRUG/NARCOTIC,09,TENDERLOIN,9,Sunday
4456,DRUG/NARCOTIC,09,TENDERLOIN,11,Thursday
4457,DRUG/NARCOTIC,09,TENDERLOIN,5,Tuesday
4458,DRUG/NARCOTIC,09,TENDERLOIN,7,Wednesday
4459,DRUG/NARCOTIC,10,BAYVIEW,1,Friday
4460,DRUG/NARCOTIC,10,BAYVIEW,2,Monday
4461,DRUG/NARCOTIC,10,BAYVIEW,1,Saturday
4462,DRUG/NARCOTIC,10,BAYVIEW,3,Sunday
4463,DRUG/NARCOTIC,10,BAYVIEW,1,Thursday
4464,DRUG/NARCOTIC,10,BAYVIEW,6,Tuesday
4465,DRUG/NARCOTIC,10,BAYVIEW,3,Wednesday
4466,DRUG/NARCOTIC,10,CENTRAL,5,Friday
4467,DRUG/NARCOTIC,10,CENTRAL,1,Monday
4468,DRUG/NARCOTIC,10,CENTRAL,5,Sunday
4469,DRUG/NARCOTIC,10,CENTRAL,2,Thursday
4470,DRUG/NARCOTIC,10,CENTRAL,2,Tuesday
4471,DRUG/NARCOTIC,10,CENTRAL,1,Wednesday
4472,DRUG/NARCOTIC,10,INGLESIDE,3,Friday
4473,DRUG/NARCOTIC,10,INGLESIDE,6,Monday
4474,DRUG/NARCOTIC,10,INGLESIDE,2,Sunday
4475,DRUG/NARCOTIC,10,INGLESIDE,1,Wednesday
4476,DRUG/NARCOTIC,10,MISSION,4,Friday
4477,DRUG/NARCOTIC,10,MISSION,2,Monday
4478,DRUG/NARCOTIC,10,MISSION,7,Saturday
4479,DRUG/NARCOTIC,10,MISSION,6,Sunday
4480,DRUG/NARCOTIC,10,MISSION,2,Thursday
4481,DRUG/NARCOTIC,10,MISSION,5,Tuesday
4482,DRUG/NARCOTIC,10,MISSION,1,Wednesday
4483,DRUG/NARCOTIC,10,NORTHERN,3,Friday
4484,DRUG/NARCOTIC,10,NORTHERN,5,Monday
4485,DRUG/NARCOTIC,10,NORTHERN,4,Saturday
4486,DRUG/NARCOTIC,10,NORTHERN,8,Sunday
4487,DRUG/NARCOTIC,10,NORTHERN,6,Thursday
4488,DRUG/NARCOTIC,10,NORTHERN,8,Tuesday
4489,DRUG/NARCOTIC,10,NORTHERN,1,Wednesday
4490,DRUG/NARCOTIC,10,PARK,1,Saturday
4491,DRUG/NARCOTIC,10,PARK,2,Wednesday
4492,DRUG/NARCOTIC,10,RICHMOND,1,Tuesday
4493,DRUG/NARCOTIC,10,SOUTHERN,4,Friday
4494,DRUG/NARCOTIC,10,SOUTHERN,1,Monday
4495,DRUG/NARCOTIC,10,SOUTHERN,3,Saturday
4496,DRUG/NARCOTIC,10,SOUTHERN,4,Sunday
4497,DRUG/NARCOTIC,10,SOUTHERN,7,Thursday
4498,DRUG/NARCOTIC,10,SOUTHERN,4,Tuesday
4499,DRUG/NARCOTIC,10,SOUTHERN,3,Wednesday
4500,DRUG/NARCOTIC,10,TARAVAL,2,Friday
4501,DRUG/NARCOTIC,10,TARAVAL,1,Monday
4502,DRUG/NARCOTIC,10,TARAVAL,1,Thursday
4503,DRUG/NARCOTIC,10,TARAVAL,1,Wednesday
4504,DRUG/NARCOTIC,10,TENDERLOIN,4,Friday
4505,DRUG/NARCOTIC,10,TENDERLOIN,9,Monday
4506,DRUG/NARCOTIC,10,TENDERLOIN,14,Saturday
4507,DRUG/NARCOTIC,10,TENDERLOIN,5,Sunday
4508,DRUG/NARCOTIC,10,TENDERLOIN,4,Thursday
4509,DRUG/NARCOTIC,10,TENDERLOIN,13,Tuesday
4510,DRUG/NARCOTIC,10,TENDERLOIN,6,Wednesday
4511,DRUG/NARCOTIC,11,BAYVIEW,1,Friday
4512,DRUG/NARCOTIC,11,BAYVIEW,4,Monday
4513,DRUG/NARCOTIC,11,BAYVIEW,2,Sunday
4514,DRUG/NARCOTIC,11,BAYVIEW,3,Thursday
4515,DRUG/NARCOTIC,11,BAYVIEW,5,Tuesday
4516,DRUG/NARCOTIC,11,BAYVIEW,3,Wednesday
4517,DRUG/NARCOTIC,11,CENTRAL,5,Friday
4518,DRUG/NARCOTIC,11,CENTRAL,2,Monday
4519,DRUG/NARCOTIC,11,CENTRAL,1,Saturday
4520,DRUG/NARCOTIC,11,CENTRAL,2,Sunday
4521,DRUG/NARCOTIC,11,CENTRAL,2,Wednesday
4522,DRUG/NARCOTIC,11,INGLESIDE,3,Monday
4523,DRUG/NARCOTIC,11,INGLESIDE,2,Sunday
4524,DRUG/NARCOTIC,11,INGLESIDE,2,Thursday
4525,DRUG/NARCOTIC,11,INGLESIDE,3,Tuesday
4526,DRUG/NARCOTIC,11,INGLESIDE,2,Wednesday
4527,DRUG/NARCOTIC,11,MISSION,4,Friday
4528,DRUG/NARCOTIC,11,MISSION,3,Monday
4529,DRUG/NARCOTIC,11,MISSION,8,Saturday
4530,DRUG/NARCOTIC,11,MISSION,3,Sunday
4531,DRUG/NARCOTIC,11,MISSION,7,Thursday
4532,DRUG/NARCOTIC,11,MISSION,7,Tuesday
4533,DRUG/NARCOTIC,11,MISSION,7,Wednesday
4534,DRUG/NARCOTIC,11,NORTHERN,8,Saturday
4535,DRUG/NARCOTIC,11,NORTHERN,4,Sunday
4536,DRUG/NARCOTIC,11,NORTHERN,3,Tuesday
4537,DRUG/NARCOTIC,11,NORTHERN,4,Wednesday
4538,DRUG/NARCOTIC,11,PARK,1,Friday
4539,DRUG/NARCOTIC,11,PARK,3,Monday
4540,DRUG/NARCOTIC,11,PARK,1,Saturday
4541,DRUG/NARCOTIC,11,PARK,2,Sunday
4542,DRUG/NARCOTIC,11,PARK,1,Thursday
4543,DRUG/NARCOTIC,11,PARK,5,Tuesday
4544,DRUG/NARCOTIC,11,PARK,1,Wednesday
4545,DRUG/NARCOTIC,11,RICHMOND,2,Saturday
4546,DRUG/NARCOTIC,11,RICHMOND,3,Wednesday
4547,DRUG/NARCOTIC,11,SOUTHERN,8,Friday
4548,DRUG/NARCOTIC,11,SOUTHERN,3,Monday
4549,DRUG/NARCOTIC,11,SOUTHERN,5,Saturday
4550,DRUG/NARCOTIC,11,SOUTHERN,6,Sunday
4551,DRUG/NARCOTIC,11,SOUTHERN,6,Thursday
4552,DRUG/NARCOTIC,11,SOUTHERN,7,Tuesday
4553,DRUG/NARCOTIC,11,SOUTHERN,4,Wednesday
4554,DRUG/NARCOTIC,11,TARAVAL,1,Friday
4555,DRUG/NARCOTIC,11,TARAVAL,1,Thursday
4556,DRUG/NARCOTIC,11,TARAVAL,1,Tuesday
4557,DRUG/NARCOTIC,11,TARAVAL,1,Wednesday
4558,DRUG/NARCOTIC,11,TENDERLOIN,10,Friday
4559,DRUG/NARCOTIC,11,TENDERLOIN,8,Monday
4560,DRUG/NARCOTIC,11,TENDERLOIN,4,Saturday
4561,DRUG/NARCOTIC,11,TENDERLOIN,9,Sunday
4562,DRUG/NARCOTIC,11,TENDERLOIN,12,Thursday
4563,DRUG/NARCOTIC,11,TENDERLOIN,8,Tuesday
4564,DRUG/NARCOTIC,11,TENDERLOIN,7,Wednesday
4565,DRUG/NARCOTIC,12,BAYVIEW,7,Monday
4566,DRUG/NARCOTIC,12,BAYVIEW,5,Saturday
4567,DRUG/NARCOTIC,12,BAYVIEW,6,Sunday
4568,DRUG/NARCOTIC,12,BAYVIEW,2,Thursday
4569,DRUG/NARCOTIC,12,BAYVIEW,7,Tuesday
4570,DRUG/NARCOTIC,12,BAYVIEW,2,Wednesday
4571,DRUG/NARCOTIC,12,CENTRAL,3,Friday
4572,DRUG/NARCOTIC,12,CENTRAL,4,Saturday
4573,DRUG/NARCOTIC,12,CENTRAL,1,Sunday
4574,DRUG/NARCOTIC,12,CENTRAL,1,Thursday
4575,DRUG/NARCOTIC,12,CENTRAL,1,Tuesday
4576,DRUG/NARCOTIC,12,CENTRAL,2,Wednesday
4577,DRUG/NARCOTIC,12,INGLESIDE,3,Friday
4578,DRUG/NARCOTIC,12,INGLESIDE,1,Monday
4579,DRUG/NARCOTIC,12,INGLESIDE,1,Thursday
4580,DRUG/NARCOTIC,12,INGLESIDE,1,Tuesday
4581,DRUG/NARCOTIC,12,MISSION,5,Friday
4582,DRUG/NARCOTIC,12,MISSION,5,Monday
4583,DRUG/NARCOTIC,12,MISSION,5,Saturday
4584,DRUG/NARCOTIC,12,MISSION,6,Sunday
4585,DRUG/NARCOTIC,12,MISSION,5,Thursday
4586,DRUG/NARCOTIC,12,MISSION,4,Tuesday
4587,DRUG/NARCOTIC,12,MISSION,14,Wednesday
4588,DRUG/NARCOTIC,12,NORTHERN,4,Friday
4589,DRUG/NARCOTIC,12,NORTHERN,6,Monday
4590,DRUG/NARCOTIC,12,NORTHERN,1,Saturday
4591,DRUG/NARCOTIC,12,NORTHERN,2,Sunday
4592,DRUG/NARCOTIC,12,NORTHERN,3,Thursday
4593,DRUG/NARCOTIC,12,NORTHERN,7,Tuesday
4594,DRUG/NARCOTIC,12,NORTHERN,2,Wednesday
4595,DRUG/NARCOTIC,12,PARK,2,Friday
4596,DRUG/NARCOTIC,12,PARK,4,Monday
4597,DRUG/NARCOTIC,12,PARK,2,Sunday
4598,DRUG/NARCOTIC,12,PARK,2,Thursday
4599,DRUG/NARCOTIC,12,PARK,2,Tuesday
4600,DRUG/NARCOTIC,12,PARK,2,Wednesday
4601,DRUG/NARCOTIC,12,RICHMOND,1,Friday
4602,DRUG/NARCOTIC,12,RICHMOND,2,Tuesday
4603,DRUG/NARCOTIC,12,RICHMOND,1,Wednesday
4604,DRUG/NARCOTIC,12,SOUTHERN,3,Friday
4605,DRUG/NARCOTIC,12,SOUTHERN,10,Monday
4606,DRUG/NARCOTIC,12,SOUTHERN,3,Saturday
4607,DRUG/NARCOTIC,12,SOUTHERN,2,Sunday
4608,DRUG/NARCOTIC,12,SOUTHERN,6,Thursday
4609,DRUG/NARCOTIC,12,SOUTHERN,8,Tuesday
4610,DRUG/NARCOTIC,12,SOUTHERN,7,Wednesday
4611,DRUG/NARCOTIC,12,TARAVAL,1,Monday
4612,DRUG/NARCOTIC,12,TARAVAL,1,Saturday
4613,DRUG/NARCOTIC,12,TARAVAL,2,Thursday
4614,DRUG/NARCOTIC,12,TARAVAL,3,Tuesday
4615,DRUG/NARCOTIC,12,TARAVAL,3,Wednesday
4616,DRUG/NARCOTIC,12,TENDERLOIN,11,Friday
4617,DRUG/NARCOTIC,12,TENDERLOIN,8,Monday
4618,DRUG/NARCOTIC,12,TENDERLOIN,13,Saturday
4619,DRUG/NARCOTIC,12,TENDERLOIN,4,Sunday
4620,DRUG/NARCOTIC,12,TENDERLOIN,7,Thursday
4621,DRUG/NARCOTIC,12,TENDERLOIN,12,Tuesday
4622,DRUG/NARCOTIC,12,TENDERLOIN,15,Wednesday
4623,DRUG/NARCOTIC,13,BAYVIEW,3,Friday
4624,DRUG/NARCOTIC,13,BAYVIEW,1,Monday
4625,DRUG/NARCOTIC,13,BAYVIEW,4,Saturday
4626,DRUG/NARCOTIC,13,BAYVIEW,5,Sunday
4627,DRUG/NARCOTIC,13,BAYVIEW,4,Thursday
4628,DRUG/NARCOTIC,13,BAYVIEW,5,Tuesday
4629,DRUG/NARCOTIC,13,BAYVIEW,1,Wednesday
4630,DRUG/NARCOTIC,13,CENTRAL,4,Friday
4631,DRUG/NARCOTIC,13,CENTRAL,1,Monday
4632,DRUG/NARCOTIC,13,CENTRAL,1,Saturday
4633,DRUG/NARCOTIC,13,CENTRAL,2,Tuesday
4634,DRUG/NARCOTIC,13,INGLESIDE,3,Friday
4635,DRUG/NARCOTIC,13,INGLESIDE,3,Saturday
4636,DRUG/NARCOTIC,13,INGLESIDE,3,Sunday
4637,DRUG/NARCOTIC,13,INGLESIDE,1,Thursday
4638,DRUG/NARCOTIC,13,MISSION,7,Friday
4639,DRUG/NARCOTIC,13,MISSION,9,Monday
4640,DRUG/NARCOTIC,13,MISSION,8,Saturday
4641,DRUG/NARCOTIC,13,MISSION,3,Sunday
4642,DRUG/NARCOTIC,13,MISSION,5,Thursday
4643,DRUG/NARCOTIC,13,MISSION,13,Tuesday
4644,DRUG/NARCOTIC,13,MISSION,9,Wednesday
4645,DRUG/NARCOTIC,13,NORTHERN,2,Friday
4646,DRUG/NARCOTIC,13,NORTHERN,4,Monday
4647,DRUG/NARCOTIC,13,NORTHERN,1,Saturday
4648,DRUG/NARCOTIC,13,NORTHERN,7,Sunday
4649,DRUG/NARCOTIC,13,NORTHERN,5,Thursday
4650,DRUG/NARCOTIC,13,NORTHERN,2,Tuesday
4651,DRUG/NARCOTIC,13,NORTHERN,5,Wednesday
4652,DRUG/NARCOTIC,13,PARK,3,Friday
4653,DRUG/NARCOTIC,13,PARK,4,Monday
4654,DRUG/NARCOTIC,13,PARK,3,Saturday
4655,DRUG/NARCOTIC,13,PARK,1,Sunday
4656,DRUG/NARCOTIC,13,PARK,1,Thursday
4657,DRUG/NARCOTIC,13,PARK,1,Tuesday
4658,DRUG/NARCOTIC,13,RICHMOND,1,Tuesday
4659,DRUG/NARCOTIC,13,SOUTHERN,5,Friday
4660,DRUG/NARCOTIC,13,SOUTHERN,3,Monday
4661,DRUG/NARCOTIC,13,SOUTHERN,2,Saturday
4662,DRUG/NARCOTIC,13,SOUTHERN,3,Sunday
4663,DRUG/NARCOTIC,13,SOUTHERN,14,Thursday
4664,DRUG/NARCOTIC,13,SOUTHERN,7,Tuesday
4665,DRUG/NARCOTIC,13,SOUTHERN,15,Wednesday
4666,DRUG/NARCOTIC,13,TARAVAL,2,Monday
4667,DRUG/NARCOTIC,13,TARAVAL,3,Wednesday
4668,DRUG/NARCOTIC,13,TENDERLOIN,12,Friday
4669,DRUG/NARCOTIC,13,TENDERLOIN,10,Monday
4670,DRUG/NARCOTIC,13,TENDERLOIN,14,Saturday
4671,DRUG/NARCOTIC,13,TENDERLOIN,9,Sunday
4672,DRUG/NARCOTIC,13,TENDERLOIN,18,Thursday
4673,DRUG/NARCOTIC,13,TENDERLOIN,19,Tuesday
4674,DRUG/NARCOTIC,13,TENDERLOIN,11,Wednesday
4675,DRUG/NARCOTIC,14,BAYVIEW,2,Friday
4676,DRUG/NARCOTIC,14,BAYVIEW,1,Sunday
4677,DRUG/NARCOTIC,14,BAYVIEW,1,Thursday
4678,DRUG/NARCOTIC,14,BAYVIEW,1,Tuesday
4679,DRUG/NARCOTIC,14,BAYVIEW,3,Wednesday
4680,DRUG/NARCOTIC,14,CENTRAL,1,Monday
4681,DRUG/NARCOTIC,14,CENTRAL,1,Saturday
4682,DRUG/NARCOTIC,14,CENTRAL,1,Sunday
4683,DRUG/NARCOTIC,14,CENTRAL,1,Tuesday
4684,DRUG/NARCOTIC,14,CENTRAL,2,Wednesday
4685,DRUG/NARCOTIC,14,INGLESIDE,1,Friday
4686,DRUG/NARCOTIC,14,INGLESIDE,3,Monday
4687,DRUG/NARCOTIC,14,INGLESIDE,1,Saturday
4688,DRUG/NARCOTIC,14,INGLESIDE,4,Sunday
4689,DRUG/NARCOTIC,14,INGLESIDE,7,Thursday
4690,DRUG/NARCOTIC,14,INGLESIDE,6,Tuesday
4691,DRUG/NARCOTIC,14,INGLESIDE,2,Wednesday
4692,DRUG/NARCOTIC,14,MISSION,6,Friday
4693,DRUG/NARCOTIC,14,MISSION,7,Monday
4694,DRUG/NARCOTIC,14,MISSION,2,Saturday
4695,DRUG/NARCOTIC,14,MISSION,8,Sunday
4696,DRUG/NARCOTIC,14,MISSION,8,Thursday
4697,DRUG/NARCOTIC,14,MISSION,6,Tuesday
4698,DRUG/NARCOTIC,14,MISSION,6,Wednesday
4699,DRUG/NARCOTIC,14,NORTHERN,10,Friday
4700,DRUG/NARCOTIC,14,NORTHERN,2,Monday
4701,DRUG/NARCOTIC,14,NORTHERN,1,Saturday
4702,DRUG/NARCOTIC,14,NORTHERN,1,Sunday
4703,DRUG/NARCOTIC,14,NORTHERN,5,Thursday
4704,DRUG/NARCOTIC,14,NORTHERN,5,Tuesday
4705,DRUG/NARCOTIC,14,NORTHERN,10,Wednesday
4706,DRUG/NARCOTIC,14,PARK,4,Friday
4707,DRUG/NARCOTIC,14,PARK,4,Monday
4708,DRUG/NARCOTIC,14,PARK,2,Sunday
4709,DRUG/NARCOTIC,14,RICHMOND,1,Monday
4710,DRUG/NARCOTIC,14,RICHMOND,1,Thursday
4711,DRUG/NARCOTIC,14,RICHMOND,1,Wednesday
4712,DRUG/NARCOTIC,14,SOUTHERN,2,Friday
4713,DRUG/NARCOTIC,14,SOUTHERN,6,Monday
4714,DRUG/NARCOTIC,14,SOUTHERN,4,Saturday
4715,DRUG/NARCOTIC,14,SOUTHERN,2,Sunday
4716,DRUG/NARCOTIC,14,SOUTHERN,9,Thursday
4717,DRUG/NARCOTIC,14,SOUTHERN,6,Tuesday
4718,DRUG/NARCOTIC,14,SOUTHERN,6,Wednesday
4719,DRUG/NARCOTIC,14,TARAVAL,1,Saturday
4720,DRUG/NARCOTIC,14,TARAVAL,1,Sunday
4721,DRUG/NARCOTIC,14,TARAVAL,4,Thursday
4722,DRUG/NARCOTIC,14,TENDERLOIN,3,Friday
4723,DRUG/NARCOTIC,14,TENDERLOIN,7,Monday
4724,DRUG/NARCOTIC,14,TENDERLOIN,8,Saturday
4725,DRUG/NARCOTIC,14,TENDERLOIN,9,Sunday
4726,DRUG/NARCOTIC,14,TENDERLOIN,8,Thursday
4727,DRUG/NARCOTIC,14,TENDERLOIN,10,Tuesday
4728,DRUG/NARCOTIC,14,TENDERLOIN,16,Wednesday
4729,DRUG/NARCOTIC,15,BAYVIEW,5,Friday
4730,DRUG/NARCOTIC,15,BAYVIEW,3,Monday
4731,DRUG/NARCOTIC,15,BAYVIEW,2,Saturday
4732,DRUG/NARCOTIC,15,BAYVIEW,8,Thursday
4733,DRUG/NARCOTIC,15,BAYVIEW,1,Tuesday
4734,DRUG/NARCOTIC,15,BAYVIEW,3,Wednesday
4735,DRUG/NARCOTIC,15,CENTRAL,1,Friday
4736,DRUG/NARCOTIC,15,CENTRAL,2,Monday
4737,DRUG/NARCOTIC,15,CENTRAL,2,Saturday
4738,DRUG/NARCOTIC,15,CENTRAL,2,Sunday
4739,DRUG/NARCOTIC,15,CENTRAL,1,Thursday
4740,DRUG/NARCOTIC,15,CENTRAL,2,Tuesday
4741,DRUG/NARCOTIC,15,CENTRAL,1,Wednesday
4742,DRUG/NARCOTIC,15,INGLESIDE,3,Friday
4743,DRUG/NARCOTIC,15,INGLESIDE,3,Monday
4744,DRUG/NARCOTIC,15,INGLESIDE,1,Saturday
4745,DRUG/NARCOTIC,15,INGLESIDE,3,Wednesday
4746,DRUG/NARCOTIC,15,MISSION,3,Friday
4747,DRUG/NARCOTIC,15,MISSION,3,Monday
4748,DRUG/NARCOTIC,15,MISSION,7,Saturday
4749,DRUG/NARCOTIC,15,MISSION,7,Sunday
4750,DRUG/NARCOTIC,15,MISSION,6,Thursday
4751,DRUG/NARCOTIC,15,MISSION,1,Tuesday
4752,DRUG/NARCOTIC,15,MISSION,6,Wednesday
4753,DRUG/NARCOTIC,15,NORTHERN,2,Friday
4754,DRUG/NARCOTIC,15,NORTHERN,5,Monday
4755,DRUG/NARCOTIC,15,NORTHERN,3,Sunday
4756,DRUG/NARCOTIC,15,NORTHERN,7,Thursday
4757,DRUG/NARCOTIC,15,NORTHERN,5,Tuesday
4758,DRUG/NARCOTIC,15,NORTHERN,4,Wednesday
4759,DRUG/NARCOTIC,15,PARK,8,Friday
4760,DRUG/NARCOTIC,15,PARK,2,Monday
4761,DRUG/NARCOTIC,15,PARK,1,Saturday
4762,DRUG/NARCOTIC,15,PARK,2,Sunday
4763,DRUG/NARCOTIC,15,PARK,3,Thursday
4764,DRUG/NARCOTIC,15,PARK,1,Tuesday
4765,DRUG/NARCOTIC,15,PARK,7,Wednesday
4766,DRUG/NARCOTIC,15,RICHMOND,2,Monday
4767,DRUG/NARCOTIC,15,RICHMOND,2,Saturday
4768,DRUG/NARCOTIC,15,RICHMOND,1,Tuesday
4769,DRUG/NARCOTIC,15,SOUTHERN,7,Friday
4770,DRUG/NARCOTIC,15,SOUTHERN,8,Monday
4771,DRUG/NARCOTIC,15,SOUTHERN,11,Saturday
4772,DRUG/NARCOTIC,15,SOUTHERN,11,Sunday
4773,DRUG/NARCOTIC,15,SOUTHERN,2,Thursday
4774,DRUG/NARCOTIC,15,SOUTHERN,4,Tuesday
4775,DRUG/NARCOTIC,15,SOUTHERN,8,Wednesday
4776,DRUG/NARCOTIC,15,TARAVAL,6,Sunday
4777,DRUG/NARCOTIC,15,TARAVAL,1,Thursday
4778,DRUG/NARCOTIC,15,TARAVAL,1,Tuesday
4779,DRUG/NARCOTIC,15,TENDERLOIN,16,Friday
4780,DRUG/NARCOTIC,15,TENDERLOIN,10,Monday
4781,DRUG/NARCOTIC,15,TENDERLOIN,9,Saturday
4782,DRUG/NARCOTIC,15,TENDERLOIN,3,Sunday
4783,DRUG/NARCOTIC,15,TENDERLOIN,8,Thursday
4784,DRUG/NARCOTIC,15,TENDERLOIN,10,Tuesday
4785,DRUG/NARCOTIC,15,TENDERLOIN,8,Wednesday
4786,DRUG/NARCOTIC,16,BAYVIEW,7,Friday
4787,DRUG/NARCOTIC,16,BAYVIEW,4,Sunday
4788,DRUG/NARCOTIC,16,BAYVIEW,5,Thursday
4789,DRUG/NARCOTIC,16,BAYVIEW,2,Tuesday
4790,DRUG/NARCOTIC,16,BAYVIEW,1,Wednesday
4791,DRUG/NARCOTIC,16,CENTRAL,1,Monday
4792,DRUG/NARCOTIC,16,CENTRAL,9,Saturday
4793,DRUG/NARCOTIC,16,CENTRAL,4,Sunday
4794,DRUG/NARCOTIC,16,CENTRAL,2,Thursday
4795,DRUG/NARCOTIC,16,CENTRAL,2,Wednesday
4796,DRUG/NARCOTIC,16,INGLESIDE,3,Saturday
4797,DRUG/NARCOTIC,16,INGLESIDE,4,Sunday
4798,DRUG/NARCOTIC,16,INGLESIDE,5,Thursday
4799,DRUG/NARCOTIC,16,INGLESIDE,1,Tuesday
4800,DRUG/NARCOTIC,16,INGLESIDE,4,Wednesday
4801,DRUG/NARCOTIC,16,MISSION,5,Friday
4802,DRUG/NARCOTIC,16,MISSION,9,Monday
4803,DRUG/NARCOTIC,16,MISSION,4,Saturday
4804,DRUG/NARCOTIC,16,MISSION,13,Sunday
4805,DRUG/NARCOTIC,16,MISSION,1,Thursday
4806,DRUG/NARCOTIC,16,MISSION,7,Tuesday
4807,DRUG/NARCOTIC,16,MISSION,7,Wednesday
4808,DRUG/NARCOTIC,16,NORTHERN,4,Friday
4809,DRUG/NARCOTIC,16,NORTHERN,11,Monday
4810,DRUG/NARCOTIC,16,NORTHERN,7,Saturday
4811,DRUG/NARCOTIC,16,NORTHERN,1,Thursday
4812,DRUG/NARCOTIC,16,NORTHERN,5,Tuesday
4813,DRUG/NARCOTIC,16,PARK,6,Friday
4814,DRUG/NARCOTIC,16,PARK,3,Monday
4815,DRUG/NARCOTIC,16,PARK,9,Saturday
4816,DRUG/NARCOTIC,16,PARK,7,Sunday
4817,DRUG/NARCOTIC,16,PARK,10,Thursday
4818,DRUG/NARCOTIC,16,PARK,4,Tuesday
4819,DRUG/NARCOTIC,16,PARK,7,Wednesday
4820,DRUG/NARCOTIC,16,RICHMOND,3,Friday
4821,DRUG/NARCOTIC,16,RICHMOND,1,Saturday
4822,DRUG/NARCOTIC,16,RICHMOND,1,Wednesday
4823,DRUG/NARCOTIC,16,SOUTHERN,6,Friday
4824,DRUG/NARCOTIC,16,SOUTHERN,6,Monday
4825,DRUG/NARCOTIC,16,SOUTHERN,10,Saturday
4826,DRUG/NARCOTIC,16,SOUTHERN,14,Sunday
4827,DRUG/NARCOTIC,16,SOUTHERN,14,Thursday
4828,DRUG/NARCOTIC,16,SOUTHERN,16,Tuesday
4829,DRUG/NARCOTIC,16,SOUTHERN,13,Wednesday
4830,DRUG/NARCOTIC,16,TARAVAL,1,Thursday
4831,DRUG/NARCOTIC,16,TARAVAL,1,Wednesday
4832,DRUG/NARCOTIC,16,TENDERLOIN,5,Friday
4833,DRUG/NARCOTIC,16,TENDERLOIN,7,Monday
4834,DRUG/NARCOTIC,16,TENDERLOIN,7,Saturday
4835,DRUG/NARCOTIC,16,TENDERLOIN,3,Sunday
4836,DRUG/NARCOTIC,16,TENDERLOIN,12,Thursday
4837,DRUG/NARCOTIC,16,TENDERLOIN,11,Tuesday
4838,DRUG/NARCOTIC,16,TENDERLOIN,16,Wednesday
4839,DRUG/NARCOTIC,17,BAYVIEW,2,Monday
4840,DRUG/NARCOTIC,17,BAYVIEW,4,Saturday
4841,DRUG/NARCOTIC,17,BAYVIEW,1,Sunday
4842,DRUG/NARCOTIC,17,BAYVIEW,1,Tuesday
4843,DRUG/NARCOTIC,17,CENTRAL,2,Monday
4844,DRUG/NARCOTIC,17,CENTRAL,4,Saturday
4845,DRUG/NARCOTIC,17,CENTRAL,4,Sunday
4846,DRUG/NARCOTIC,17,CENTRAL,1,Thursday
4847,DRUG/NARCOTIC,17,CENTRAL,5,Tuesday
4848,DRUG/NARCOTIC,17,CENTRAL,3,Wednesday
4849,DRUG/NARCOTIC,17,INGLESIDE,2,Friday
4850,DRUG/NARCOTIC,17,INGLESIDE,3,Monday
4851,DRUG/NARCOTIC,17,INGLESIDE,3,Sunday
4852,DRUG/NARCOTIC,17,INGLESIDE,1,Thursday
4853,DRUG/NARCOTIC,17,INGLESIDE,2,Tuesday
4854,DRUG/NARCOTIC,17,INGLESIDE,1,Wednesday
4855,DRUG/NARCOTIC,17,MISSION,4,Friday
4856,DRUG/NARCOTIC,17,MISSION,4,Monday
4857,DRUG/NARCOTIC,17,MISSION,4,Saturday
4858,DRUG/NARCOTIC,17,MISSION,5,Sunday
4859,DRUG/NARCOTIC,17,MISSION,4,Thursday
4860,DRUG/NARCOTIC,17,MISSION,4,Tuesday
4861,DRUG/NARCOTIC,17,MISSION,7,Wednesday
4862,DRUG/NARCOTIC,17,NORTHERN,5,Friday
4863,DRUG/NARCOTIC,17,NORTHERN,5,Monday
4864,DRUG/NARCOTIC,17,NORTHERN,6,Saturday
4865,DRUG/NARCOTIC,17,NORTHERN,1,Sunday
4866,DRUG/NARCOTIC,17,NORTHERN,5,Thursday
4867,DRUG/NARCOTIC,17,NORTHERN,6,Tuesday
4868,DRUG/NARCOTIC,17,NORTHERN,3,Wednesday
4869,DRUG/NARCOTIC,17,PARK,8,Friday
4870,DRUG/NARCOTIC,17,PARK,1,Monday
4871,DRUG/NARCOTIC,17,PARK,5,Saturday
4872,DRUG/NARCOTIC,17,PARK,7,Sunday
4873,DRUG/NARCOTIC,17,PARK,11,Thursday
4874,DRUG/NARCOTIC,17,PARK,9,Tuesday
4875,DRUG/NARCOTIC,17,PARK,4,Wednesday
4876,DRUG/NARCOTIC,17,RICHMOND,2,Saturday
4877,DRUG/NARCOTIC,17,RICHMOND,2,Sunday
4878,DRUG/NARCOTIC,17,RICHMOND,2,Thursday
4879,DRUG/NARCOTIC,17,SOUTHERN,17,Friday
4880,DRUG/NARCOTIC,17,SOUTHERN,23,Monday
4881,DRUG/NARCOTIC,17,SOUTHERN,14,Saturday
4882,DRUG/NARCOTIC,17,SOUTHERN,20,Sunday
4883,DRUG/NARCOTIC,17,SOUTHERN,14,Thursday
4884,DRUG/NARCOTIC,17,SOUTHERN,15,Tuesday
4885,DRUG/NARCOTIC,17,SOUTHERN,9,Wednesday
4886,DRUG/NARCOTIC,17,TARAVAL,1,Friday
4887,DRUG/NARCOTIC,17,TARAVAL,1,Thursday
4888,DRUG/NARCOTIC,17,TARAVAL,2,Tuesday
4889,DRUG/NARCOTIC,17,TENDERLOIN,6,Friday
4890,DRUG/NARCOTIC,17,TENDERLOIN,2,Monday
4891,DRUG/NARCOTIC,17,TENDERLOIN,9,Saturday
4892,DRUG/NARCOTIC,17,TENDERLOIN,3,Sunday
4893,DRUG/NARCOTIC,17,TENDERLOIN,8,Thursday
4894,DRUG/NARCOTIC,17,TENDERLOIN,13,Tuesday
4895,DRUG/NARCOTIC,17,TENDERLOIN,13,Wednesday
4896,DRUG/NARCOTIC,18,BAYVIEW,3,Friday
4897,DRUG/NARCOTIC,18,BAYVIEW,3,Monday
4898,DRUG/NARCOTIC,18,BAYVIEW,5,Saturday
4899,DRUG/NARCOTIC,18,BAYVIEW,1,Sunday
4900,DRUG/NARCOTIC,18,BAYVIEW,2,Thursday
4901,DRUG/NARCOTIC,18,BAYVIEW,5,Tuesday
4902,DRUG/NARCOTIC,18,BAYVIEW,1,Wednesday
4903,DRUG/NARCOTIC,18,CENTRAL,5,Friday
4904,DRUG/NARCOTIC,18,CENTRAL,3,Monday
4905,DRUG/NARCOTIC,18,CENTRAL,1,Thursday
4906,DRUG/NARCOTIC,18,CENTRAL,3,Tuesday
4907,DRUG/NARCOTIC,18,CENTRAL,1,Wednesday
4908,DRUG/NARCOTIC,18,INGLESIDE,2,Friday
4909,DRUG/NARCOTIC,18,INGLESIDE,1,Monday
4910,DRUG/NARCOTIC,18,INGLESIDE,2,Saturday
4911,DRUG/NARCOTIC,18,INGLESIDE,2,Thursday
4912,DRUG/NARCOTIC,18,INGLESIDE,3,Wednesday
4913,DRUG/NARCOTIC,18,MISSION,11,Friday
4914,DRUG/NARCOTIC,18,MISSION,5,Monday
4915,DRUG/NARCOTIC,18,MISSION,4,Saturday
4916,DRUG/NARCOTIC,18,MISSION,5,Sunday
4917,DRUG/NARCOTIC,18,MISSION,7,Thursday
4918,DRUG/NARCOTIC,18,MISSION,7,Tuesday
4919,DRUG/NARCOTIC,18,MISSION,3,Wednesday
4920,DRUG/NARCOTIC,18,NORTHERN,2,Friday
4921,DRUG/NARCOTIC,18,NORTHERN,1,Saturday
4922,DRUG/NARCOTIC,18,NORTHERN,3,Sunday
4923,DRUG/NARCOTIC,18,NORTHERN,3,Thursday
4924,DRUG/NARCOTIC,18,NORTHERN,1,Wednesday
4925,DRUG/NARCOTIC,18,PARK,7,Friday
4926,DRUG/NARCOTIC,18,PARK,3,Monday
4927,DRUG/NARCOTIC,18,PARK,5,Saturday
4928,DRUG/NARCOTIC,18,PARK,5,Thursday
4929,DRUG/NARCOTIC,18,PARK,2,Tuesday
4930,DRUG/NARCOTIC,18,PARK,9,Wednesday
4931,DRUG/NARCOTIC,18,RICHMOND,1,Sunday
4932,DRUG/NARCOTIC,18,RICHMOND,1,Thursday
4933,DRUG/NARCOTIC,18,RICHMOND,2,Wednesday
4934,DRUG/NARCOTIC,18,SOUTHERN,4,Friday
4935,DRUG/NARCOTIC,18,SOUTHERN,16,Monday
4936,DRUG/NARCOTIC,18,SOUTHERN,10,Saturday
4937,DRUG/NARCOTIC,18,SOUTHERN,12,Sunday
4938,DRUG/NARCOTIC,18,SOUTHERN,9,Thursday
4939,DRUG/NARCOTIC,18,SOUTHERN,11,Tuesday
4940,DRUG/NARCOTIC,18,SOUTHERN,10,Wednesday
4941,DRUG/NARCOTIC,18,TARAVAL,1,Wednesday
4942,DRUG/NARCOTIC,18,TENDERLOIN,6,Friday
4943,DRUG/NARCOTIC,18,TENDERLOIN,11,Monday
4944,DRUG/NARCOTIC,18,TENDERLOIN,5,Saturday
4945,DRUG/NARCOTIC,18,TENDERLOIN,6,Sunday
4946,DRUG/NARCOTIC,18,TENDERLOIN,16,Thursday
4947,DRUG/NARCOTIC,18,TENDERLOIN,11,Tuesday
4948,DRUG/NARCOTIC,18,TENDERLOIN,11,Wednesday
4949,DRUG/NARCOTIC,19,BAYVIEW,2,Friday
4950,DRUG/NARCOTIC,19,BAYVIEW,3,Sunday
4951,DRUG/NARCOTIC,19,BAYVIEW,4,Thursday
4952,DRUG/NARCOTIC,19,BAYVIEW,2,Tuesday
4953,DRUG/NARCOTIC,19,BAYVIEW,3,Wednesday
4954,DRUG/NARCOTIC,19,CENTRAL,1,Monday
4955,DRUG/NARCOTIC,19,CENTRAL,1,Saturday
4956,DRUG/NARCOTIC,19,CENTRAL,2,Sunday
4957,DRUG/NARCOTIC,19,CENTRAL,3,Tuesday
4958,DRUG/NARCOTIC,19,INGLESIDE,2,Friday
4959,DRUG/NARCOTIC,19,INGLESIDE,2,Monday
4960,DRUG/NARCOTIC,19,INGLESIDE,6,Thursday
4961,DRUG/NARCOTIC,19,INGLESIDE,1,Tuesday
4962,DRUG/NARCOTIC,19,INGLESIDE,1,Wednesday
4963,DRUG/NARCOTIC,19,MISSION,6,Friday
4964,DRUG/NARCOTIC,19,MISSION,6,Monday
4965,DRUG/NARCOTIC,19,MISSION,3,Saturday
4966,DRUG/NARCOTIC,19,MISSION,4,Sunday
4967,DRUG/NARCOTIC,19,MISSION,6,Tuesday
4968,DRUG/NARCOTIC,19,MISSION,8,Wednesday
4969,DRUG/NARCOTIC,19,NORTHERN,4,Friday
4970,DRUG/NARCOTIC,19,NORTHERN,2,Monday
4971,DRUG/NARCOTIC,19,NORTHERN,4,Saturday
4972,DRUG/NARCOTIC,19,NORTHERN,1,Sunday
4973,DRUG/NARCOTIC,19,NORTHERN,8,Thursday
4974,DRUG/NARCOTIC,19,NORTHERN,3,Tuesday
4975,DRUG/NARCOTIC,19,NORTHERN,1,Wednesday
4976,DRUG/NARCOTIC,19,PARK,6,Friday
4977,DRUG/NARCOTIC,19,PARK,1,Monday
4978,DRUG/NARCOTIC,19,PARK,4,Saturday
4979,DRUG/NARCOTIC,19,PARK,1,Sunday
4980,DRUG/NARCOTIC,19,PARK,6,Thursday
4981,DRUG/NARCOTIC,19,PARK,9,Wednesday
4982,DRUG/NARCOTIC,19,RICHMOND,1,Sunday
4983,DRUG/NARCOTIC,19,SOUTHERN,5,Friday
4984,DRUG/NARCOTIC,19,SOUTHERN,7,Monday
4985,DRUG/NARCOTIC,19,SOUTHERN,7,Saturday
4986,DRUG/NARCOTIC,19,SOUTHERN,9,Sunday
4987,DRUG/NARCOTIC,19,SOUTHERN,13,Thursday
4988,DRUG/NARCOTIC,19,SOUTHERN,5,Tuesday
4989,DRUG/NARCOTIC,19,SOUTHERN,9,Wednesday
4990,DRUG/NARCOTIC,19,TARAVAL,1,Monday
4991,DRUG/NARCOTIC,19,TARAVAL,1,Saturday
4992,DRUG/NARCOTIC,19,TARAVAL,1,Thursday
4993,DRUG/NARCOTIC,19,TARAVAL,3,Tuesday
4994,DRUG/NARCOTIC,19,TARAVAL,6,Wednesday
4995,DRUG/NARCOTIC,19,TENDERLOIN,5,Friday
4996,DRUG/NARCOTIC,19,TENDERLOIN,5,Monday
4997,DRUG/NARCOTIC,19,TENDERLOIN,2,Saturday
4998,DRUG/NARCOTIC,19,TENDERLOIN,9,Sunday
4999,DRUG/NARCOTIC,19,TENDERLOIN,1,Thursday
5000,DRUG/NARCOTIC,19,TENDERLOIN,8,Tuesday
5001,DRUG/NARCOTIC,19,TENDERLOIN,8,Wednesday
5002,DRUG/NARCOTIC,20,BAYVIEW,1,Monday
5003,DRUG/NARCOTIC,20,BAYVIEW,3,Saturday
5004,DRUG/NARCOTIC,20,BAYVIEW,1,Thursday
5005,DRUG/NARCOTIC,20,BAYVIEW,1,Tuesday
5006,DRUG/NARCOTIC,20,BAYVIEW,2,Wednesday
5007,DRUG/NARCOTIC,20,CENTRAL,1,Friday
5008,DRUG/NARCOTIC,20,CENTRAL,3,Monday
5009,DRUG/NARCOTIC,20,CENTRAL,4,Saturday
5010,DRUG/NARCOTIC,20,CENTRAL,2,Thursday
5011,DRUG/NARCOTIC,20,CENTRAL,1,Tuesday
5012,DRUG/NARCOTIC,20,CENTRAL,3,Wednesday
5013,DRUG/NARCOTIC,20,INGLESIDE,1,Sunday
5014,DRUG/NARCOTIC,20,INGLESIDE,4,Thursday
5015,DRUG/NARCOTIC,20,INGLESIDE,1,Tuesday
5016,DRUG/NARCOTIC,20,INGLESIDE,1,Wednesday
5017,DRUG/NARCOTIC,20,MISSION,2,Friday
5018,DRUG/NARCOTIC,20,MISSION,4,Monday
5019,DRUG/NARCOTIC,20,MISSION,1,Saturday
5020,DRUG/NARCOTIC,20,MISSION,4,Sunday
5021,DRUG/NARCOTIC,20,MISSION,3,Thursday
5022,DRUG/NARCOTIC,20,MISSION,7,Tuesday
5023,DRUG/NARCOTIC,20,MISSION,5,Wednesday
5024,DRUG/NARCOTIC,20,NORTHERN,2,Monday
5025,DRUG/NARCOTIC,20,NORTHERN,2,Saturday
5026,DRUG/NARCOTIC,20,NORTHERN,1,Sunday
5027,DRUG/NARCOTIC,20,NORTHERN,1,Thursday
5028,DRUG/NARCOTIC,20,NORTHERN,3,Tuesday
5029,DRUG/NARCOTIC,20,PARK,2,Friday
5030,DRUG/NARCOTIC,20,PARK,3,Monday
5031,DRUG/NARCOTIC,20,PARK,4,Saturday
5032,DRUG/NARCOTIC,20,PARK,2,Tuesday
5033,DRUG/NARCOTIC,20,RICHMOND,2,Saturday
5034,DRUG/NARCOTIC,20,SOUTHERN,6,Friday
5035,DRUG/NARCOTIC,20,SOUTHERN,8,Monday
5036,DRUG/NARCOTIC,20,SOUTHERN,1,Saturday
5037,DRUG/NARCOTIC,20,SOUTHERN,1,Sunday
5038,DRUG/NARCOTIC,20,SOUTHERN,7,Thursday
5039,DRUG/NARCOTIC,20,SOUTHERN,9,Tuesday
5040,DRUG/NARCOTIC,20,SOUTHERN,8,Wednesday
5041,DRUG/NARCOTIC,20,TARAVAL,1,Monday
5042,DRUG/NARCOTIC,20,TARAVAL,2,Sunday
5043,DRUG/NARCOTIC,20,TARAVAL,1,Wednesday
5044,DRUG/NARCOTIC,20,TENDERLOIN,1,Friday
5045,DRUG/NARCOTIC,20,TENDERLOIN,3,Monday
5046,DRUG/NARCOTIC,20,TENDERLOIN,2,Saturday
5047,DRUG/NARCOTIC,20,TENDERLOIN,1,Sunday
5048,DRUG/NARCOTIC,20,TENDERLOIN,3,Thursday
5049,DRUG/NARCOTIC,20,TENDERLOIN,7,Tuesday
5050,DRUG/NARCOTIC,20,TENDERLOIN,4,Wednesday
5051,DRUG/NARCOTIC,21,BAYVIEW,3,Saturday
5052,DRUG/NARCOTIC,21,BAYVIEW,1,Tuesday
5053,DRUG/NARCOTIC,21,BAYVIEW,1,Wednesday
5054,DRUG/NARCOTIC,21,INGLESIDE,1,Friday
5055,DRUG/NARCOTIC,21,INGLESIDE,1,Saturday
5056,DRUG/NARCOTIC,21,INGLESIDE,1,Sunday
5057,DRUG/NARCOTIC,21,INGLESIDE,1,Wednesday
5058,DRUG/NARCOTIC,21,MISSION,5,Friday
5059,DRUG/NARCOTIC,21,MISSION,4,Monday
5060,DRUG/NARCOTIC,21,MISSION,1,Saturday
5061,DRUG/NARCOTIC,21,MISSION,5,Thursday
5062,DRUG/NARCOTIC,21,MISSION,3,Tuesday
5063,DRUG/NARCOTIC,21,MISSION,4,Wednesday
5064,DRUG/NARCOTIC,21,NORTHERN,3,Friday
5065,DRUG/NARCOTIC,21,NORTHERN,2,Monday
5066,DRUG/NARCOTIC,21,NORTHERN,1,Saturday
5067,DRUG/NARCOTIC,21,NORTHERN,1,Sunday
5068,DRUG/NARCOTIC,21,NORTHERN,2,Thursday
5069,DRUG/NARCOTIC,21,NORTHERN,1,Tuesday
5070,DRUG/NARCOTIC,21,NORTHERN,6,Wednesday
5071,DRUG/NARCOTIC,21,PARK,1,Wednesday
5072,DRUG/NARCOTIC,21,RICHMOND,1,Monday
5073,DRUG/NARCOTIC,21,RICHMOND,2,Sunday
5074,DRUG/NARCOTIC,21,RICHMOND,2,Tuesday
5075,DRUG/NARCOTIC,21,SOUTHERN,6,Friday
5076,DRUG/NARCOTIC,21,SOUTHERN,9,Monday
5077,DRUG/NARCOTIC,21,SOUTHERN,5,Saturday
5078,DRUG/NARCOTIC,21,SOUTHERN,5,Sunday
5079,DRUG/NARCOTIC,21,SOUTHERN,9,Thursday
5080,DRUG/NARCOTIC,21,SOUTHERN,13,Tuesday
5081,DRUG/NARCOTIC,21,SOUTHERN,6,Wednesday
5082,DRUG/NARCOTIC,21,TARAVAL,1,Friday
5083,DRUG/NARCOTIC,21,TARAVAL,2,Monday
5084,DRUG/NARCOTIC,21,TARAVAL,1,Thursday
5085,DRUG/NARCOTIC,21,TENDERLOIN,1,Friday
5086,DRUG/NARCOTIC,21,TENDERLOIN,5,Monday
5087,DRUG/NARCOTIC,21,TENDERLOIN,2,Saturday
5088,DRUG/NARCOTIC,21,TENDERLOIN,2,Sunday
5089,DRUG/NARCOTIC,21,TENDERLOIN,4,Tuesday
5090,DRUG/NARCOTIC,21,TENDERLOIN,3,Wednesday
5091,DRUG/NARCOTIC,22,BAYVIEW,2,Friday
5092,DRUG/NARCOTIC,22,BAYVIEW,1,Monday
5093,DRUG/NARCOTIC,22,BAYVIEW,1,Sunday
5094,DRUG/NARCOTIC,22,BAYVIEW,4,Thursday
5095,DRUG/NARCOTIC,22,BAYVIEW,1,Wednesday
5096,DRUG/NARCOTIC,22,CENTRAL,2,Friday
5097,DRUG/NARCOTIC,22,CENTRAL,1,Sunday
5098,DRUG/NARCOTIC,22,CENTRAL,3,Thursday
5099,DRUG/NARCOTIC,22,CENTRAL,3,Tuesday
5100,DRUG/NARCOTIC,22,INGLESIDE,1,Friday
5101,DRUG/NARCOTIC,22,INGLESIDE,1,Monday
5102,DRUG/NARCOTIC,22,MISSION,1,Monday
5103,DRUG/NARCOTIC,22,MISSION,4,Saturday
5104,DRUG/NARCOTIC,22,MISSION,2,Sunday
5105,DRUG/NARCOTIC,22,MISSION,2,Thursday
5106,DRUG/NARCOTIC,22,MISSION,3,Tuesday
5107,DRUG/NARCOTIC,22,MISSION,9,Wednesday
5108,DRUG/NARCOTIC,22,NORTHERN,4,Friday
5109,DRUG/NARCOTIC,22,NORTHERN,8,Monday
5110,DRUG/NARCOTIC,22,NORTHERN,7,Saturday
5111,DRUG/NARCOTIC,22,NORTHERN,2,Sunday
5112,DRUG/NARCOTIC,22,NORTHERN,7,Thursday
5113,DRUG/NARCOTIC,22,NORTHERN,6,Tuesday
5114,DRUG/NARCOTIC,22,NORTHERN,1,Wednesday
5115,DRUG/NARCOTIC,22,PARK,1,Friday
5116,DRUG/NARCOTIC,22,PARK,1,Monday
5117,DRUG/NARCOTIC,22,PARK,3,Saturday
5118,DRUG/NARCOTIC,22,PARK,3,Sunday
5119,DRUG/NARCOTIC,22,PARK,3,Wednesday
5120,DRUG/NARCOTIC,22,RICHMOND,1,Monday
5121,DRUG/NARCOTIC,22,RICHMOND,1,Saturday
5122,DRUG/NARCOTIC,22,RICHMOND,3,Wednesday
5123,DRUG/NARCOTIC,22,SOUTHERN,4,Friday
5124,DRUG/NARCOTIC,22,SOUTHERN,9,Monday
5125,DRUG/NARCOTIC,22,SOUTHERN,2,Saturday
5126,DRUG/NARCOTIC,22,SOUTHERN,11,Sunday
5127,DRUG/NARCOTIC,22,SOUTHERN,16,Thursday
5128,DRUG/NARCOTIC,22,SOUTHERN,3,Tuesday
5129,DRUG/NARCOTIC,22,SOUTHERN,8,Wednesday
5130,DRUG/NARCOTIC,22,TARAVAL,1,Saturday
5131,DRUG/NARCOTIC,22,TARAVAL,1,Tuesday
5132,DRUG/NARCOTIC,22,TENDERLOIN,1,Friday
5133,DRUG/NARCOTIC,22,TENDERLOIN,2,Monday
5134,DRUG/NARCOTIC,22,TENDERLOIN,1,Saturday
5135,DRUG/NARCOTIC,22,TENDERLOIN,4,Sunday
5136,DRUG/NARCOTIC,22,TENDERLOIN,2,Thursday
5137,DRUG/NARCOTIC,22,TENDERLOIN,3,Tuesday
5138,DRUG/NARCOTIC,22,TENDERLOIN,2,Wednesday
5139,DRUG/NARCOTIC,23,BAYVIEW,2,Friday
5140,DRUG/NARCOTIC,23,BAYVIEW,4,Saturday
5141,DRUG/NARCOTIC,23,BAYVIEW,1,Sunday
5142,DRUG/NARCOTIC,23,BAYVIEW,1,Thursday
5143,DRUG/NARCOTIC,23,BAYVIEW,1,Tuesday
5144,DRUG/NARCOTIC,23,BAYVIEW,1,Wednesday
5145,DRUG/NARCOTIC,23,CENTRAL,1,Friday
5146,DRUG/NARCOTIC,23,CENTRAL,4,Monday
5147,DRUG/NARCOTIC,23,CENTRAL,2,Saturday
5148,DRUG/NARCOTIC,23,CENTRAL,1,Thursday
5149,DRUG/NARCOTIC,23,CENTRAL,3,Wednesday
5150,DRUG/NARCOTIC,23,INGLESIDE,1,Sunday
5151,DRUG/NARCOTIC,23,INGLESIDE,5,Wednesday
5152,DRUG/NARCOTIC,23,MISSION,4,Friday
5153,DRUG/NARCOTIC,23,MISSION,1,Monday
5154,DRUG/NARCOTIC,23,MISSION,9,Saturday
5155,DRUG/NARCOTIC,23,MISSION,3,Sunday
5156,DRUG/NARCOTIC,23,MISSION,2,Thursday
5157,DRUG/NARCOTIC,23,MISSION,1,Tuesday
5158,DRUG/NARCOTIC,23,MISSION,2,Wednesday
5159,DRUG/NARCOTIC,23,NORTHERN,2,Friday
5160,DRUG/NARCOTIC,23,NORTHERN,2,Monday
5161,DRUG/NARCOTIC,23,NORTHERN,5,Sunday
5162,DRUG/NARCOTIC,23,NORTHERN,7,Thursday
5163,DRUG/NARCOTIC,23,NORTHERN,3,Tuesday
5164,DRUG/NARCOTIC,23,NORTHERN,6,Wednesday
5165,DRUG/NARCOTIC,23,PARK,4,Wednesday
5166,DRUG/NARCOTIC,23,RICHMOND,1,Saturday
5167,DRUG/NARCOTIC,23,RICHMOND,2,Sunday
5168,DRUG/NARCOTIC,23,SOUTHERN,5,Friday
5169,DRUG/NARCOTIC,23,SOUTHERN,11,Monday
5170,DRUG/NARCOTIC,23,SOUTHERN,8,Saturday
5171,DRUG/NARCOTIC,23,SOUTHERN,4,Sunday
5172,DRUG/NARCOTIC,23,SOUTHERN,7,Tuesday
5173,DRUG/NARCOTIC,23,SOUTHERN,7,Wednesday
5174,DRUG/NARCOTIC,23,TARAVAL,3,Friday
5175,DRUG/NARCOTIC,23,TARAVAL,1,Saturday
5176,DRUG/NARCOTIC,23,TENDERLOIN,1,Friday
5177,DRUG/NARCOTIC,23,TENDERLOIN,4,Monday
5178,DRUG/NARCOTIC,23,TENDERLOIN,4,Sunday
5179,DRUG/NARCOTIC,23,TENDERLOIN,2,Thursday
5180,DRUG/NARCOTIC,23,TENDERLOIN,5,Tuesday
5181,DRUG/NARCOTIC,23,TENDERLOIN,5,Wednesday
5182,DRUNKENNESS,00,BAYVIEW,1,Monday
5183,DRUNKENNESS,00,BAYVIEW,1,Sunday
5184,DRUNKENNESS,00,BAYVIEW,1,Thursday
5185,DRUNKENNESS,00,BAYVIEW,1,Tuesday
5186,DRUNKENNESS,00,CENTRAL,2,Friday
5187,DRUNKENNESS,00,CENTRAL,2,Monday
5188,DRUNKENNESS,00,CENTRAL,1,Saturday
5189,DRUNKENNESS,00,CENTRAL,1,Sunday
5190,DRUNKENNESS,00,CENTRAL,1,Tuesday
5191,DRUNKENNESS,00,CENTRAL,1,Wednesday
5192,DRUNKENNESS,00,MISSION,1,Sunday
5193,DRUNKENNESS,00,MISSION,1,Tuesday
5194,DRUNKENNESS,00,NORTHERN,2,Friday
5195,DRUNKENNESS,00,NORTHERN,1,Monday
5196,DRUNKENNESS,00,NORTHERN,1,Sunday
5197,DRUNKENNESS,00,NORTHERN,1,Wednesday
5198,DRUNKENNESS,00,RICHMOND,1,Saturday
5199,DRUNKENNESS,00,SOUTHERN,1,Friday
5200,DRUNKENNESS,00,SOUTHERN,2,Saturday
5201,DRUNKENNESS,00,SOUTHERN,2,Sunday
5202,DRUNKENNESS,00,SOUTHERN,1,Wednesday
5203,DRUNKENNESS,00,TARAVAL,1,Friday
5204,DRUNKENNESS,00,TARAVAL,1,Saturday
5205,DRUNKENNESS,00,TARAVAL,2,Sunday
5206,DRUNKENNESS,00,TENDERLOIN,1,Monday
5207,DRUNKENNESS,00,TENDERLOIN,1,Saturday
5208,DRUNKENNESS,00,TENDERLOIN,1,Tuesday
5209,DRUNKENNESS,01,BAYVIEW,1,Friday
5210,DRUNKENNESS,01,BAYVIEW,1,Saturday
5211,DRUNKENNESS,01,CENTRAL,2,Friday
5212,DRUNKENNESS,01,CENTRAL,1,Saturday
5213,DRUNKENNESS,01,CENTRAL,3,Sunday
5214,DRUNKENNESS,01,MISSION,3,Friday
5215,DRUNKENNESS,01,MISSION,1,Monday
5216,DRUNKENNESS,01,MISSION,2,Saturday
5217,DRUNKENNESS,01,MISSION,3,Sunday
5218,DRUNKENNESS,01,MISSION,1,Thursday
5219,DRUNKENNESS,01,MISSION,1,Tuesday
5220,DRUNKENNESS,01,NORTHERN,1,Monday
5221,DRUNKENNESS,01,NORTHERN,2,Saturday
5222,DRUNKENNESS,01,NORTHERN,4,Sunday
5223,DRUNKENNESS,01,RICHMOND,1,Saturday
5224,DRUNKENNESS,01,SOUTHERN,2,Friday
5225,DRUNKENNESS,01,SOUTHERN,1,Monday
5226,DRUNKENNESS,01,SOUTHERN,4,Saturday
5227,DRUNKENNESS,01,SOUTHERN,2,Sunday
5228,DRUNKENNESS,01,SOUTHERN,1,Thursday
5229,DRUNKENNESS,01,TARAVAL,1,Friday
5230,DRUNKENNESS,01,TARAVAL,2,Monday
5231,DRUNKENNESS,01,TARAVAL,2,Saturday
5232,DRUNKENNESS,01,TENDERLOIN,1,Thursday
5233,DRUNKENNESS,02,BAYVIEW,1,Sunday
5234,DRUNKENNESS,02,BAYVIEW,1,Tuesday
5235,DRUNKENNESS,02,CENTRAL,2,Friday
5236,DRUNKENNESS,02,CENTRAL,1,Monday
5237,DRUNKENNESS,02,CENTRAL,1,Thursday
5238,DRUNKENNESS,02,INGLESIDE,1,Friday
5239,DRUNKENNESS,02,INGLESIDE,1,Saturday
5240,DRUNKENNESS,02,MISSION,2,Friday
5241,DRUNKENNESS,02,MISSION,3,Saturday
5242,DRUNKENNESS,02,MISSION,1,Sunday
5243,DRUNKENNESS,02,MISSION,1,Thursday
5244,DRUNKENNESS,02,MISSION,1,Tuesday
5245,DRUNKENNESS,02,NORTHERN,4,Friday
5246,DRUNKENNESS,02,NORTHERN,1,Saturday
5247,DRUNKENNESS,02,NORTHERN,2,Sunday
5248,DRUNKENNESS,02,RICHMOND,2,Saturday
5249,DRUNKENNESS,02,RICHMOND,1,Sunday
5250,DRUNKENNESS,02,SOUTHERN,1,Friday
5251,DRUNKENNESS,02,SOUTHERN,1,Monday
5252,DRUNKENNESS,02,SOUTHERN,1,Saturday
5253,DRUNKENNESS,02,SOUTHERN,2,Sunday
5254,DRUNKENNESS,02,TARAVAL,1,Friday
5255,DRUNKENNESS,02,TARAVAL,1,Saturday
5256,DRUNKENNESS,02,TARAVAL,1,Sunday
5257,DRUNKENNESS,02,TARAVAL,1,Wednesday
5258,DRUNKENNESS,02,TENDERLOIN,1,Friday
5259,DRUNKENNESS,02,TENDERLOIN,1,Saturday
5260,DRUNKENNESS,03,INGLESIDE,1,Sunday
5261,DRUNKENNESS,03,MISSION,1,Monday
5262,DRUNKENNESS,03,MISSION,1,Sunday
5263,DRUNKENNESS,03,MISSION,1,Thursday
5264,DRUNKENNESS,03,NORTHERN,1,Friday
5265,DRUNKENNESS,03,NORTHERN,1,Saturday
5266,DRUNKENNESS,03,NORTHERN,1,Thursday
5267,DRUNKENNESS,03,RICHMOND,1,Friday
5268,DRUNKENNESS,03,SOUTHERN,1,Friday
5269,DRUNKENNESS,03,SOUTHERN,1,Saturday
5270,DRUNKENNESS,03,SOUTHERN,1,Thursday
5271,DRUNKENNESS,03,TARAVAL,1,Thursday
5272,DRUNKENNESS,03,TENDERLOIN,1,Monday
5273,DRUNKENNESS,03,TENDERLOIN,1,Tuesday
5274,DRUNKENNESS,04,BAYVIEW,1,Tuesday
5275,DRUNKENNESS,04,MISSION,1,Monday
5276,DRUNKENNESS,04,MISSION,1,Tuesday
5277,DRUNKENNESS,04,MISSION,1,Wednesday
5278,DRUNKENNESS,04,NORTHERN,1,Sunday
5279,DRUNKENNESS,04,TARAVAL,1,Saturday
5280,DRUNKENNESS,04,TENDERLOIN,1,Friday
5281,DRUNKENNESS,05,BAYVIEW,1,Saturday
5282,DRUNKENNESS,05,NORTHERN,1,Saturday
5283,DRUNKENNESS,05,PARK,1,Friday
5284,DRUNKENNESS,05,PARK,1,Sunday
5285,DRUNKENNESS,05,TARAVAL,1,Friday
5286,DRUNKENNESS,06,MISSION,1,Monday
5287,DRUNKENNESS,06,SOUTHERN,1,Tuesday
5288,DRUNKENNESS,07,BAYVIEW,1,Friday
5289,DRUNKENNESS,07,CENTRAL,1,Sunday
5290,DRUNKENNESS,07,MISSION,1,Wednesday
5291,DRUNKENNESS,07,NORTHERN,1,Thursday
5292,DRUNKENNESS,08,CENTRAL,1,Saturday
5293,DRUNKENNESS,08,CENTRAL,1,Wednesday
5294,DRUNKENNESS,08,MISSION,1,Saturday
5295,DRUNKENNESS,08,MISSION,1,Wednesday
5296,DRUNKENNESS,08,TARAVAL,1,Thursday
5297,DRUNKENNESS,08,TENDERLOIN,1,Wednesday
5298,DRUNKENNESS,09,CENTRAL,2,Sunday
5299,DRUNKENNESS,09,INGLESIDE,1,Friday
5300,DRUNKENNESS,09,MISSION,1,Monday
5301,DRUNKENNESS,09,MISSION,1,Saturday
5302,DRUNKENNESS,09,MISSION,1,Wednesday
5303,DRUNKENNESS,09,NORTHERN,1,Wednesday
5304,DRUNKENNESS,09,TARAVAL,1,Monday
5305,DRUNKENNESS,09,TARAVAL,1,Saturday
5306,DRUNKENNESS,10,CENTRAL,1,Friday
5307,DRUNKENNESS,10,CENTRAL,1,Sunday
5308,DRUNKENNESS,10,MISSION,1,Sunday
5309,DRUNKENNESS,10,MISSION,2,Thursday
5310,DRUNKENNESS,10,MISSION,1,Tuesday
5311,DRUNKENNESS,10,SOUTHERN,1,Monday
5312,DRUNKENNESS,10,SOUTHERN,1,Tuesday
5313,DRUNKENNESS,10,TARAVAL,1,Friday
5314,DRUNKENNESS,10,TARAVAL,1,Tuesday
5315,DRUNKENNESS,10,TENDERLOIN,1,Monday
5316,DRUNKENNESS,10,TENDERLOIN,1,Thursday
5317,DRUNKENNESS,11,INGLESIDE,1,Saturday
5318,DRUNKENNESS,11,MISSION,2,Saturday
5319,DRUNKENNESS,11,NORTHERN,1,Monday
5320,DRUNKENNESS,11,NORTHERN,1,Saturday
5321,DRUNKENNESS,11,PARK,2,Saturday
5322,DRUNKENNESS,11,RICHMOND,1,Friday
5323,DRUNKENNESS,11,SOUTHERN,1,Monday
5324,DRUNKENNESS,11,SOUTHERN,1,Saturday
5325,DRUNKENNESS,11,SOUTHERN,1,Tuesday
5326,DRUNKENNESS,11,SOUTHERN,1,Wednesday
5327,DRUNKENNESS,11,TARAVAL,1,Saturday
5328,DRUNKENNESS,11,TARAVAL,1,Sunday
5329,DRUNKENNESS,11,TENDERLOIN,2,Tuesday
5330,DRUNKENNESS,12,BAYVIEW,1,Thursday
5331,DRUNKENNESS,12,INGLESIDE,1,Thursday
5332,DRUNKENNESS,12,MISSION,1,Monday
5333,DRUNKENNESS,12,NORTHERN,1,Saturday
5334,DRUNKENNESS,12,NORTHERN,1,Thursday
5335,DRUNKENNESS,12,SOUTHERN,1,Thursday
5336,DRUNKENNESS,12,SOUTHERN,1,Tuesday
5337,DRUNKENNESS,12,SOUTHERN,1,Wednesday
5338,DRUNKENNESS,12,TARAVAL,1,Thursday
5339,DRUNKENNESS,12,TENDERLOIN,1,Sunday
5340,DRUNKENNESS,12,TENDERLOIN,1,Thursday
5341,DRUNKENNESS,13,MISSION,1,Friday
5342,DRUNKENNESS,13,MISSION,3,Sunday
5343,DRUNKENNESS,13,MISSION,1,Thursday
5344,DRUNKENNESS,13,MISSION,1,Tuesday
5345,DRUNKENNESS,13,TARAVAL,1,Saturday
5346,DRUNKENNESS,13,TARAVAL,2,Wednesday
5347,DRUNKENNESS,13,TENDERLOIN,1,Friday
5348,DRUNKENNESS,13,TENDERLOIN,1,Sunday
5349,DRUNKENNESS,13,TENDERLOIN,1,Wednesday
5350,DRUNKENNESS,14,CENTRAL,2,Friday
5351,DRUNKENNESS,14,INGLESIDE,1,Friday
5352,DRUNKENNESS,14,MISSION,2,Saturday
5353,DRUNKENNESS,14,MISSION,1,Sunday
5354,DRUNKENNESS,14,MISSION,1,Thursday
5355,DRUNKENNESS,14,NORTHERN,1,Sunday
5356,DRUNKENNESS,14,NORTHERN,1,Thursday
5357,DRUNKENNESS,14,NORTHERN,2,Wednesday
5358,DRUNKENNESS,14,PARK,1,Thursday
5359,DRUNKENNESS,14,SOUTHERN,1,Monday
5360,DRUNKENNESS,14,SOUTHERN,1,Tuesday
5361,DRUNKENNESS,14,TENDERLOIN,1,Friday
5362,DRUNKENNESS,14,TENDERLOIN,1,Thursday
5363,DRUNKENNESS,14,TENDERLOIN,1,Tuesday
5364,DRUNKENNESS,15,BAYVIEW,1,Monday
5365,DRUNKENNESS,15,CENTRAL,2,Friday
5366,DRUNKENNESS,15,CENTRAL,2,Wednesday
5367,DRUNKENNESS,15,MISSION,2,Saturday
5368,DRUNKENNESS,15,MISSION,1,Sunday
5369,DRUNKENNESS,15,MISSION,1,Thursday
5370,DRUNKENNESS,15,MISSION,1,Tuesday
5371,DRUNKENNESS,15,MISSION,3,Wednesday
5372,DRUNKENNESS,15,NORTHERN,2,Thursday
5373,DRUNKENNESS,15,PARK,1,Sunday
5374,DRUNKENNESS,15,PARK,1,Wednesday
5375,DRUNKENNESS,15,RICHMOND,1,Tuesday
5376,DRUNKENNESS,15,SOUTHERN,1,Monday
5377,DRUNKENNESS,15,SOUTHERN,3,Saturday
5378,DRUNKENNESS,15,SOUTHERN,2,Thursday
5379,DRUNKENNESS,15,SOUTHERN,1,Tuesday
5380,DRUNKENNESS,15,TARAVAL,1,Monday
5381,DRUNKENNESS,15,TARAVAL,1,Saturday
5382,DRUNKENNESS,15,TARAVAL,2,Sunday
5383,DRUNKENNESS,15,TARAVAL,1,Wednesday
5384,DRUNKENNESS,15,TENDERLOIN,1,Sunday
5385,DRUNKENNESS,16,BAYVIEW,1,Friday
5386,DRUNKENNESS,16,BAYVIEW,1,Sunday
5387,DRUNKENNESS,16,BAYVIEW,1,Tuesday
5388,DRUNKENNESS,16,CENTRAL,1,Monday
5389,DRUNKENNESS,16,INGLESIDE,1,Thursday
5390,DRUNKENNESS,16,MISSION,2,Friday
5391,DRUNKENNESS,16,MISSION,1,Monday
5392,DRUNKENNESS,16,MISSION,2,Saturday
5393,DRUNKENNESS,16,MISSION,1,Sunday
5394,DRUNKENNESS,16,MISSION,1,Thursday
5395,DRUNKENNESS,16,MISSION,1,Wednesday
5396,DRUNKENNESS,16,NORTHERN,1,Friday
5397,DRUNKENNESS,16,NORTHERN,2,Saturday
5398,DRUNKENNESS,16,NORTHERN,1,Wednesday
5399,DRUNKENNESS,16,PARK,1,Monday
5400,DRUNKENNESS,16,PARK,1,Thursday
5401,DRUNKENNESS,16,RICHMOND,1,Sunday
5402,DRUNKENNESS,16,SOUTHERN,1,Friday
5403,DRUNKENNESS,16,SOUTHERN,2,Thursday
5404,DRUNKENNESS,16,SOUTHERN,1,Tuesday
5405,DRUNKENNESS,16,SOUTHERN,1,Wednesday
5406,DRUNKENNESS,16,TENDERLOIN,1,Friday
5407,DRUNKENNESS,16,TENDERLOIN,1,Sunday
5408,DRUNKENNESS,17,BAYVIEW,1,Monday
5409,DRUNKENNESS,17,CENTRAL,1,Sunday
5410,DRUNKENNESS,17,INGLESIDE,1,Friday
5411,DRUNKENNESS,17,INGLESIDE,1,Thursday
5412,DRUNKENNESS,17,MISSION,2,Friday
5413,DRUNKENNESS,17,MISSION,1,Saturday
5414,DRUNKENNESS,17,MISSION,1,Thursday
5415,DRUNKENNESS,17,MISSION,1,Tuesday
5416,DRUNKENNESS,17,MISSION,2,Wednesday
5417,DRUNKENNESS,17,NORTHERN,1,Sunday
5418,DRUNKENNESS,17,PARK,1,Thursday
5419,DRUNKENNESS,17,RICHMOND,1,Sunday
5420,DRUNKENNESS,17,SOUTHERN,1,Friday
5421,DRUNKENNESS,17,SOUTHERN,2,Sunday
5422,DRUNKENNESS,17,TARAVAL,1,Sunday
5423,DRUNKENNESS,17,TARAVAL,1,Thursday
5424,DRUNKENNESS,17,TENDERLOIN,1,Friday
5425,DRUNKENNESS,17,TENDERLOIN,1,Saturday
5426,DRUNKENNESS,17,TENDERLOIN,1,Sunday
5427,DRUNKENNESS,18,BAYVIEW,1,Sunday
5428,DRUNKENNESS,18,CENTRAL,1,Friday
5429,DRUNKENNESS,18,CENTRAL,1,Sunday
5430,DRUNKENNESS,18,MISSION,1,Friday
5431,DRUNKENNESS,18,MISSION,1,Saturday
5432,DRUNKENNESS,18,MISSION,1,Sunday
5433,DRUNKENNESS,18,MISSION,1,Thursday
5434,DRUNKENNESS,18,MISSION,2,Wednesday
5435,DRUNKENNESS,18,NORTHERN,1,Saturday
5436,DRUNKENNESS,18,NORTHERN,1,Sunday
5437,DRUNKENNESS,18,NORTHERN,1,Thursday
5438,DRUNKENNESS,18,PARK,1,Saturday
5439,DRUNKENNESS,18,RICHMOND,1,Friday
5440,DRUNKENNESS,18,SOUTHERN,1,Saturday
5441,DRUNKENNESS,18,SOUTHERN,1,Sunday
5442,DRUNKENNESS,18,SOUTHERN,3,Thursday
5443,DRUNKENNESS,18,SOUTHERN,2,Tuesday
5444,DRUNKENNESS,18,TARAVAL,1,Thursday
5445,DRUNKENNESS,18,TARAVAL,1,Tuesday
5446,DRUNKENNESS,18,TENDERLOIN,2,Friday
5447,DRUNKENNESS,18,TENDERLOIN,1,Sunday
5448,DRUNKENNESS,19,BAYVIEW,1,Saturday
5449,DRUNKENNESS,19,CENTRAL,1,Sunday
5450,DRUNKENNESS,19,CENTRAL,1,Thursday
5451,DRUNKENNESS,19,CENTRAL,1,Wednesday
5452,DRUNKENNESS,19,INGLESIDE,1,Monday
5453,DRUNKENNESS,19,MISSION,1,Saturday
5454,DRUNKENNESS,19,MISSION,1,Sunday
5455,DRUNKENNESS,19,MISSION,1,Wednesday
5456,DRUNKENNESS,19,NORTHERN,1,Monday
5457,DRUNKENNESS,19,NORTHERN,1,Saturday
5458,DRUNKENNESS,19,NORTHERN,1,Sunday
5459,DRUNKENNESS,19,NORTHERN,1,Wednesday
5460,DRUNKENNESS,19,RICHMOND,1,Thursday
5461,DRUNKENNESS,19,SOUTHERN,1,Monday
5462,DRUNKENNESS,19,SOUTHERN,1,Saturday
5463,DRUNKENNESS,19,SOUTHERN,1,Sunday
5464,DRUNKENNESS,19,SOUTHERN,1,Thursday
5465,DRUNKENNESS,19,SOUTHERN,1,Tuesday
5466,DRUNKENNESS,19,TARAVAL,1,Tuesday
5467,DRUNKENNESS,19,TENDERLOIN,1,Tuesday
5468,DRUNKENNESS,20,BAYVIEW,1,Monday
5469,DRUNKENNESS,20,CENTRAL,2,Saturday
5470,DRUNKENNESS,20,MISSION,3,Friday
5471,DRUNKENNESS,20,MISSION,1,Saturday
5472,DRUNKENNESS,20,NORTHERN,1,Friday
5473,DRUNKENNESS,20,NORTHERN,1,Sunday
5474,DRUNKENNESS,20,RICHMOND,2,Wednesday
5475,DRUNKENNESS,20,SOUTHERN,1,Friday
5476,DRUNKENNESS,20,SOUTHERN,4,Monday
5477,DRUNKENNESS,20,SOUTHERN,2,Saturday
5478,DRUNKENNESS,20,SOUTHERN,1,Sunday
5479,DRUNKENNESS,20,SOUTHERN,1,Tuesday
5480,DRUNKENNESS,20,TARAVAL,1,Monday
5481,DRUNKENNESS,20,TARAVAL,1,Saturday
5482,DRUNKENNESS,20,TARAVAL,1,Tuesday
5483,DRUNKENNESS,20,TARAVAL,1,Wednesday
5484,DRUNKENNESS,20,TENDERLOIN,1,Tuesday
5485,DRUNKENNESS,21,BAYVIEW,1,Saturday
5486,DRUNKENNESS,21,CENTRAL,2,Friday
5487,DRUNKENNESS,21,CENTRAL,1,Saturday
5488,DRUNKENNESS,21,CENTRAL,1,Thursday
5489,DRUNKENNESS,21,INGLESIDE,1,Friday
5490,DRUNKENNESS,21,INGLESIDE,1,Monday
5491,DRUNKENNESS,21,INGLESIDE,1,Saturday
5492,DRUNKENNESS,21,INGLESIDE,1,Sunday
5493,DRUNKENNESS,21,MISSION,1,Saturday
5494,DRUNKENNESS,21,NORTHERN,1,Tuesday
5495,DRUNKENNESS,21,RICHMOND,1,Sunday
5496,DRUNKENNESS,21,SOUTHERN,3,Friday
5497,DRUNKENNESS,21,SOUTHERN,1,Saturday
5498,DRUNKENNESS,21,SOUTHERN,1,Sunday
5499,DRUNKENNESS,21,TARAVAL,1,Saturday
5500,DRUNKENNESS,21,TARAVAL,1,Thursday
5501,DRUNKENNESS,21,TENDERLOIN,1,Sunday
5502,DRUNKENNESS,22,BAYVIEW,1,Friday
5503,DRUNKENNESS,22,BAYVIEW,2,Thursday
5504,DRUNKENNESS,22,BAYVIEW,1,Tuesday
5505,DRUNKENNESS,22,CENTRAL,2,Thursday
5506,DRUNKENNESS,22,INGLESIDE,1,Tuesday
5507,DRUNKENNESS,22,MISSION,2,Friday
5508,DRUNKENNESS,22,MISSION,1,Saturday
5509,DRUNKENNESS,22,MISSION,2,Tuesday
5510,DRUNKENNESS,22,NORTHERN,1,Friday
5511,DRUNKENNESS,22,NORTHERN,2,Sunday
5512,DRUNKENNESS,22,NORTHERN,1,Tuesday
5513,DRUNKENNESS,22,NORTHERN,1,Wednesday
5514,DRUNKENNESS,22,RICHMOND,1,Sunday
5515,DRUNKENNESS,22,RICHMOND,1,Wednesday
5516,DRUNKENNESS,22,SOUTHERN,1,Friday
5517,DRUNKENNESS,22,SOUTHERN,2,Tuesday
5518,DRUNKENNESS,22,SOUTHERN,1,Wednesday
5519,DRUNKENNESS,22,TARAVAL,1,Saturday
5520,DRUNKENNESS,22,TARAVAL,1,Sunday
5521,DRUNKENNESS,22,TARAVAL,1,Wednesday
5522,DRUNKENNESS,22,TENDERLOIN,1,Thursday
5523,DRUNKENNESS,23,BAYVIEW,1,Thursday
5524,DRUNKENNESS,23,BAYVIEW,1,Wednesday
5525,DRUNKENNESS,23,CENTRAL,3,Friday
5526,DRUNKENNESS,23,CENTRAL,1,Saturday
5527,DRUNKENNESS,23,CENTRAL,1,Thursday
5528,DRUNKENNESS,23,CENTRAL,1,Tuesday
5529,DRUNKENNESS,23,INGLESIDE,1,Friday
5530,DRUNKENNESS,23,INGLESIDE,1,Thursday
5531,DRUNKENNESS,23,MISSION,1,Friday
5532,DRUNKENNESS,23,MISSION,2,Monday
5533,DRUNKENNESS,23,MISSION,1,Saturday
5534,DRUNKENNESS,23,MISSION,1,Thursday
5535,DRUNKENNESS,23,MISSION,3,Wednesday
5536,DRUNKENNESS,23,NORTHERN,1,Saturday
5537,DRUNKENNESS,23,NORTHERN,1,Sunday
5538,DRUNKENNESS,23,NORTHERN,1,Thursday
5539,DRUNKENNESS,23,PARK,1,Saturday
5540,DRUNKENNESS,23,PARK,1,Tuesday
5541,DRUNKENNESS,23,SOUTHERN,1,Friday
5542,DRUNKENNESS,23,SOUTHERN,3,Saturday
5543,DRUNKENNESS,23,SOUTHERN,1,Tuesday
5544,DRUNKENNESS,23,SOUTHERN,2,Wednesday
5545,DRUNKENNESS,23,TARAVAL,1,Sunday
5546,DRUNKENNESS,23,TARAVAL,1,Thursday
5547,DRUNKENNESS,23,TARAVAL,1,Tuesday
5548,DRUNKENNESS,23,TENDERLOIN,1,Friday
5549,DRUNKENNESS,23,TENDERLOIN,2,Monday
5550,DRUNKENNESS,23,TENDERLOIN,1,Sunday
5551,DRUNKENNESS,23,TENDERLOIN,2,Thursday
5552,EMBEZZLEMENT,00,BAYVIEW,1,Sunday
5553,EMBEZZLEMENT,00,BAYVIEW,2,Thursday
5554,EMBEZZLEMENT,00,BAYVIEW,1,Wednesday
5555,EMBEZZLEMENT,00,CENTRAL,1,Friday
5556,EMBEZZLEMENT,00,CENTRAL,1,Monday
5557,EMBEZZLEMENT,00,CENTRAL,1,Saturday
5558,EMBEZZLEMENT,00,CENTRAL,1,Tuesday
5559,EMBEZZLEMENT,00,INGLESIDE,2,Friday
5560,EMBEZZLEMENT,00,MISSION,3,Friday
5561,EMBEZZLEMENT,00,MISSION,1,Sunday
5562,EMBEZZLEMENT,00,MISSION,2,Tuesday
5563,EMBEZZLEMENT,00,MISSION,2,Wednesday
5564,EMBEZZLEMENT,00,RICHMOND,1,Wednesday
5565,EMBEZZLEMENT,00,SOUTHERN,2,Friday
5566,EMBEZZLEMENT,00,SOUTHERN,1,Monday
5567,EMBEZZLEMENT,00,SOUTHERN,2,Saturday
5568,EMBEZZLEMENT,00,SOUTHERN,1,Sunday
5569,EMBEZZLEMENT,00,SOUTHERN,3,Thursday
5570,EMBEZZLEMENT,00,SOUTHERN,1,Wednesday
5571,EMBEZZLEMENT,00,TARAVAL,1,Wednesday
5572,EMBEZZLEMENT,03,BAYVIEW,1,Sunday
5573,EMBEZZLEMENT,04,CENTRAL,1,Friday
5574,EMBEZZLEMENT,08,BAYVIEW,1,Thursday
5575,EMBEZZLEMENT,08,CENTRAL,1,Friday
5576,EMBEZZLEMENT,08,CENTRAL,1,Monday
5577,EMBEZZLEMENT,08,CENTRAL,1,Sunday
5578,EMBEZZLEMENT,08,NORTHERN,1,Thursday
5579,EMBEZZLEMENT,08,SOUTHERN,1,Monday
5580,EMBEZZLEMENT,08,SOUTHERN,1,Saturday
5581,EMBEZZLEMENT,08,TARAVAL,2,Monday
5582,EMBEZZLEMENT,08,TARAVAL,1,Saturday
5583,EMBEZZLEMENT,08,TENDERLOIN,1,Friday
5584,EMBEZZLEMENT,08,TENDERLOIN,1,Saturday
5585,EMBEZZLEMENT,09,INGLESIDE,1,Tuesday
5586,EMBEZZLEMENT,09,MISSION,1,Friday
5587,EMBEZZLEMENT,09,MISSION,1,Tuesday
5588,EMBEZZLEMENT,09,MISSION,1,Wednesday
5589,EMBEZZLEMENT,09,NORTHERN,1,Friday
5590,EMBEZZLEMENT,09,NORTHERN,1,Sunday
5591,EMBEZZLEMENT,09,SOUTHERN,1,Monday
5592,EMBEZZLEMENT,09,SOUTHERN,1,Wednesday
5593,EMBEZZLEMENT,09,TARAVAL,1,Tuesday
5594,EMBEZZLEMENT,09,TENDERLOIN,1,Tuesday
5595,EMBEZZLEMENT,10,BAYVIEW,1,Monday
5596,EMBEZZLEMENT,10,BAYVIEW,1,Wednesday
5597,EMBEZZLEMENT,10,CENTRAL,2,Friday
5598,EMBEZZLEMENT,10,INGLESIDE,1,Monday
5599,EMBEZZLEMENT,10,MISSION,1,Thursday
5600,EMBEZZLEMENT,10,SOUTHERN,1,Monday
5601,EMBEZZLEMENT,10,SOUTHERN,1,Thursday
5602,EMBEZZLEMENT,10,TENDERLOIN,1,Wednesday
5603,EMBEZZLEMENT,11,BAYVIEW,1,Saturday
5604,EMBEZZLEMENT,11,CENTRAL,1,Friday
5605,EMBEZZLEMENT,11,CENTRAL,1,Sunday
5606,EMBEZZLEMENT,11,CENTRAL,1,Tuesday
5607,EMBEZZLEMENT,11,MISSION,1,Monday
5608,EMBEZZLEMENT,11,MISSION,1,Sunday
5609,EMBEZZLEMENT,11,MISSION,1,Tuesday
5610,EMBEZZLEMENT,11,NORTHERN,1,Friday
5611,EMBEZZLEMENT,11,SOUTHERN,1,Monday
5612,EMBEZZLEMENT,11,SOUTHERN,1,Sunday
5613,EMBEZZLEMENT,11,TARAVAL,1,Sunday
5614,EMBEZZLEMENT,11,TARAVAL,1,Tuesday
5615,EMBEZZLEMENT,11,TENDERLOIN,1,Saturday
5616,EMBEZZLEMENT,12,BAYVIEW,1,Friday
5617,EMBEZZLEMENT,12,BAYVIEW,1,Saturday
5618,EMBEZZLEMENT,12,BAYVIEW,2,Thursday
5619,EMBEZZLEMENT,12,BAYVIEW,1,Tuesday
5620,EMBEZZLEMENT,12,CENTRAL,2,Friday
5621,EMBEZZLEMENT,12,CENTRAL,1,Monday
5622,EMBEZZLEMENT,12,CENTRAL,1,Tuesday
5623,EMBEZZLEMENT,12,MISSION,1,Friday
5624,EMBEZZLEMENT,12,MISSION,1,Monday
5625,EMBEZZLEMENT,12,MISSION,1,Tuesday
5626,EMBEZZLEMENT,12,MISSION,1,Wednesday
5627,EMBEZZLEMENT,12,NORTHERN,1,Friday
5628,EMBEZZLEMENT,12,RICHMOND,1,Wednesday
5629,EMBEZZLEMENT,12,SOUTHERN,1,Friday
5630,EMBEZZLEMENT,12,SOUTHERN,2,Monday
5631,EMBEZZLEMENT,12,SOUTHERN,1,Saturday
5632,EMBEZZLEMENT,12,SOUTHERN,1,Thursday
5633,EMBEZZLEMENT,12,SOUTHERN,1,Tuesday
5634,EMBEZZLEMENT,12,SOUTHERN,1,Wednesday
5635,EMBEZZLEMENT,12,TARAVAL,2,Saturday
5636,EMBEZZLEMENT,12,TENDERLOIN,2,Saturday
5637,EMBEZZLEMENT,12,TENDERLOIN,1,Tuesday
5638,EMBEZZLEMENT,13,BAYVIEW,1,Sunday
5639,EMBEZZLEMENT,13,MISSION,1,Sunday
5640,EMBEZZLEMENT,13,PARK,1,Friday
5641,EMBEZZLEMENT,13,RICHMOND,1,Tuesday
5642,EMBEZZLEMENT,13,TARAVAL,1,Saturday
5643,EMBEZZLEMENT,13,TARAVAL,1,Wednesday
5644,EMBEZZLEMENT,13,TENDERLOIN,1,Thursday
5645,EMBEZZLEMENT,14,CENTRAL,1,Friday
5646,EMBEZZLEMENT,14,SOUTHERN,1,Friday
5647,EMBEZZLEMENT,14,SOUTHERN,2,Saturday
5648,EMBEZZLEMENT,15,BAYVIEW,1,Tuesday
5649,EMBEZZLEMENT,15,MISSION,1,Wednesday
5650,EMBEZZLEMENT,15,NORTHERN,1,Thursday
5651,EMBEZZLEMENT,15,PARK,1,Thursday
5652,EMBEZZLEMENT,15,SOUTHERN,1,Saturday
5653,EMBEZZLEMENT,15,SOUTHERN,1,Tuesday
5654,EMBEZZLEMENT,15,TARAVAL,1,Thursday
5655,EMBEZZLEMENT,16,BAYVIEW,1,Sunday
5656,EMBEZZLEMENT,16,BAYVIEW,1,Tuesday
5657,EMBEZZLEMENT,16,NORTHERN,1,Thursday
5658,EMBEZZLEMENT,16,SOUTHERN,1,Wednesday
5659,EMBEZZLEMENT,16,TARAVAL,1,Saturday
5660,EMBEZZLEMENT,16,TARAVAL,1,Thursday
5661,EMBEZZLEMENT,16,TENDERLOIN,1,Friday
5662,EMBEZZLEMENT,17,BAYVIEW,1,Thursday
5663,EMBEZZLEMENT,17,INGLESIDE,1,Friday
5664,EMBEZZLEMENT,17,INGLESIDE,1,Thursday
5665,EMBEZZLEMENT,17,NORTHERN,1,Tuesday
5666,EMBEZZLEMENT,17,RICHMOND,1,Saturday
5667,EMBEZZLEMENT,17,SOUTHERN,1,Thursday
5668,EMBEZZLEMENT,17,SOUTHERN,2,Tuesday
5669,EMBEZZLEMENT,17,TARAVAL,1,Wednesday
5670,EMBEZZLEMENT,17,TENDERLOIN,1,Monday
5671,EMBEZZLEMENT,17,TENDERLOIN,1,Sunday
5672,EMBEZZLEMENT,18,BAYVIEW,1,Tuesday
5673,EMBEZZLEMENT,18,CENTRAL,1,Friday
5674,EMBEZZLEMENT,18,INGLESIDE,1,Thursday
5675,EMBEZZLEMENT,18,NORTHERN,1,Monday
5676,EMBEZZLEMENT,18,SOUTHERN,1,Monday
5677,EMBEZZLEMENT,18,SOUTHERN,1,Thursday
5678,EMBEZZLEMENT,18,TENDERLOIN,1,Saturday
5679,EMBEZZLEMENT,19,BAYVIEW,1,Tuesday
5680,EMBEZZLEMENT,19,CENTRAL,1,Friday
5681,EMBEZZLEMENT,19,SOUTHERN,1,Saturday
5682,EMBEZZLEMENT,19,SOUTHERN,1,Sunday
5683,EMBEZZLEMENT,19,SOUTHERN,1,Wednesday
5684,EMBEZZLEMENT,19,TENDERLOIN,1,Monday
5685,EMBEZZLEMENT,19,TENDERLOIN,1,Thursday
5686,EMBEZZLEMENT,19,TENDERLOIN,1,Tuesday
5687,EMBEZZLEMENT,20,BAYVIEW,1,Sunday
5688,EMBEZZLEMENT,20,CENTRAL,1,Saturday
5689,EMBEZZLEMENT,20,MISSION,1,Sunday
5690,EMBEZZLEMENT,20,PARK,1,Thursday
5691,EMBEZZLEMENT,20,PARK,1,Wednesday
5692,EMBEZZLEMENT,20,TARAVAL,1,Wednesday
5693,EMBEZZLEMENT,20,TENDERLOIN,1,Thursday
5694,EMBEZZLEMENT,20,TENDERLOIN,1,Tuesday
5695,EMBEZZLEMENT,21,BAYVIEW,1,Monday
5696,EMBEZZLEMENT,21,MISSION,1,Saturday
5697,EMBEZZLEMENT,21,MISSION,1,Tuesday
5698,EMBEZZLEMENT,21,TENDERLOIN,1,Monday
5699,EMBEZZLEMENT,22,SOUTHERN,1,Friday
5700,EMBEZZLEMENT,22,TENDERLOIN,1,Tuesday
5701,EXTORTION,00,CENTRAL,1,Wednesday
5702,EXTORTION,00,INGLESIDE,1,Monday
5703,EXTORTION,00,INGLESIDE,1,Sunday
5704,EXTORTION,00,MISSION,1,Saturday
5705,EXTORTION,00,PARK,1,Wednesday
5706,EXTORTION,00,RICHMOND,1,Sunday
5707,EXTORTION,00,TARAVAL,1,Monday
5708,EXTORTION,00,TARAVAL,1,Wednesday
5709,EXTORTION,00,TENDERLOIN,1,Thursday
5710,EXTORTION,01,TARAVAL,1,Wednesday
5711,EXTORTION,03,INGLESIDE,1,Monday
5712,EXTORTION,04,TARAVAL,1,Friday
5713,EXTORTION,05,INGLESIDE,1,Friday
5714,EXTORTION,06,RICHMOND,1,Saturday
5715,EXTORTION,08,BAYVIEW,1,Saturday
5716,EXTORTION,09,CENTRAL,1,Monday
5717,EXTORTION,10,BAYVIEW,1,Friday
5718,EXTORTION,10,BAYVIEW,1,Sunday
5719,EXTORTION,10,INGLESIDE,1,Monday
5720,EXTORTION,10,MISSION,1,Friday
5721,EXTORTION,10,PARK,1,Friday
5722,EXTORTION,10,RICHMOND,1,Monday
5723,EXTORTION,10,TARAVAL,1,Thursday
5724,EXTORTION,11,INGLESIDE,1,Monday
5725,EXTORTION,11,SOUTHERN,1,Tuesday
5726,EXTORTION,12,BAYVIEW,1,Thursday
5727,EXTORTION,12,CENTRAL,1,Tuesday
5728,EXTORTION,12,TARAVAL,1,Thursday
5729,EXTORTION,13,BAYVIEW,1,Thursday
5730,EXTORTION,13,CENTRAL,1,Monday
5731,EXTORTION,13,INGLESIDE,1,Friday
5732,EXTORTION,13,MISSION,1,Sunday
5733,EXTORTION,13,MISSION,1,Thursday
5734,EXTORTION,14,CENTRAL,1,Wednesday
5735,EXTORTION,14,MISSION,1,Thursday
5736,EXTORTION,14,RICHMOND,1,Monday
5737,EXTORTION,14,SOUTHERN,1,Wednesday
5738,EXTORTION,14,TARAVAL,1,Thursday
5739,EXTORTION,15,SOUTHERN,1,Monday
5740,EXTORTION,15,TARAVAL,1,Saturday
5741,EXTORTION,16,BAYVIEW,1,Monday
5742,EXTORTION,16,MISSION,1,Friday
5743,EXTORTION,16,NORTHERN,1,Tuesday
5744,EXTORTION,16,SOUTHERN,1,Thursday
5745,EXTORTION,16,TENDERLOIN,1,Monday
5746,EXTORTION,17,BAYVIEW,1,Thursday
5747,EXTORTION,17,MISSION,1,Friday
5748,EXTORTION,17,SOUTHERN,1,Friday
5749,EXTORTION,17,SOUTHERN,1,Saturday
5750,EXTORTION,18,INGLESIDE,1,Saturday
5751,EXTORTION,18,TARAVAL,1,Monday
5752,EXTORTION,19,BAYVIEW,1,Sunday
5753,EXTORTION,19,PARK,1,Tuesday
5754,EXTORTION,19,SOUTHERN,1,Tuesday
5755,EXTORTION,20,TARAVAL,1,Monday
5756,EXTORTION,21,PARK,1,Friday
5757,EXTORTION,22,RICHMOND,1,Saturday
5758,EXTORTION,23,CENTRAL,1,Wednesday
5759,EXTORTION,23,SOUTHERN,1,Tuesday
5760,EXTORTION,23,TENDERLOIN,1,Wednesday
5761,FAMILY OFFENSES,00,NORTHERN,1,Sunday
5762,FAMILY OFFENSES,00,SOUTHERN,1,Friday
5763,FAMILY OFFENSES,00,SOUTHERN,1,Saturday
5764,FAMILY OFFENSES,00,TARAVAL,1,Saturday
5765,FAMILY OFFENSES,01,SOUTHERN,1,Thursday
5766,FAMILY OFFENSES,04,RICHMOND,1,Saturday
5767,FAMILY OFFENSES,09,BAYVIEW,1,Thursday
5768,FAMILY OFFENSES,09,MISSION,1,Saturday
5769,FAMILY OFFENSES,10,BAYVIEW,1,Wednesday
5770,FAMILY OFFENSES,10,CENTRAL,1,Friday
5771,FAMILY OFFENSES,11,MISSION,1,Friday
5772,FAMILY OFFENSES,11,MISSION,1,Thursday
5773,FAMILY OFFENSES,11,MISSION,1,Tuesday
5774,FAMILY OFFENSES,11,NORTHERN,1,Friday
5775,FAMILY OFFENSES,11,NORTHERN,1,Saturday
5776,FAMILY OFFENSES,12,INGLESIDE,1,Sunday
5777,FAMILY OFFENSES,12,SOUTHERN,1,Monday
5778,FAMILY OFFENSES,13,NORTHERN,1,Saturday
5779,FAMILY OFFENSES,13,TARAVAL,1,Wednesday
5780,FAMILY OFFENSES,14,INGLESIDE,1,Saturday
5781,FAMILY OFFENSES,14,MISSION,1,Friday
5782,FAMILY OFFENSES,14,MISSION,1,Monday
5783,FAMILY OFFENSES,14,MISSION,1,Sunday
5784,FAMILY OFFENSES,14,TARAVAL,1,Saturday
5785,FAMILY OFFENSES,15,BAYVIEW,1,Friday
5786,FAMILY OFFENSES,15,BAYVIEW,1,Wednesday
5787,FAMILY OFFENSES,15,MISSION,1,Friday
5788,FAMILY OFFENSES,15,MISSION,1,Tuesday
5789,FAMILY OFFENSES,15,TENDERLOIN,2,Thursday
5790,FAMILY OFFENSES,16,BAYVIEW,1,Sunday
5791,FAMILY OFFENSES,16,BAYVIEW,1,Thursday
5792,FAMILY OFFENSES,16,TENDERLOIN,1,Monday
5793,FAMILY OFFENSES,17,BAYVIEW,1,Thursday
5794,FAMILY OFFENSES,17,INGLESIDE,1,Friday
5795,FAMILY OFFENSES,17,MISSION,1,Friday
5796,FAMILY OFFENSES,18,BAYVIEW,1,Sunday
5797,FAMILY OFFENSES,18,MISSION,1,Monday
5798,FAMILY OFFENSES,18,RICHMOND,1,Friday
5799,FAMILY OFFENSES,18,TARAVAL,1,Tuesday
5800,FAMILY OFFENSES,19,NORTHERN,1,Sunday
5801,FAMILY OFFENSES,20,BAYVIEW,1,Sunday
5802,FAMILY OFFENSES,20,MISSION,1,Saturday
5803,FAMILY OFFENSES,21,BAYVIEW,1,Sunday
5804,FAMILY OFFENSES,21,INGLESIDE,2,Tuesday
5805,FAMILY OFFENSES,21,MISSION,2,Sunday
5806,FAMILY OFFENSES,22,RICHMOND,1,Sunday
5807,FAMILY OFFENSES,22,TARAVAL,1,Thursday
5808,FAMILY OFFENSES,23,INGLESIDE,1,Thursday
5809,FAMILY OFFENSES,23,INGLESIDE,1,Tuesday
5810,FAMILY OFFENSES,23,TARAVAL,1,Friday
5811,FORGERY/COUNTERFEITING,00,BAYVIEW,2,Friday
5812,FORGERY/COUNTERFEITING,00,BAYVIEW,1,Saturday
5813,FORGERY/COUNTERFEITING,00,BAYVIEW,1,Thursday
5814,FORGERY/COUNTERFEITING,00,BAYVIEW,1,Tuesday
5815,FORGERY/COUNTERFEITING,00,BAYVIEW,1,Wednesday
5816,FORGERY/COUNTERFEITING,00,CENTRAL,3,Friday
5817,FORGERY/COUNTERFEITING,00,CENTRAL,4,Monday
5818,FORGERY/COUNTERFEITING,00,CENTRAL,1,Saturday
5819,FORGERY/COUNTERFEITING,00,CENTRAL,5,Tuesday
5820,FORGERY/COUNTERFEITING,00,CENTRAL,2,Wednesday
5821,FORGERY/COUNTERFEITING,00,INGLESIDE,1,Monday
5822,FORGERY/COUNTERFEITING,00,INGLESIDE,1,Saturday
5823,FORGERY/COUNTERFEITING,00,INGLESIDE,3,Thursday
5824,FORGERY/COUNTERFEITING,00,INGLESIDE,1,Tuesday
5825,FORGERY/COUNTERFEITING,00,INGLESIDE,1,Wednesday
5826,FORGERY/COUNTERFEITING,00,MISSION,2,Monday
5827,FORGERY/COUNTERFEITING,00,MISSION,1,Saturday
5828,FORGERY/COUNTERFEITING,00,MISSION,1,Sunday
5829,FORGERY/COUNTERFEITING,00,MISSION,2,Wednesday
5830,FORGERY/COUNTERFEITING,00,NORTHERN,1,Friday
5831,FORGERY/COUNTERFEITING,00,NORTHERN,2,Sunday
5832,FORGERY/COUNTERFEITING,00,NORTHERN,4,Thursday
5833,FORGERY/COUNTERFEITING,00,NORTHERN,2,Tuesday
5834,FORGERY/COUNTERFEITING,00,NORTHERN,4,Wednesday
5835,FORGERY/COUNTERFEITING,00,PARK,1,Monday
5836,FORGERY/COUNTERFEITING,00,PARK,1,Saturday
5837,FORGERY/COUNTERFEITING,00,PARK,1,Wednesday
5838,FORGERY/COUNTERFEITING,00,RICHMOND,3,Friday
5839,FORGERY/COUNTERFEITING,00,RICHMOND,1,Monday
5840,FORGERY/COUNTERFEITING,00,RICHMOND,2,Saturday
5841,FORGERY/COUNTERFEITING,00,RICHMOND,1,Sunday
5842,FORGERY/COUNTERFEITING,00,RICHMOND,2,Wednesday
5843,FORGERY/COUNTERFEITING,00,SOUTHERN,2,Friday
5844,FORGERY/COUNTERFEITING,00,SOUTHERN,3,Monday
5845,FORGERY/COUNTERFEITING,00,SOUTHERN,7,Thursday
5846,FORGERY/COUNTERFEITING,00,SOUTHERN,2,Wednesday
5847,FORGERY/COUNTERFEITING,00,TARAVAL,4,Monday
5848,FORGERY/COUNTERFEITING,00,TARAVAL,1,Saturday
5849,FORGERY/COUNTERFEITING,00,TARAVAL,4,Tuesday
5850,FORGERY/COUNTERFEITING,00,TARAVAL,5,Wednesday
5851,FORGERY/COUNTERFEITING,00,TENDERLOIN,3,Monday
5852,FORGERY/COUNTERFEITING,00,TENDERLOIN,1,Saturday
5853,FORGERY/COUNTERFEITING,00,TENDERLOIN,3,Tuesday
5854,FORGERY/COUNTERFEITING,00,TENDERLOIN,1,Wednesday
5855,FORGERY/COUNTERFEITING,01,BAYVIEW,1,Monday
5856,FORGERY/COUNTERFEITING,01,CENTRAL,1,Monday
5857,FORGERY/COUNTERFEITING,01,MISSION,1,Tuesday
5858,FORGERY/COUNTERFEITING,01,RICHMOND,1,Friday
5859,FORGERY/COUNTERFEITING,01,RICHMOND,1,Saturday
5860,FORGERY/COUNTERFEITING,01,RICHMOND,3,Tuesday
5861,FORGERY/COUNTERFEITING,01,SOUTHERN,1,Thursday
5862,FORGERY/COUNTERFEITING,01,TENDERLOIN,1,Sunday
5863,FORGERY/COUNTERFEITING,02,SOUTHERN,1,Sunday
5864,FORGERY/COUNTERFEITING,03,INGLESIDE,1,Wednesday
5865,FORGERY/COUNTERFEITING,03,MISSION,1,Sunday
5866,FORGERY/COUNTERFEITING,03,NORTHERN,1,Wednesday
5867,FORGERY/COUNTERFEITING,03,TENDERLOIN,1,Saturday
5868,FORGERY/COUNTERFEITING,04,NORTHERN,1,Friday
5869,FORGERY/COUNTERFEITING,04,TENDERLOIN,1,Friday
5870,FORGERY/COUNTERFEITING,04,TENDERLOIN,1,Thursday
5871,FORGERY/COUNTERFEITING,06,CENTRAL,1,Monday
5872,FORGERY/COUNTERFEITING,06,INGLESIDE,1,Saturday
5873,FORGERY/COUNTERFEITING,06,SOUTHERN,1,Monday
5874,FORGERY/COUNTERFEITING,06,SOUTHERN,1,Thursday
5875,FORGERY/COUNTERFEITING,06,TARAVAL,1,Friday
5876,FORGERY/COUNTERFEITING,06,TENDERLOIN,1,Wednesday
5877,FORGERY/COUNTERFEITING,07,BAYVIEW,1,Friday
5878,FORGERY/COUNTERFEITING,07,CENTRAL,1,Friday
5879,FORGERY/COUNTERFEITING,07,CENTRAL,1,Thursday
5880,FORGERY/COUNTERFEITING,07,CENTRAL,1,Wednesday
5881,FORGERY/COUNTERFEITING,07,MISSION,1,Monday
5882,FORGERY/COUNTERFEITING,07,MISSION,2,Wednesday
5883,FORGERY/COUNTERFEITING,07,SOUTHERN,1,Sunday
5884,FORGERY/COUNTERFEITING,07,SOUTHERN,2,Thursday
5885,FORGERY/COUNTERFEITING,07,SOUTHERN,1,Tuesday
5886,FORGERY/COUNTERFEITING,07,SOUTHERN,1,Wednesday
5887,FORGERY/COUNTERFEITING,07,TARAVAL,1,Wednesday
5888,FORGERY/COUNTERFEITING,08,BAYVIEW,3,Tuesday
5889,FORGERY/COUNTERFEITING,08,CENTRAL,1,Monday
5890,FORGERY/COUNTERFEITING,08,CENTRAL,1,Thursday
5891,FORGERY/COUNTERFEITING,08,INGLESIDE,3,Friday
5892,FORGERY/COUNTERFEITING,08,INGLESIDE,1,Tuesday
5893,FORGERY/COUNTERFEITING,08,MISSION,1,Sunday
5894,FORGERY/COUNTERFEITING,08,MISSION,2,Wednesday
5895,FORGERY/COUNTERFEITING,08,NORTHERN,1,Monday
5896,FORGERY/COUNTERFEITING,08,NORTHERN,1,Thursday
5897,FORGERY/COUNTERFEITING,08,NORTHERN,1,Tuesday
5898,FORGERY/COUNTERFEITING,08,NORTHERN,1,Wednesday
5899,FORGERY/COUNTERFEITING,08,PARK,1,Friday
5900,FORGERY/COUNTERFEITING,08,RICHMOND,1,Thursday
5901,FORGERY/COUNTERFEITING,08,RICHMOND,1,Wednesday
5902,FORGERY/COUNTERFEITING,08,SOUTHERN,3,Friday
5903,FORGERY/COUNTERFEITING,08,SOUTHERN,2,Tuesday
5904,FORGERY/COUNTERFEITING,08,TARAVAL,1,Tuesday
5905,FORGERY/COUNTERFEITING,08,TENDERLOIN,1,Monday
5906,FORGERY/COUNTERFEITING,09,BAYVIEW,1,Monday
5907,FORGERY/COUNTERFEITING,09,BAYVIEW,1,Saturday
5908,FORGERY/COUNTERFEITING,09,BAYVIEW,3,Wednesday
5909,FORGERY/COUNTERFEITING,09,CENTRAL,1,Friday
5910,FORGERY/COUNTERFEITING,09,CENTRAL,1,Sunday
5911,FORGERY/COUNTERFEITING,09,CENTRAL,1,Tuesday
5912,FORGERY/COUNTERFEITING,09,INGLESIDE,1,Friday
5913,FORGERY/COUNTERFEITING,09,INGLESIDE,1,Tuesday
5914,FORGERY/COUNTERFEITING,09,MISSION,1,Monday
5915,FORGERY/COUNTERFEITING,09,MISSION,1,Thursday
5916,FORGERY/COUNTERFEITING,09,MISSION,1,Tuesday
5917,FORGERY/COUNTERFEITING,09,NORTHERN,1,Sunday
5918,FORGERY/COUNTERFEITING,09,NORTHERN,1,Thursday
5919,FORGERY/COUNTERFEITING,09,NORTHERN,1,Tuesday
5920,FORGERY/COUNTERFEITING,09,NORTHERN,1,Wednesday
5921,FORGERY/COUNTERFEITING,09,PARK,1,Saturday
5922,FORGERY/COUNTERFEITING,09,SOUTHERN,1,Friday
5923,FORGERY/COUNTERFEITING,09,SOUTHERN,3,Monday
5924,FORGERY/COUNTERFEITING,09,SOUTHERN,1,Saturday
5925,FORGERY/COUNTERFEITING,09,SOUTHERN,6,Thursday
5926,FORGERY/COUNTERFEITING,09,SOUTHERN,3,Tuesday
5927,FORGERY/COUNTERFEITING,09,SOUTHERN,1,Wednesday
5928,FORGERY/COUNTERFEITING,09,TARAVAL,1,Monday
5929,FORGERY/COUNTERFEITING,09,TENDERLOIN,1,Friday
5930,FORGERY/COUNTERFEITING,09,TENDERLOIN,1,Saturday
5931,FORGERY/COUNTERFEITING,09,TENDERLOIN,2,Thursday
5932,FORGERY/COUNTERFEITING,09,TENDERLOIN,1,Tuesday
5933,FORGERY/COUNTERFEITING,10,BAYVIEW,1,Saturday
5934,FORGERY/COUNTERFEITING,10,BAYVIEW,1,Wednesday
5935,FORGERY/COUNTERFEITING,10,CENTRAL,2,Friday
5936,FORGERY/COUNTERFEITING,10,CENTRAL,1,Monday
5937,FORGERY/COUNTERFEITING,10,CENTRAL,1,Sunday
5938,FORGERY/COUNTERFEITING,10,CENTRAL,1,Wednesday
5939,FORGERY/COUNTERFEITING,10,INGLESIDE,1,Sunday
5940,FORGERY/COUNTERFEITING,10,MISSION,2,Monday
5941,FORGERY/COUNTERFEITING,10,MISSION,1,Saturday
5942,FORGERY/COUNTERFEITING,10,MISSION,1,Sunday
5943,FORGERY/COUNTERFEITING,10,MISSION,3,Thursday
5944,FORGERY/COUNTERFEITING,10,NORTHERN,1,Sunday
5945,FORGERY/COUNTERFEITING,10,NORTHERN,2,Tuesday
5946,FORGERY/COUNTERFEITING,10,PARK,1,Thursday
5947,FORGERY/COUNTERFEITING,10,RICHMOND,1,Friday
5948,FORGERY/COUNTERFEITING,10,RICHMOND,1,Sunday
5949,FORGERY/COUNTERFEITING,10,SOUTHERN,2,Friday
5950,FORGERY/COUNTERFEITING,10,SOUTHERN,2,Monday
5951,FORGERY/COUNTERFEITING,10,SOUTHERN,1,Saturday
5952,FORGERY/COUNTERFEITING,10,SOUTHERN,1,Sunday
5953,FORGERY/COUNTERFEITING,10,SOUTHERN,3,Thursday
5954,FORGERY/COUNTERFEITING,10,TARAVAL,2,Friday
5955,FORGERY/COUNTERFEITING,10,TARAVAL,1,Thursday
5956,FORGERY/COUNTERFEITING,10,TENDERLOIN,1,Wednesday
5957,FORGERY/COUNTERFEITING,11,BAYVIEW,1,Thursday
5958,FORGERY/COUNTERFEITING,11,CENTRAL,1,Friday
5959,FORGERY/COUNTERFEITING,11,CENTRAL,1,Saturday
5960,FORGERY/COUNTERFEITING,11,CENTRAL,1,Thursday
5961,FORGERY/COUNTERFEITING,11,CENTRAL,2,Wednesday
5962,FORGERY/COUNTERFEITING,11,INGLESIDE,1,Friday
5963,FORGERY/COUNTERFEITING,11,INGLESIDE,3,Thursday
5964,FORGERY/COUNTERFEITING,11,MISSION,2,Monday
5965,FORGERY/COUNTERFEITING,11,MISSION,1,Saturday
5966,FORGERY/COUNTERFEITING,11,MISSION,1,Thursday
5967,FORGERY/COUNTERFEITING,11,NORTHERN,1,Monday
5968,FORGERY/COUNTERFEITING,11,NORTHERN,1,Tuesday
5969,FORGERY/COUNTERFEITING,11,PARK,2,Thursday
5970,FORGERY/COUNTERFEITING,11,RICHMOND,2,Saturday
5971,FORGERY/COUNTERFEITING,11,RICHMOND,1,Thursday
5972,FORGERY/COUNTERFEITING,11,SOUTHERN,1,Friday
5973,FORGERY/COUNTERFEITING,11,SOUTHERN,1,Monday
5974,FORGERY/COUNTERFEITING,11,SOUTHERN,1,Saturday
5975,FORGERY/COUNTERFEITING,11,SOUTHERN,1,Sunday
5976,FORGERY/COUNTERFEITING,11,SOUTHERN,1,Tuesday
5977,FORGERY/COUNTERFEITING,11,SOUTHERN,1,Wednesday
5978,FORGERY/COUNTERFEITING,11,TENDERLOIN,2,Thursday
5979,FORGERY/COUNTERFEITING,12,BAYVIEW,1,Saturday
5980,FORGERY/COUNTERFEITING,12,BAYVIEW,2,Thursday
5981,FORGERY/COUNTERFEITING,12,BAYVIEW,2,Wednesday
5982,FORGERY/COUNTERFEITING,12,CENTRAL,1,Friday
5983,FORGERY/COUNTERFEITING,12,CENTRAL,1,Monday
5984,FORGERY/COUNTERFEITING,12,CENTRAL,4,Saturday
5985,FORGERY/COUNTERFEITING,12,CENTRAL,1,Sunday
5986,FORGERY/COUNTERFEITING,12,CENTRAL,1,Thursday
5987,FORGERY/COUNTERFEITING,12,CENTRAL,4,Tuesday
5988,FORGERY/COUNTERFEITING,12,CENTRAL,4,Wednesday
5989,FORGERY/COUNTERFEITING,12,INGLESIDE,1,Friday
5990,FORGERY/COUNTERFEITING,12,INGLESIDE,1,Wednesday
5991,FORGERY/COUNTERFEITING,12,MISSION,1,Friday
5992,FORGERY/COUNTERFEITING,12,MISSION,1,Monday
5993,FORGERY/COUNTERFEITING,12,MISSION,1,Thursday
5994,FORGERY/COUNTERFEITING,12,MISSION,2,Tuesday
5995,FORGERY/COUNTERFEITING,12,MISSION,4,Wednesday
5996,FORGERY/COUNTERFEITING,12,NORTHERN,1,Friday
5997,FORGERY/COUNTERFEITING,12,NORTHERN,3,Monday
5998,FORGERY/COUNTERFEITING,12,NORTHERN,1,Saturday
5999,FORGERY/COUNTERFEITING,12,NORTHERN,3,Sunday
6000,FORGERY/COUNTERFEITING,12,NORTHERN,3,Thursday
6001,FORGERY/COUNTERFEITING,12,NORTHERN,3,Tuesday
6002,FORGERY/COUNTERFEITING,12,NORTHERN,1,Wednesday
6003,FORGERY/COUNTERFEITING,12,PARK,1,Friday
6004,FORGERY/COUNTERFEITING,12,PARK,1,Thursday
6005,FORGERY/COUNTERFEITING,12,PARK,1,Tuesday
6006,FORGERY/COUNTERFEITING,12,PARK,2,Wednesday
6007,FORGERY/COUNTERFEITING,12,RICHMOND,1,Friday
6008,FORGERY/COUNTERFEITING,12,RICHMOND,1,Monday
6009,FORGERY/COUNTERFEITING,12,RICHMOND,2,Sunday
6010,FORGERY/COUNTERFEITING,12,RICHMOND,2,Thursday
6011,FORGERY/COUNTERFEITING,12,RICHMOND,1,Wednesday
6012,FORGERY/COUNTERFEITING,12,SOUTHERN,4,Friday
6013,FORGERY/COUNTERFEITING,12,SOUTHERN,1,Monday
6014,FORGERY/COUNTERFEITING,12,SOUTHERN,1,Saturday
6015,FORGERY/COUNTERFEITING,12,SOUTHERN,2,Sunday
6016,FORGERY/COUNTERFEITING,12,SOUTHERN,5,Thursday
6017,FORGERY/COUNTERFEITING,12,SOUTHERN,3,Wednesday
6018,FORGERY/COUNTERFEITING,12,TARAVAL,1,Monday
6019,FORGERY/COUNTERFEITING,12,TARAVAL,1,Thursday
6020,FORGERY/COUNTERFEITING,12,TARAVAL,1,Tuesday
6021,FORGERY/COUNTERFEITING,12,TENDERLOIN,1,Friday
6022,FORGERY/COUNTERFEITING,12,TENDERLOIN,1,Monday
6023,FORGERY/COUNTERFEITING,12,TENDERLOIN,1,Thursday
6024,FORGERY/COUNTERFEITING,13,BAYVIEW,1,Friday
6025,FORGERY/COUNTERFEITING,13,BAYVIEW,2,Saturday
6026,FORGERY/COUNTERFEITING,13,BAYVIEW,1,Wednesday
6027,FORGERY/COUNTERFEITING,13,CENTRAL,1,Monday
6028,FORGERY/COUNTERFEITING,13,CENTRAL,1,Saturday
6029,FORGERY/COUNTERFEITING,13,CENTRAL,1,Wednesday
6030,FORGERY/COUNTERFEITING,13,INGLESIDE,1,Monday
6031,FORGERY/COUNTERFEITING,13,INGLESIDE,1,Saturday
6032,FORGERY/COUNTERFEITING,13,MISSION,1,Monday
6033,FORGERY/COUNTERFEITING,13,MISSION,1,Saturday
6034,FORGERY/COUNTERFEITING,13,MISSION,4,Tuesday
6035,FORGERY/COUNTERFEITING,13,MISSION,1,Wednesday
6036,FORGERY/COUNTERFEITING,13,NORTHERN,1,Friday
6037,FORGERY/COUNTERFEITING,13,NORTHERN,1,Thursday
6038,FORGERY/COUNTERFEITING,13,RICHMOND,1,Friday
6039,FORGERY/COUNTERFEITING,13,RICHMOND,1,Tuesday
6040,FORGERY/COUNTERFEITING,13,SOUTHERN,2,Monday
6041,FORGERY/COUNTERFEITING,13,SOUTHERN,4,Saturday
6042,FORGERY/COUNTERFEITING,13,SOUTHERN,2,Wednesday
6043,FORGERY/COUNTERFEITING,13,TENDERLOIN,1,Tuesday
6044,FORGERY/COUNTERFEITING,13,TENDERLOIN,1,Wednesday
6045,FORGERY/COUNTERFEITING,14,BAYVIEW,1,Wednesday
6046,FORGERY/COUNTERFEITING,14,CENTRAL,1,Friday
6047,FORGERY/COUNTERFEITING,14,CENTRAL,1,Thursday
6048,FORGERY/COUNTERFEITING,14,CENTRAL,1,Tuesday
6049,FORGERY/COUNTERFEITING,14,CENTRAL,1,Wednesday
6050,FORGERY/COUNTERFEITING,14,INGLESIDE,1,Monday
6051,FORGERY/COUNTERFEITING,14,INGLESIDE,2,Tuesday
6052,FORGERY/COUNTERFEITING,14,INGLESIDE,1,Wednesday
6053,FORGERY/COUNTERFEITING,14,MISSION,1,Friday
6054,FORGERY/COUNTERFEITING,14,MISSION,1,Monday
6055,FORGERY/COUNTERFEITING,14,MISSION,3,Saturday
6056,FORGERY/COUNTERFEITING,14,MISSION,2,Thursday
6057,FORGERY/COUNTERFEITING,14,MISSION,1,Tuesday
6058,FORGERY/COUNTERFEITING,14,NORTHERN,1,Monday
6059,FORGERY/COUNTERFEITING,14,NORTHERN,1,Thursday
6060,FORGERY/COUNTERFEITING,14,NORTHERN,1,Wednesday
6061,FORGERY/COUNTERFEITING,14,PARK,1,Wednesday
6062,FORGERY/COUNTERFEITING,14,RICHMOND,1,Sunday
6063,FORGERY/COUNTERFEITING,14,RICHMOND,1,Wednesday
6064,FORGERY/COUNTERFEITING,14,SOUTHERN,1,Friday
6065,FORGERY/COUNTERFEITING,14,SOUTHERN,1,Saturday
6066,FORGERY/COUNTERFEITING,14,SOUTHERN,1,Sunday
6067,FORGERY/COUNTERFEITING,14,TARAVAL,1,Friday
6068,FORGERY/COUNTERFEITING,14,TARAVAL,1,Thursday
6069,FORGERY/COUNTERFEITING,14,TARAVAL,1,Tuesday
6070,FORGERY/COUNTERFEITING,14,TARAVAL,1,Wednesday
6071,FORGERY/COUNTERFEITING,14,TENDERLOIN,1,Saturday
6072,FORGERY/COUNTERFEITING,15,BAYVIEW,1,Friday
6073,FORGERY/COUNTERFEITING,15,BAYVIEW,1,Thursday
6074,FORGERY/COUNTERFEITING,15,CENTRAL,1,Friday
6075,FORGERY/COUNTERFEITING,15,CENTRAL,1,Monday
6076,FORGERY/COUNTERFEITING,15,CENTRAL,1,Saturday
6077,FORGERY/COUNTERFEITING,15,CENTRAL,1,Thursday
6078,FORGERY/COUNTERFEITING,15,CENTRAL,1,Tuesday
6079,FORGERY/COUNTERFEITING,15,CENTRAL,1,Wednesday
6080,FORGERY/COUNTERFEITING,15,INGLESIDE,1,Friday
6081,FORGERY/COUNTERFEITING,15,INGLESIDE,1,Monday
6082,FORGERY/COUNTERFEITING,15,INGLESIDE,2,Tuesday
6083,FORGERY/COUNTERFEITING,15,MISSION,1,Saturday
6084,FORGERY/COUNTERFEITING,15,MISSION,1,Sunday
6085,FORGERY/COUNTERFEITING,15,MISSION,1,Thursday
6086,FORGERY/COUNTERFEITING,15,MISSION,2,Tuesday
6087,FORGERY/COUNTERFEITING,15,NORTHERN,1,Saturday
6088,FORGERY/COUNTERFEITING,15,NORTHERN,2,Thursday
6089,FORGERY/COUNTERFEITING,15,NORTHERN,1,Tuesday
6090,FORGERY/COUNTERFEITING,15,PARK,1,Saturday
6091,FORGERY/COUNTERFEITING,15,PARK,1,Tuesday
6092,FORGERY/COUNTERFEITING,15,PARK,1,Wednesday
6093,FORGERY/COUNTERFEITING,15,RICHMOND,1,Friday
6094,FORGERY/COUNTERFEITING,15,RICHMOND,1,Monday
6095,FORGERY/COUNTERFEITING,15,RICHMOND,1,Thursday
6096,FORGERY/COUNTERFEITING,15,RICHMOND,1,Wednesday
6097,FORGERY/COUNTERFEITING,15,SOUTHERN,1,Friday
6098,FORGERY/COUNTERFEITING,15,SOUTHERN,1,Monday
6099,FORGERY/COUNTERFEITING,15,SOUTHERN,1,Sunday
6100,FORGERY/COUNTERFEITING,15,SOUTHERN,3,Thursday
6101,FORGERY/COUNTERFEITING,15,SOUTHERN,2,Wednesday
6102,FORGERY/COUNTERFEITING,15,TARAVAL,1,Friday
6103,FORGERY/COUNTERFEITING,15,TARAVAL,1,Wednesday
6104,FORGERY/COUNTERFEITING,15,TENDERLOIN,1,Monday
6105,FORGERY/COUNTERFEITING,15,TENDERLOIN,2,Sunday
6106,FORGERY/COUNTERFEITING,15,TENDERLOIN,2,Tuesday
6107,FORGERY/COUNTERFEITING,16,CENTRAL,1,Friday
6108,FORGERY/COUNTERFEITING,16,CENTRAL,2,Thursday
6109,FORGERY/COUNTERFEITING,16,CENTRAL,3,Tuesday
6110,FORGERY/COUNTERFEITING,16,CENTRAL,1,Wednesday
6111,FORGERY/COUNTERFEITING,16,INGLESIDE,1,Saturday
6112,FORGERY/COUNTERFEITING,16,INGLESIDE,1,Wednesday
6113,FORGERY/COUNTERFEITING,16,MISSION,1,Monday
6114,FORGERY/COUNTERFEITING,16,MISSION,2,Thursday
6115,FORGERY/COUNTERFEITING,16,MISSION,3,Tuesday
6116,FORGERY/COUNTERFEITING,16,MISSION,2,Wednesday
6117,FORGERY/COUNTERFEITING,16,NORTHERN,2,Friday
6118,FORGERY/COUNTERFEITING,16,NORTHERN,1,Sunday
6119,FORGERY/COUNTERFEITING,16,NORTHERN,1,Thursday
6120,FORGERY/COUNTERFEITING,16,NORTHERN,2,Tuesday
6121,FORGERY/COUNTERFEITING,16,NORTHERN,1,Wednesday
6122,FORGERY/COUNTERFEITING,16,RICHMOND,1,Monday
6123,FORGERY/COUNTERFEITING,16,RICHMOND,2,Wednesday
6124,FORGERY/COUNTERFEITING,16,SOUTHERN,1,Friday
6125,FORGERY/COUNTERFEITING,16,SOUTHERN,1,Monday
6126,FORGERY/COUNTERFEITING,16,SOUTHERN,3,Thursday
6127,FORGERY/COUNTERFEITING,16,SOUTHERN,4,Tuesday
6128,FORGERY/COUNTERFEITING,16,SOUTHERN,1,Wednesday
6129,FORGERY/COUNTERFEITING,16,TARAVAL,1,Thursday
6130,FORGERY/COUNTERFEITING,16,TENDERLOIN,1,Thursday
6131,FORGERY/COUNTERFEITING,17,BAYVIEW,2,Sunday
6132,FORGERY/COUNTERFEITING,17,BAYVIEW,1,Tuesday
6133,FORGERY/COUNTERFEITING,17,CENTRAL,1,Monday
6134,FORGERY/COUNTERFEITING,17,CENTRAL,1,Thursday
6135,FORGERY/COUNTERFEITING,17,CENTRAL,1,Wednesday
6136,FORGERY/COUNTERFEITING,17,INGLESIDE,2,Monday
6137,FORGERY/COUNTERFEITING,17,INGLESIDE,1,Thursday
6138,FORGERY/COUNTERFEITING,17,MISSION,2,Friday
6139,FORGERY/COUNTERFEITING,17,MISSION,1,Saturday
6140,FORGERY/COUNTERFEITING,17,MISSION,2,Sunday
6141,FORGERY/COUNTERFEITING,17,MISSION,1,Tuesday
6142,FORGERY/COUNTERFEITING,17,NORTHERN,2,Friday
6143,FORGERY/COUNTERFEITING,17,NORTHERN,2,Monday
6144,FORGERY/COUNTERFEITING,17,NORTHERN,1,Saturday
6145,FORGERY/COUNTERFEITING,17,NORTHERN,3,Tuesday
6146,FORGERY/COUNTERFEITING,17,PARK,1,Monday
6147,FORGERY/COUNTERFEITING,17,RICHMOND,1,Friday
6148,FORGERY/COUNTERFEITING,17,RICHMOND,2,Saturday
6149,FORGERY/COUNTERFEITING,17,RICHMOND,1,Thursday
6150,FORGERY/COUNTERFEITING,17,SOUTHERN,2,Friday
6151,FORGERY/COUNTERFEITING,17,SOUTHERN,4,Monday
6152,FORGERY/COUNTERFEITING,17,SOUTHERN,1,Saturday
6153,FORGERY/COUNTERFEITING,17,SOUTHERN,1,Thursday
6154,FORGERY/COUNTERFEITING,17,SOUTHERN,2,Tuesday
6155,FORGERY/COUNTERFEITING,17,SOUTHERN,2,Wednesday
6156,FORGERY/COUNTERFEITING,17,TENDERLOIN,1,Sunday
6157,FORGERY/COUNTERFEITING,17,TENDERLOIN,2,Thursday
6158,FORGERY/COUNTERFEITING,17,TENDERLOIN,1,Tuesday
6159,FORGERY/COUNTERFEITING,18,BAYVIEW,1,Tuesday
6160,FORGERY/COUNTERFEITING,18,CENTRAL,1,Saturday
6161,FORGERY/COUNTERFEITING,18,CENTRAL,1,Sunday
6162,FORGERY/COUNTERFEITING,18,INGLESIDE,1,Saturday
6163,FORGERY/COUNTERFEITING,18,MISSION,2,Monday
6164,FORGERY/COUNTERFEITING,18,MISSION,1,Thursday
6165,FORGERY/COUNTERFEITING,18,MISSION,1,Wednesday
6166,FORGERY/COUNTERFEITING,18,NORTHERN,3,Friday
6167,FORGERY/COUNTERFEITING,18,NORTHERN,3,Saturday
6168,FORGERY/COUNTERFEITING,18,NORTHERN,3,Thursday
6169,FORGERY/COUNTERFEITING,18,NORTHERN,1,Tuesday
6170,FORGERY/COUNTERFEITING,18,NORTHERN,1,Wednesday
6171,FORGERY/COUNTERFEITING,18,PARK,1,Wednesday
6172,FORGERY/COUNTERFEITING,18,SOUTHERN,2,Friday
6173,FORGERY/COUNTERFEITING,18,SOUTHERN,1,Monday
6174,FORGERY/COUNTERFEITING,18,SOUTHERN,1,Saturday
6175,FORGERY/COUNTERFEITING,18,SOUTHERN,1,Sunday
6176,FORGERY/COUNTERFEITING,18,SOUTHERN,1,Tuesday
6177,FORGERY/COUNTERFEITING,18,TENDERLOIN,1,Monday
6178,FORGERY/COUNTERFEITING,18,TENDERLOIN,1,Saturday
6179,FORGERY/COUNTERFEITING,18,TENDERLOIN,1,Thursday
6180,FORGERY/COUNTERFEITING,19,CENTRAL,1,Friday
6181,FORGERY/COUNTERFEITING,19,INGLESIDE,1,Monday
6182,FORGERY/COUNTERFEITING,19,MISSION,1,Tuesday
6183,FORGERY/COUNTERFEITING,19,NORTHERN,1,Saturday
6184,FORGERY/COUNTERFEITING,19,NORTHERN,1,Thursday
6185,FORGERY/COUNTERFEITING,19,NORTHERN,1,Tuesday
6186,FORGERY/COUNTERFEITING,19,PARK,1,Monday
6187,FORGERY/COUNTERFEITING,19,PARK,1,Thursday
6188,FORGERY/COUNTERFEITING,19,SOUTHERN,2,Thursday
6189,FORGERY/COUNTERFEITING,19,TARAVAL,1,Monday
6190,FORGERY/COUNTERFEITING,19,TARAVAL,1,Sunday
6191,FORGERY/COUNTERFEITING,19,TARAVAL,1,Wednesday
6192,FORGERY/COUNTERFEITING,19,TENDERLOIN,1,Tuesday
6193,FORGERY/COUNTERFEITING,20,INGLESIDE,1,Thursday
6194,FORGERY/COUNTERFEITING,20,MISSION,1,Friday
6195,FORGERY/COUNTERFEITING,20,MISSION,1,Sunday
6196,FORGERY/COUNTERFEITING,20,MISSION,1,Tuesday
6197,FORGERY/COUNTERFEITING,20,NORTHERN,1,Saturday
6198,FORGERY/COUNTERFEITING,20,NORTHERN,1,Sunday
6199,FORGERY/COUNTERFEITING,20,NORTHERN,1,Wednesday
6200,FORGERY/COUNTERFEITING,20,SOUTHERN,2,Monday
6201,FORGERY/COUNTERFEITING,20,SOUTHERN,1,Saturday
6202,FORGERY/COUNTERFEITING,20,TARAVAL,1,Tuesday
6203,FORGERY/COUNTERFEITING,20,TARAVAL,1,Wednesday
6204,FORGERY/COUNTERFEITING,20,TENDERLOIN,1,Sunday
6205,FORGERY/COUNTERFEITING,21,BAYVIEW,1,Thursday
6206,FORGERY/COUNTERFEITING,21,CENTRAL,2,Sunday
6207,FORGERY/COUNTERFEITING,21,INGLESIDE,1,Sunday
6208,FORGERY/COUNTERFEITING,21,INGLESIDE,1,Thursday
6209,FORGERY/COUNTERFEITING,21,MISSION,1,Sunday
6210,FORGERY/COUNTERFEITING,21,MISSION,1,Tuesday
6211,FORGERY/COUNTERFEITING,21,NORTHERN,2,Monday
6212,FORGERY/COUNTERFEITING,21,NORTHERN,3,Tuesday
6213,FORGERY/COUNTERFEITING,21,SOUTHERN,1,Tuesday
6214,FORGERY/COUNTERFEITING,21,TARAVAL,1,Tuesday
6215,FORGERY/COUNTERFEITING,21,TENDERLOIN,1,Saturday
6216,FORGERY/COUNTERFEITING,21,TENDERLOIN,2,Thursday
6217,FORGERY/COUNTERFEITING,21,TENDERLOIN,1,Wednesday
6218,FORGERY/COUNTERFEITING,22,BAYVIEW,1,Sunday
6219,FORGERY/COUNTERFEITING,22,CENTRAL,1,Sunday
6220,FORGERY/COUNTERFEITING,22,CENTRAL,1,Thursday
6221,FORGERY/COUNTERFEITING,22,CENTRAL,1,Wednesday
6222,FORGERY/COUNTERFEITING,22,INGLESIDE,1,Monday
6223,FORGERY/COUNTERFEITING,22,MISSION,1,Thursday
6224,FORGERY/COUNTERFEITING,22,MISSION,1,Wednesday
6225,FORGERY/COUNTERFEITING,22,NORTHERN,1,Monday
6226,FORGERY/COUNTERFEITING,22,NORTHERN,1,Tuesday
6227,FORGERY/COUNTERFEITING,22,RICHMOND,1,Monday
6228,FORGERY/COUNTERFEITING,22,SOUTHERN,1,Monday
6229,FORGERY/COUNTERFEITING,22,SOUTHERN,1,Wednesday
6230,FORGERY/COUNTERFEITING,23,BAYVIEW,1,Wednesday
6231,FORGERY/COUNTERFEITING,23,MISSION,1,Tuesday
6232,FORGERY/COUNTERFEITING,23,NORTHERN,1,Monday
6233,FORGERY/COUNTERFEITING,23,NORTHERN,1,Sunday
6234,FORGERY/COUNTERFEITING,23,RICHMOND,1,Thursday
6235,FRAUD,00,BAYVIEW,2,Friday
6236,FRAUD,00,BAYVIEW,4,Monday
6237,FRAUD,00,BAYVIEW,2,Saturday
6238,FRAUD,00,BAYVIEW,2,Sunday
6239,FRAUD,00,BAYVIEW,4,Thursday
6240,FRAUD,00,BAYVIEW,9,Tuesday
6241,FRAUD,00,BAYVIEW,4,Wednesday
6242,FRAUD,00,CENTRAL,6,Friday
6243,FRAUD,00,CENTRAL,5,Monday
6244,FRAUD,00,CENTRAL,10,Saturday
6245,FRAUD,00,CENTRAL,3,Sunday
6246,FRAUD,00,CENTRAL,5,Thursday
6247,FRAUD,00,CENTRAL,4,Tuesday
6248,FRAUD,00,CENTRAL,3,Wednesday
6249,FRAUD,00,INGLESIDE,6,Friday
6250,FRAUD,00,INGLESIDE,3,Monday
6251,FRAUD,00,INGLESIDE,4,Saturday
6252,FRAUD,00,INGLESIDE,4,Sunday
6253,FRAUD,00,INGLESIDE,5,Thursday
6254,FRAUD,00,INGLESIDE,5,Tuesday
6255,FRAUD,00,INGLESIDE,1,Wednesday
6256,FRAUD,00,MISSION,7,Friday
6257,FRAUD,00,MISSION,1,Monday
6258,FRAUD,00,MISSION,6,Saturday
6259,FRAUD,00,MISSION,8,Sunday
6260,FRAUD,00,MISSION,3,Thursday
6261,FRAUD,00,MISSION,4,Tuesday
6262,FRAUD,00,MISSION,2,Wednesday
6263,FRAUD,00,NORTHERN,8,Friday
6264,FRAUD,00,NORTHERN,4,Monday
6265,FRAUD,00,NORTHERN,12,Saturday
6266,FRAUD,00,NORTHERN,5,Sunday
6267,FRAUD,00,NORTHERN,4,Thursday
6268,FRAUD,00,NORTHERN,3,Tuesday
6269,FRAUD,00,NORTHERN,4,Wednesday
6270,FRAUD,00,PARK,4,Friday
6271,FRAUD,00,PARK,3,Monday
6272,FRAUD,00,PARK,2,Saturday
6273,FRAUD,00,PARK,4,Sunday
6274,FRAUD,00,PARK,5,Thursday
6275,FRAUD,00,PARK,2,Tuesday
6276,FRAUD,00,PARK,2,Wednesday
6277,FRAUD,00,RICHMOND,5,Friday
6278,FRAUD,00,RICHMOND,10,Monday
6279,FRAUD,00,RICHMOND,4,Saturday
6280,FRAUD,00,RICHMOND,7,Sunday
6281,FRAUD,00,RICHMOND,9,Thursday
6282,FRAUD,00,RICHMOND,9,Tuesday
6283,FRAUD,00,RICHMOND,3,Wednesday
6284,FRAUD,00,SOUTHERN,8,Friday
6285,FRAUD,00,SOUTHERN,10,Monday
6286,FRAUD,00,SOUTHERN,6,Saturday
6287,FRAUD,00,SOUTHERN,7,Sunday
6288,FRAUD,00,SOUTHERN,8,Thursday
6289,FRAUD,00,SOUTHERN,9,Tuesday
6290,FRAUD,00,SOUTHERN,7,Wednesday
6291,FRAUD,00,TARAVAL,2,Friday
6292,FRAUD,00,TARAVAL,4,Monday
6293,FRAUD,00,TARAVAL,4,Saturday
6294,FRAUD,00,TARAVAL,1,Sunday
6295,FRAUD,00,TARAVAL,6,Thursday
6296,FRAUD,00,TARAVAL,4,Tuesday
6297,FRAUD,00,TARAVAL,2,Wednesday
6298,FRAUD,00,TENDERLOIN,5,Friday
6299,FRAUD,00,TENDERLOIN,4,Monday
6300,FRAUD,00,TENDERLOIN,2,Saturday
6301,FRAUD,00,TENDERLOIN,2,Sunday
6302,FRAUD,00,TENDERLOIN,2,Thursday
6303,FRAUD,00,TENDERLOIN,2,Tuesday
6304,FRAUD,00,TENDERLOIN,2,Wednesday
6305,FRAUD,01,BAYVIEW,2,Friday
6306,FRAUD,01,CENTRAL,1,Friday
6307,FRAUD,01,CENTRAL,2,Monday
6308,FRAUD,01,CENTRAL,1,Sunday
6309,FRAUD,01,INGLESIDE,2,Monday
6310,FRAUD,01,MISSION,2,Friday
6311,FRAUD,01,MISSION,3,Saturday
6312,FRAUD,01,MISSION,5,Sunday
6313,FRAUD,01,MISSION,2,Thursday
6314,FRAUD,01,MISSION,2,Tuesday
6315,FRAUD,01,MISSION,2,Wednesday
6316,FRAUD,01,NORTHERN,2,Friday
6317,FRAUD,01,NORTHERN,1,Monday
6318,FRAUD,01,NORTHERN,1,Saturday
6319,FRAUD,01,NORTHERN,4,Sunday
6320,FRAUD,01,NORTHERN,1,Thursday
6321,FRAUD,01,NORTHERN,3,Tuesday
6322,FRAUD,01,PARK,1,Monday
6323,FRAUD,01,PARK,1,Sunday
6324,FRAUD,01,PARK,1,Wednesday
6325,FRAUD,01,SOUTHERN,1,Friday
6326,FRAUD,01,SOUTHERN,7,Saturday
6327,FRAUD,01,SOUTHERN,2,Sunday
6328,FRAUD,01,SOUTHERN,1,Thursday
6329,FRAUD,01,SOUTHERN,1,Wednesday
6330,FRAUD,01,TARAVAL,1,Sunday
6331,FRAUD,01,TENDERLOIN,1,Friday
6332,FRAUD,01,TENDERLOIN,2,Monday
6333,FRAUD,01,TENDERLOIN,1,Sunday
6334,FRAUD,02,BAYVIEW,1,Tuesday
6335,FRAUD,02,CENTRAL,3,Friday
6336,FRAUD,02,CENTRAL,1,Monday
6337,FRAUD,02,CENTRAL,2,Saturday
6338,FRAUD,02,CENTRAL,2,Sunday
6339,FRAUD,02,CENTRAL,1,Tuesday
6340,FRAUD,02,MISSION,1,Friday
6341,FRAUD,02,MISSION,2,Saturday
6342,FRAUD,02,MISSION,1,Sunday
6343,FRAUD,02,NORTHERN,2,Friday
6344,FRAUD,02,NORTHERN,1,Monday
6345,FRAUD,02,NORTHERN,2,Saturday
6346,FRAUD,02,NORTHERN,1,Sunday
6347,FRAUD,02,NORTHERN,1,Thursday
6348,FRAUD,02,NORTHERN,1,Wednesday
6349,FRAUD,02,RICHMOND,1,Monday
6350,FRAUD,02,SOUTHERN,1,Monday
6351,FRAUD,02,SOUTHERN,1,Saturday
6352,FRAUD,02,SOUTHERN,2,Sunday
6353,FRAUD,02,SOUTHERN,1,Thursday
6354,FRAUD,02,SOUTHERN,1,Tuesday
6355,FRAUD,02,TARAVAL,1,Monday
6356,FRAUD,02,TARAVAL,1,Tuesday
6357,FRAUD,02,TENDERLOIN,1,Tuesday
6358,FRAUD,03,BAYVIEW,1,Friday
6359,FRAUD,03,CENTRAL,1,Monday
6360,FRAUD,03,CENTRAL,1,Saturday
6361,FRAUD,03,CENTRAL,1,Sunday
6362,FRAUD,03,CENTRAL,1,Tuesday
6363,FRAUD,03,INGLESIDE,1,Saturday
6364,FRAUD,03,MISSION,1,Monday
6365,FRAUD,03,MISSION,1,Saturday
6366,FRAUD,03,MISSION,1,Thursday
6367,FRAUD,03,NORTHERN,1,Friday
6368,FRAUD,03,NORTHERN,1,Saturday
6369,FRAUD,03,NORTHERN,4,Sunday
6370,FRAUD,03,NORTHERN,2,Wednesday
6371,FRAUD,03,SOUTHERN,1,Friday
6372,FRAUD,03,SOUTHERN,1,Saturday
6373,FRAUD,03,SOUTHERN,1,Wednesday
6374,FRAUD,03,TARAVAL,1,Thursday
6375,FRAUD,03,TENDERLOIN,2,Saturday
6376,FRAUD,03,TENDERLOIN,1,Thursday
6377,FRAUD,04,CENTRAL,1,Monday
6378,FRAUD,04,CENTRAL,1,Thursday
6379,FRAUD,04,INGLESIDE,1,Thursday
6380,FRAUD,04,MISSION,4,Monday
6381,FRAUD,04,MISSION,1,Tuesday
6382,FRAUD,04,NORTHERN,1,Thursday
6383,FRAUD,04,PARK,1,Monday
6384,FRAUD,04,RICHMOND,1,Monday
6385,FRAUD,04,SOUTHERN,1,Saturday
6386,FRAUD,04,SOUTHERN,1,Sunday
6387,FRAUD,04,SOUTHERN,1,Tuesday
6388,FRAUD,04,SOUTHERN,1,Wednesday
6389,FRAUD,04,TARAVAL,1,Friday
6390,FRAUD,04,TENDERLOIN,1,Friday
6391,FRAUD,05,BAYVIEW,1,Wednesday
6392,FRAUD,05,MISSION,1,Friday
6393,FRAUD,05,MISSION,3,Saturday
6394,FRAUD,05,MISSION,1,Tuesday
6395,FRAUD,05,MISSION,1,Wednesday
6396,FRAUD,05,RICHMOND,2,Saturday
6397,FRAUD,05,SOUTHERN,1,Friday
6398,FRAUD,05,TARAVAL,1,Monday
6399,FRAUD,05,TARAVAL,1,Thursday
6400,FRAUD,05,TARAVAL,2,Wednesday
6401,FRAUD,05,TENDERLOIN,1,Sunday
6402,FRAUD,06,CENTRAL,2,Friday
6403,FRAUD,06,CENTRAL,1,Saturday
6404,FRAUD,06,CENTRAL,1,Thursday
6405,FRAUD,06,INGLESIDE,1,Monday
6406,FRAUD,06,MISSION,1,Tuesday
6407,FRAUD,06,MISSION,2,Wednesday
6408,FRAUD,06,NORTHERN,1,Sunday
6409,FRAUD,06,NORTHERN,3,Tuesday
6410,FRAUD,06,RICHMOND,1,Saturday
6411,FRAUD,06,RICHMOND,1,Sunday
6412,FRAUD,06,RICHMOND,2,Tuesday
6413,FRAUD,06,SOUTHERN,2,Friday
6414,FRAUD,06,SOUTHERN,3,Thursday
6415,FRAUD,06,TARAVAL,1,Friday
6416,FRAUD,06,TARAVAL,1,Monday
6417,FRAUD,06,TARAVAL,2,Wednesday
6418,FRAUD,06,TENDERLOIN,1,Sunday
6419,FRAUD,07,BAYVIEW,1,Saturday
6420,FRAUD,07,CENTRAL,1,Friday
6421,FRAUD,07,CENTRAL,1,Monday
6422,FRAUD,07,CENTRAL,2,Saturday
6423,FRAUD,07,CENTRAL,1,Tuesday
6424,FRAUD,07,CENTRAL,2,Wednesday
6425,FRAUD,07,INGLESIDE,1,Friday
6426,FRAUD,07,INGLESIDE,1,Monday
6427,FRAUD,07,INGLESIDE,1,Saturday
6428,FRAUD,07,INGLESIDE,1,Thursday
6429,FRAUD,07,INGLESIDE,1,Wednesday
6430,FRAUD,07,MISSION,2,Monday
6431,FRAUD,07,MISSION,1,Tuesday
6432,FRAUD,07,MISSION,1,Wednesday
6433,FRAUD,07,NORTHERN,1,Friday
6434,FRAUD,07,NORTHERN,1,Sunday
6435,FRAUD,07,NORTHERN,1,Thursday
6436,FRAUD,07,NORTHERN,1,Tuesday
6437,FRAUD,07,PARK,1,Monday
6438,FRAUD,07,PARK,1,Saturday
6439,FRAUD,07,PARK,1,Sunday
6440,FRAUD,07,PARK,1,Thursday
6441,FRAUD,07,PARK,2,Wednesday
6442,FRAUD,07,RICHMOND,1,Friday
6443,FRAUD,07,RICHMOND,1,Saturday
6444,FRAUD,07,RICHMOND,1,Tuesday
6445,FRAUD,07,SOUTHERN,2,Friday
6446,FRAUD,07,SOUTHERN,2,Saturday
6447,FRAUD,07,SOUTHERN,2,Thursday
6448,FRAUD,07,SOUTHERN,2,Tuesday
6449,FRAUD,07,SOUTHERN,2,Wednesday
6450,FRAUD,07,TARAVAL,1,Friday
6451,FRAUD,07,TARAVAL,2,Monday
6452,FRAUD,07,TARAVAL,1,Sunday
6453,FRAUD,07,TARAVAL,1,Wednesday
6454,FRAUD,07,TENDERLOIN,1,Wednesday
6455,FRAUD,08,BAYVIEW,1,Monday
6456,FRAUD,08,BAYVIEW,1,Sunday
6457,FRAUD,08,BAYVIEW,1,Thursday
6458,FRAUD,08,BAYVIEW,1,Tuesday
6459,FRAUD,08,BAYVIEW,3,Wednesday
6460,FRAUD,08,CENTRAL,1,Friday
6461,FRAUD,08,CENTRAL,1,Monday
6462,FRAUD,08,CENTRAL,1,Saturday
6463,FRAUD,08,CENTRAL,3,Thursday
6464,FRAUD,08,CENTRAL,1,Tuesday
6465,FRAUD,08,CENTRAL,1,Wednesday
6466,FRAUD,08,INGLESIDE,2,Friday
6467,FRAUD,08,INGLESIDE,1,Monday
6468,FRAUD,08,INGLESIDE,1,Sunday
6469,FRAUD,08,INGLESIDE,4,Thursday
6470,FRAUD,08,INGLESIDE,1,Tuesday
6471,FRAUD,08,INGLESIDE,3,Wednesday
6472,FRAUD,08,MISSION,2,Friday
6473,FRAUD,08,MISSION,4,Monday
6474,FRAUD,08,MISSION,1,Sunday
6475,FRAUD,08,MISSION,2,Tuesday
6476,FRAUD,08,MISSION,1,Wednesday
6477,FRAUD,08,NORTHERN,2,Friday
6478,FRAUD,08,NORTHERN,2,Monday
6479,FRAUD,08,NORTHERN,1,Saturday
6480,FRAUD,08,NORTHERN,1,Sunday
6481,FRAUD,08,NORTHERN,2,Thursday
6482,FRAUD,08,NORTHERN,3,Tuesday
6483,FRAUD,08,PARK,1,Friday
6484,FRAUD,08,PARK,2,Saturday
6485,FRAUD,08,PARK,1,Sunday
6486,FRAUD,08,PARK,3,Thursday
6487,FRAUD,08,PARK,2,Tuesday
6488,FRAUD,08,RICHMOND,1,Friday
6489,FRAUD,08,RICHMOND,1,Monday
6490,FRAUD,08,RICHMOND,1,Saturday
6491,FRAUD,08,RICHMOND,1,Sunday
6492,FRAUD,08,RICHMOND,3,Thursday
6493,FRAUD,08,RICHMOND,1,Wednesday
6494,FRAUD,08,SOUTHERN,2,Friday
6495,FRAUD,08,SOUTHERN,3,Monday
6496,FRAUD,08,SOUTHERN,2,Saturday
6497,FRAUD,08,SOUTHERN,4,Thursday
6498,FRAUD,08,SOUTHERN,4,Tuesday
6499,FRAUD,08,SOUTHERN,3,Wednesday
6500,FRAUD,08,TARAVAL,1,Friday
6501,FRAUD,08,TARAVAL,1,Monday
6502,FRAUD,08,TARAVAL,4,Saturday
6503,FRAUD,08,TARAVAL,2,Thursday
6504,FRAUD,08,TARAVAL,3,Tuesday
6505,FRAUD,08,TENDERLOIN,1,Friday
6506,FRAUD,08,TENDERLOIN,2,Monday
6507,FRAUD,08,TENDERLOIN,2,Sunday
6508,FRAUD,08,TENDERLOIN,2,Thursday
6509,FRAUD,09,BAYVIEW,1,Monday
6510,FRAUD,09,BAYVIEW,2,Tuesday
6511,FRAUD,09,BAYVIEW,1,Wednesday
6512,FRAUD,09,CENTRAL,5,Friday
6513,FRAUD,09,CENTRAL,1,Monday
6514,FRAUD,09,CENTRAL,2,Saturday
6515,FRAUD,09,CENTRAL,2,Tuesday
6516,FRAUD,09,CENTRAL,4,Wednesday
6517,FRAUD,09,INGLESIDE,1,Friday
6518,FRAUD,09,INGLESIDE,1,Monday
6519,FRAUD,09,INGLESIDE,2,Saturday
6520,FRAUD,09,INGLESIDE,3,Sunday
6521,FRAUD,09,INGLESIDE,2,Thursday
6522,FRAUD,09,MISSION,1,Friday
6523,FRAUD,09,MISSION,3,Monday
6524,FRAUD,09,MISSION,2,Saturday
6525,FRAUD,09,MISSION,3,Sunday
6526,FRAUD,09,MISSION,2,Thursday
6527,FRAUD,09,MISSION,1,Tuesday
6528,FRAUD,09,MISSION,3,Wednesday
6529,FRAUD,09,NORTHERN,3,Friday
6530,FRAUD,09,NORTHERN,3,Monday
6531,FRAUD,09,NORTHERN,2,Sunday
6532,FRAUD,09,NORTHERN,7,Thursday
6533,FRAUD,09,NORTHERN,5,Tuesday
6534,FRAUD,09,NORTHERN,1,Wednesday
6535,FRAUD,09,PARK,1,Friday
6536,FRAUD,09,PARK,3,Monday
6537,FRAUD,09,PARK,1,Saturday
6538,FRAUD,09,PARK,1,Sunday
6539,FRAUD,09,PARK,1,Thursday
6540,FRAUD,09,PARK,2,Tuesday
6541,FRAUD,09,PARK,2,Wednesday
6542,FRAUD,09,RICHMOND,1,Monday
6543,FRAUD,09,RICHMOND,3,Sunday
6544,FRAUD,09,RICHMOND,1,Thursday
6545,FRAUD,09,RICHMOND,1,Wednesday
6546,FRAUD,09,SOUTHERN,2,Friday
6547,FRAUD,09,SOUTHERN,4,Monday
6548,FRAUD,09,SOUTHERN,2,Saturday
6549,FRAUD,09,SOUTHERN,3,Sunday
6550,FRAUD,09,SOUTHERN,2,Thursday
6551,FRAUD,09,SOUTHERN,2,Tuesday
6552,FRAUD,09,SOUTHERN,2,Wednesday
6553,FRAUD,09,TARAVAL,1,Friday
6554,FRAUD,09,TARAVAL,5,Monday
6555,FRAUD,09,TARAVAL,1,Saturday
6556,FRAUD,09,TARAVAL,2,Sunday
6557,FRAUD,09,TARAVAL,1,Thursday
6558,FRAUD,09,TARAVAL,3,Tuesday
6559,FRAUD,09,TARAVAL,1,Wednesday
6560,FRAUD,09,TENDERLOIN,1,Friday
6561,FRAUD,09,TENDERLOIN,2,Monday
6562,FRAUD,09,TENDERLOIN,1,Saturday
6563,FRAUD,10,BAYVIEW,1,Friday
6564,FRAUD,10,BAYVIEW,1,Saturday
6565,FRAUD,10,BAYVIEW,1,Thursday
6566,FRAUD,10,BAYVIEW,2,Tuesday
6567,FRAUD,10,BAYVIEW,1,Wednesday
6568,FRAUD,10,CENTRAL,2,Friday
6569,FRAUD,10,CENTRAL,2,Monday
6570,FRAUD,10,CENTRAL,1,Saturday
6571,FRAUD,10,CENTRAL,3,Sunday
6572,FRAUD,10,CENTRAL,2,Thursday
6573,FRAUD,10,CENTRAL,4,Tuesday
6574,FRAUD,10,CENTRAL,1,Wednesday
6575,FRAUD,10,INGLESIDE,1,Monday
6576,FRAUD,10,INGLESIDE,1,Saturday
6577,FRAUD,10,INGLESIDE,1,Sunday
6578,FRAUD,10,INGLESIDE,3,Tuesday
6579,FRAUD,10,MISSION,2,Friday
6580,FRAUD,10,MISSION,1,Monday
6581,FRAUD,10,MISSION,2,Saturday
6582,FRAUD,10,MISSION,2,Sunday
6583,FRAUD,10,MISSION,2,Thursday
6584,FRAUD,10,MISSION,1,Tuesday
6585,FRAUD,10,NORTHERN,3,Friday
6586,FRAUD,10,NORTHERN,1,Monday
6587,FRAUD,10,NORTHERN,4,Saturday
6588,FRAUD,10,NORTHERN,1,Sunday
6589,FRAUD,10,NORTHERN,5,Tuesday
6590,FRAUD,10,NORTHERN,2,Wednesday
6591,FRAUD,10,PARK,2,Monday
6592,FRAUD,10,PARK,3,Saturday
6593,FRAUD,10,PARK,2,Sunday
6594,FRAUD,10,PARK,1,Thursday
6595,FRAUD,10,PARK,1,Tuesday
6596,FRAUD,10,PARK,2,Wednesday
6597,FRAUD,10,RICHMOND,3,Monday
6598,FRAUD,10,RICHMOND,2,Saturday
6599,FRAUD,10,RICHMOND,1,Thursday
6600,FRAUD,10,RICHMOND,1,Tuesday
6601,FRAUD,10,SOUTHERN,4,Friday
6602,FRAUD,10,SOUTHERN,1,Monday
6603,FRAUD,10,SOUTHERN,3,Saturday
6604,FRAUD,10,SOUTHERN,5,Sunday
6605,FRAUD,10,SOUTHERN,2,Thursday
6606,FRAUD,10,SOUTHERN,2,Tuesday
6607,FRAUD,10,SOUTHERN,2,Wednesday
6608,FRAUD,10,TARAVAL,4,Friday
6609,FRAUD,10,TARAVAL,2,Monday
6610,FRAUD,10,TARAVAL,3,Saturday
6611,FRAUD,10,TARAVAL,3,Sunday
6612,FRAUD,10,TARAVAL,4,Thursday
6613,FRAUD,10,TARAVAL,1,Tuesday
6614,FRAUD,10,TARAVAL,2,Wednesday
6615,FRAUD,10,TENDERLOIN,1,Friday
6616,FRAUD,10,TENDERLOIN,1,Monday
6617,FRAUD,10,TENDERLOIN,1,Saturday
6618,FRAUD,10,TENDERLOIN,1,Tuesday
6619,FRAUD,10,TENDERLOIN,1,Wednesday
6620,FRAUD,11,BAYVIEW,1,Monday
6621,FRAUD,11,BAYVIEW,1,Thursday
6622,FRAUD,11,BAYVIEW,1,Tuesday
6623,FRAUD,11,CENTRAL,2,Friday
6624,FRAUD,11,CENTRAL,5,Monday
6625,FRAUD,11,CENTRAL,7,Saturday
6626,FRAUD,11,CENTRAL,1,Sunday
6627,FRAUD,11,CENTRAL,1,Thursday
6628,FRAUD,11,CENTRAL,2,Tuesday
6629,FRAUD,11,CENTRAL,2,Wednesday
6630,FRAUD,11,INGLESIDE,1,Monday
6631,FRAUD,11,INGLESIDE,1,Sunday
6632,FRAUD,11,INGLESIDE,2,Thursday
6633,FRAUD,11,MISSION,2,Friday
6634,FRAUD,11,MISSION,3,Saturday
6635,FRAUD,11,MISSION,3,Sunday
6636,FRAUD,11,MISSION,2,Thursday
6637,FRAUD,11,MISSION,2,Tuesday
6638,FRAUD,11,NORTHERN,1,Friday
6639,FRAUD,11,NORTHERN,3,Monday
6640,FRAUD,11,NORTHERN,5,Saturday
6641,FRAUD,11,NORTHERN,4,Thursday
6642,FRAUD,11,NORTHERN,2,Tuesday
6643,FRAUD,11,NORTHERN,3,Wednesday
6644,FRAUD,11,PARK,1,Friday
6645,FRAUD,11,PARK,1,Monday
6646,FRAUD,11,PARK,2,Saturday
6647,FRAUD,11,PARK,4,Thursday
6648,FRAUD,11,RICHMOND,4,Friday
6649,FRAUD,11,RICHMOND,1,Monday
6650,FRAUD,11,RICHMOND,2,Saturday
6651,FRAUD,11,RICHMOND,1,Sunday
6652,FRAUD,11,RICHMOND,1,Thursday
6653,FRAUD,11,SOUTHERN,2,Friday
6654,FRAUD,11,SOUTHERN,3,Monday
6655,FRAUD,11,SOUTHERN,2,Saturday
6656,FRAUD,11,SOUTHERN,4,Sunday
6657,FRAUD,11,SOUTHERN,5,Thursday
6658,FRAUD,11,SOUTHERN,4,Tuesday
6659,FRAUD,11,SOUTHERN,3,Wednesday
6660,FRAUD,11,TARAVAL,2,Friday
6661,FRAUD,11,TARAVAL,2,Monday
6662,FRAUD,11,TARAVAL,2,Saturday
6663,FRAUD,11,TARAVAL,2,Sunday
6664,FRAUD,11,TARAVAL,3,Thursday
6665,FRAUD,11,TARAVAL,1,Tuesday
6666,FRAUD,11,TENDERLOIN,2,Friday
6667,FRAUD,11,TENDERLOIN,1,Monday
6668,FRAUD,11,TENDERLOIN,2,Tuesday
6669,FRAUD,11,TENDERLOIN,1,Wednesday
6670,FRAUD,12,BAYVIEW,2,Friday
6671,FRAUD,12,BAYVIEW,3,Monday
6672,FRAUD,12,BAYVIEW,2,Saturday
6673,FRAUD,12,BAYVIEW,2,Sunday
6674,FRAUD,12,BAYVIEW,1,Thursday
6675,FRAUD,12,BAYVIEW,2,Tuesday
6676,FRAUD,12,BAYVIEW,2,Wednesday
6677,FRAUD,12,CENTRAL,4,Friday
6678,FRAUD,12,CENTRAL,1,Monday
6679,FRAUD,12,CENTRAL,11,Saturday
6680,FRAUD,12,CENTRAL,7,Sunday
6681,FRAUD,12,CENTRAL,11,Thursday
6682,FRAUD,12,CENTRAL,5,Tuesday
6683,FRAUD,12,CENTRAL,2,Wednesday
6684,FRAUD,12,INGLESIDE,3,Friday
6685,FRAUD,12,INGLESIDE,4,Monday
6686,FRAUD,12,INGLESIDE,1,Saturday
6687,FRAUD,12,INGLESIDE,3,Sunday
6688,FRAUD,12,INGLESIDE,1,Thursday
6689,FRAUD,12,INGLESIDE,7,Tuesday
6690,FRAUD,12,INGLESIDE,4,Wednesday
6691,FRAUD,12,MISSION,11,Monday
6692,FRAUD,12,MISSION,5,Saturday
6693,FRAUD,12,MISSION,3,Sunday
6694,FRAUD,12,MISSION,10,Thursday
6695,FRAUD,12,MISSION,2,Tuesday
6696,FRAUD,12,MISSION,7,Wednesday
6697,FRAUD,12,NORTHERN,4,Friday
6698,FRAUD,12,NORTHERN,4,Monday
6699,FRAUD,12,NORTHERN,3,Saturday
6700,FRAUD,12,NORTHERN,3,Sunday
6701,FRAUD,12,NORTHERN,7,Thursday
6702,FRAUD,12,NORTHERN,9,Tuesday
6703,FRAUD,12,NORTHERN,4,Wednesday
6704,FRAUD,12,PARK,6,Friday
6705,FRAUD,12,PARK,5,Monday
6706,FRAUD,12,PARK,1,Saturday
6707,FRAUD,12,PARK,2,Sunday
6708,FRAUD,12,PARK,4,Thursday
6709,FRAUD,12,PARK,2,Tuesday
6710,FRAUD,12,PARK,2,Wednesday
6711,FRAUD,12,RICHMOND,3,Monday
6712,FRAUD,12,RICHMOND,2,Saturday
6713,FRAUD,12,RICHMOND,1,Sunday
6714,FRAUD,12,RICHMOND,3,Thursday
6715,FRAUD,12,RICHMOND,1,Tuesday
6716,FRAUD,12,RICHMOND,2,Wednesday
6717,FRAUD,12,SOUTHERN,7,Friday
6718,FRAUD,12,SOUTHERN,4,Monday
6719,FRAUD,12,SOUTHERN,7,Saturday
6720,FRAUD,12,SOUTHERN,8,Sunday
6721,FRAUD,12,SOUTHERN,7,Thursday
6722,FRAUD,12,SOUTHERN,3,Tuesday
6723,FRAUD,12,SOUTHERN,3,Wednesday
6724,FRAUD,12,TARAVAL,4,Friday
6725,FRAUD,12,TARAVAL,7,Monday
6726,FRAUD,12,TARAVAL,7,Saturday
6727,FRAUD,12,TARAVAL,3,Sunday
6728,FRAUD,12,TARAVAL,8,Thursday
6729,FRAUD,12,TARAVAL,10,Tuesday
6730,FRAUD,12,TARAVAL,5,Wednesday
6731,FRAUD,12,TENDERLOIN,2,Friday
6732,FRAUD,12,TENDERLOIN,3,Monday
6733,FRAUD,12,TENDERLOIN,2,Saturday
6734,FRAUD,12,TENDERLOIN,1,Sunday
6735,FRAUD,12,TENDERLOIN,2,Thursday
6736,FRAUD,12,TENDERLOIN,1,Tuesday
6737,FRAUD,13,BAYVIEW,2,Friday
6738,FRAUD,13,BAYVIEW,2,Saturday
6739,FRAUD,13,BAYVIEW,1,Thursday
6740,FRAUD,13,BAYVIEW,2,Tuesday
6741,FRAUD,13,CENTRAL,3,Friday
6742,FRAUD,13,CENTRAL,4,Monday
6743,FRAUD,13,CENTRAL,2,Saturday
6744,FRAUD,13,CENTRAL,5,Sunday
6745,FRAUD,13,CENTRAL,2,Thursday
6746,FRAUD,13,CENTRAL,3,Tuesday
6747,FRAUD,13,CENTRAL,1,Wednesday
6748,FRAUD,13,INGLESIDE,3,Monday
6749,FRAUD,13,INGLESIDE,1,Saturday
6750,FRAUD,13,INGLESIDE,1,Thursday
6751,FRAUD,13,INGLESIDE,3,Wednesday
6752,FRAUD,13,MISSION,2,Saturday
6753,FRAUD,13,MISSION,1,Sunday
6754,FRAUD,13,MISSION,2,Thursday
6755,FRAUD,13,MISSION,1,Tuesday
6756,FRAUD,13,MISSION,3,Wednesday
6757,FRAUD,13,NORTHERN,3,Friday
6758,FRAUD,13,NORTHERN,3,Saturday
6759,FRAUD,13,NORTHERN,2,Sunday
6760,FRAUD,13,NORTHERN,6,Thursday
6761,FRAUD,13,NORTHERN,2,Tuesday
6762,FRAUD,13,NORTHERN,3,Wednesday
6763,FRAUD,13,PARK,2,Saturday
6764,FRAUD,13,PARK,2,Thursday
6765,FRAUD,13,PARK,2,Tuesday
6766,FRAUD,13,PARK,1,Wednesday
6767,FRAUD,13,RICHMOND,3,Friday
6768,FRAUD,13,RICHMOND,3,Monday
6769,FRAUD,13,RICHMOND,5,Saturday
6770,FRAUD,13,RICHMOND,2,Thursday
6771,FRAUD,13,RICHMOND,1,Tuesday
6772,FRAUD,13,SOUTHERN,2,Friday
6773,FRAUD,13,SOUTHERN,2,Saturday
6774,FRAUD,13,SOUTHERN,5,Sunday
6775,FRAUD,13,SOUTHERN,4,Thursday
6776,FRAUD,13,SOUTHERN,3,Tuesday
6777,FRAUD,13,SOUTHERN,7,Wednesday
6778,FRAUD,13,TARAVAL,3,Friday
6779,FRAUD,13,TARAVAL,2,Monday
6780,FRAUD,13,TARAVAL,2,Saturday
6781,FRAUD,13,TARAVAL,1,Sunday
6782,FRAUD,13,TARAVAL,2,Thursday
6783,FRAUD,13,TARAVAL,3,Tuesday
6784,FRAUD,13,TENDERLOIN,4,Friday
6785,FRAUD,13,TENDERLOIN,1,Monday
6786,FRAUD,13,TENDERLOIN,1,Sunday
6787,FRAUD,13,TENDERLOIN,1,Tuesday
6788,FRAUD,13,TENDERLOIN,1,Wednesday
6789,FRAUD,14,BAYVIEW,2,Friday
6790,FRAUD,14,BAYVIEW,1,Monday
6791,FRAUD,14,BAYVIEW,1,Saturday
6792,FRAUD,14,BAYVIEW,3,Sunday
6793,FRAUD,14,BAYVIEW,2,Thursday
6794,FRAUD,14,CENTRAL,5,Friday
6795,FRAUD,14,CENTRAL,7,Monday
6796,FRAUD,14,CENTRAL,4,Saturday
6797,FRAUD,14,CENTRAL,4,Sunday
6798,FRAUD,14,CENTRAL,4,Thursday
6799,FRAUD,14,CENTRAL,4,Tuesday
6800,FRAUD,14,CENTRAL,4,Wednesday
6801,FRAUD,14,INGLESIDE,1,Monday
6802,FRAUD,14,INGLESIDE,3,Thursday
6803,FRAUD,14,MISSION,2,Friday
6804,FRAUD,14,MISSION,9,Monday
6805,FRAUD,14,MISSION,1,Saturday
6806,FRAUD,14,MISSION,3,Sunday
6807,FRAUD,14,MISSION,4,Thursday
6808,FRAUD,14,MISSION,4,Tuesday
6809,FRAUD,14,NORTHERN,5,Friday
6810,FRAUD,14,NORTHERN,2,Monday
6811,FRAUD,14,NORTHERN,2,Saturday
6812,FRAUD,14,NORTHERN,3,Sunday
6813,FRAUD,14,NORTHERN,4,Thursday
6814,FRAUD,14,NORTHERN,3,Tuesday
6815,FRAUD,14,NORTHERN,4,Wednesday
6816,FRAUD,14,PARK,1,Friday
6817,FRAUD,14,PARK,2,Monday
6818,FRAUD,14,PARK,1,Saturday
6819,FRAUD,14,PARK,3,Sunday
6820,FRAUD,14,PARK,1,Thursday
6821,FRAUD,14,PARK,1,Wednesday
6822,FRAUD,14,RICHMOND,2,Monday
6823,FRAUD,14,RICHMOND,2,Sunday
6824,FRAUD,14,RICHMOND,1,Thursday
6825,FRAUD,14,RICHMOND,3,Wednesday
6826,FRAUD,14,SOUTHERN,3,Friday
6827,FRAUD,14,SOUTHERN,4,Monday
6828,FRAUD,14,SOUTHERN,6,Saturday
6829,FRAUD,14,SOUTHERN,7,Thursday
6830,FRAUD,14,SOUTHERN,1,Tuesday
6831,FRAUD,14,SOUTHERN,4,Wednesday
6832,FRAUD,14,TARAVAL,5,Friday
6833,FRAUD,14,TARAVAL,2,Monday
6834,FRAUD,14,TARAVAL,2,Saturday
6835,FRAUD,14,TARAVAL,3,Sunday
6836,FRAUD,14,TARAVAL,4,Thursday
6837,FRAUD,14,TARAVAL,2,Tuesday
6838,FRAUD,14,TARAVAL,2,Wednesday
6839,FRAUD,14,TENDERLOIN,2,Friday
6840,FRAUD,14,TENDERLOIN,5,Monday
6841,FRAUD,14,TENDERLOIN,1,Saturday
6842,FRAUD,14,TENDERLOIN,1,Thursday
6843,FRAUD,14,TENDERLOIN,1,Wednesday
6844,FRAUD,15,BAYVIEW,2,Monday
6845,FRAUD,15,BAYVIEW,3,Saturday
6846,FRAUD,15,BAYVIEW,1,Sunday
6847,FRAUD,15,BAYVIEW,3,Thursday
6848,FRAUD,15,BAYVIEW,3,Tuesday
6849,FRAUD,15,BAYVIEW,3,Wednesday
6850,FRAUD,15,CENTRAL,9,Friday
6851,FRAUD,15,CENTRAL,3,Monday
6852,FRAUD,15,CENTRAL,5,Saturday
6853,FRAUD,15,CENTRAL,6,Sunday
6854,FRAUD,15,CENTRAL,3,Thursday
6855,FRAUD,15,CENTRAL,2,Tuesday
6856,FRAUD,15,CENTRAL,5,Wednesday
6857,FRAUD,15,INGLESIDE,2,Monday
6858,FRAUD,15,INGLESIDE,1,Saturday
6859,FRAUD,15,INGLESIDE,1,Sunday
6860,FRAUD,15,INGLESIDE,1,Wednesday
6861,FRAUD,15,MISSION,1,Friday
6862,FRAUD,15,MISSION,2,Monday
6863,FRAUD,15,MISSION,3,Sunday
6864,FRAUD,15,MISSION,1,Thursday
6865,FRAUD,15,MISSION,8,Tuesday
6866,FRAUD,15,MISSION,2,Wednesday
6867,FRAUD,15,NORTHERN,3,Friday
6868,FRAUD,15,NORTHERN,5,Monday
6869,FRAUD,15,NORTHERN,5,Saturday
6870,FRAUD,15,NORTHERN,1,Sunday
6871,FRAUD,15,NORTHERN,3,Thursday
6872,FRAUD,15,NORTHERN,6,Tuesday
6873,FRAUD,15,NORTHERN,2,Wednesday
6874,FRAUD,15,PARK,1,Monday
6875,FRAUD,15,PARK,2,Saturday
6876,FRAUD,15,PARK,1,Sunday
6877,FRAUD,15,PARK,4,Thursday
6878,FRAUD,15,PARK,1,Tuesday
6879,FRAUD,15,PARK,1,Wednesday
6880,FRAUD,15,RICHMOND,3,Friday
6881,FRAUD,15,RICHMOND,6,Monday
6882,FRAUD,15,RICHMOND,4,Saturday
6883,FRAUD,15,RICHMOND,2,Sunday
6884,FRAUD,15,RICHMOND,3,Thursday
6885,FRAUD,15,RICHMOND,1,Tuesday
6886,FRAUD,15,RICHMOND,3,Wednesday
6887,FRAUD,15,SOUTHERN,6,Friday
6888,FRAUD,15,SOUTHERN,5,Monday
6889,FRAUD,15,SOUTHERN,1,Sunday
6890,FRAUD,15,SOUTHERN,2,Thursday
6891,FRAUD,15,SOUTHERN,4,Tuesday
6892,FRAUD,15,SOUTHERN,5,Wednesday
6893,FRAUD,15,TARAVAL,6,Friday
6894,FRAUD,15,TARAVAL,3,Monday
6895,FRAUD,15,TARAVAL,2,Saturday
6896,FRAUD,15,TARAVAL,4,Sunday
6897,FRAUD,15,TARAVAL,6,Thursday
6898,FRAUD,15,TARAVAL,3,Tuesday
6899,FRAUD,15,TARAVAL,4,Wednesday
6900,FRAUD,15,TENDERLOIN,4,Friday
6901,FRAUD,15,TENDERLOIN,1,Monday
6902,FRAUD,15,TENDERLOIN,1,Sunday
6903,FRAUD,15,TENDERLOIN,2,Tuesday
6904,FRAUD,15,TENDERLOIN,1,Wednesday
6905,FRAUD,16,BAYVIEW,2,Sunday
6906,FRAUD,16,BAYVIEW,2,Thursday
6907,FRAUD,16,BAYVIEW,2,Wednesday
6908,FRAUD,16,CENTRAL,3,Friday
6909,FRAUD,16,CENTRAL,3,Monday
6910,FRAUD,16,CENTRAL,4,Saturday
6911,FRAUD,16,CENTRAL,2,Sunday
6912,FRAUD,16,CENTRAL,3,Thursday
6913,FRAUD,16,CENTRAL,3,Tuesday
6914,FRAUD,16,CENTRAL,11,Wednesday
6915,FRAUD,16,INGLESIDE,1,Friday
6916,FRAUD,16,INGLESIDE,2,Thursday
6917,FRAUD,16,INGLESIDE,1,Tuesday
6918,FRAUD,16,MISSION,2,Friday
6919,FRAUD,16,MISSION,4,Monday
6920,FRAUD,16,MISSION,2,Saturday
6921,FRAUD,16,MISSION,3,Sunday
6922,FRAUD,16,MISSION,1,Tuesday
6923,FRAUD,16,MISSION,6,Wednesday
6924,FRAUD,16,NORTHERN,5,Friday
6925,FRAUD,16,NORTHERN,4,Saturday
6926,FRAUD,16,NORTHERN,4,Sunday
6927,FRAUD,16,NORTHERN,1,Thursday
6928,FRAUD,16,NORTHERN,2,Tuesday
6929,FRAUD,16,NORTHERN,1,Wednesday
6930,FRAUD,16,PARK,3,Friday
6931,FRAUD,16,PARK,1,Monday
6932,FRAUD,16,PARK,1,Sunday
6933,FRAUD,16,PARK,1,Tuesday
6934,FRAUD,16,RICHMOND,2,Friday
6935,FRAUD,16,RICHMOND,2,Monday
6936,FRAUD,16,RICHMOND,1,Sunday
6937,FRAUD,16,RICHMOND,2,Thursday
6938,FRAUD,16,RICHMOND,4,Wednesday
6939,FRAUD,16,SOUTHERN,4,Friday
6940,FRAUD,16,SOUTHERN,6,Monday
6941,FRAUD,16,SOUTHERN,4,Saturday
6942,FRAUD,16,SOUTHERN,3,Sunday
6943,FRAUD,16,SOUTHERN,7,Thursday
6944,FRAUD,16,SOUTHERN,6,Tuesday
6945,FRAUD,16,SOUTHERN,2,Wednesday
6946,FRAUD,16,TARAVAL,5,Friday
6947,FRAUD,16,TARAVAL,4,Saturday
6948,FRAUD,16,TARAVAL,2,Sunday
6949,FRAUD,16,TARAVAL,4,Thursday
6950,FRAUD,16,TARAVAL,3,Tuesday
6951,FRAUD,16,TARAVAL,2,Wednesday
6952,FRAUD,16,TENDERLOIN,1,Friday
6953,FRAUD,16,TENDERLOIN,3,Saturday
6954,FRAUD,16,TENDERLOIN,1,Sunday
6955,FRAUD,16,TENDERLOIN,1,Thursday
6956,FRAUD,16,TENDERLOIN,2,Tuesday
6957,FRAUD,16,TENDERLOIN,1,Wednesday
6958,FRAUD,17,BAYVIEW,1,Monday
6959,FRAUD,17,BAYVIEW,1,Sunday
6960,FRAUD,17,CENTRAL,5,Friday
6961,FRAUD,17,CENTRAL,6,Monday
6962,FRAUD,17,CENTRAL,2,Saturday
6963,FRAUD,17,CENTRAL,3,Sunday
6964,FRAUD,17,CENTRAL,6,Thursday
6965,FRAUD,17,CENTRAL,6,Tuesday
6966,FRAUD,17,CENTRAL,9,Wednesday
6967,FRAUD,17,INGLESIDE,1,Friday
6968,FRAUD,17,INGLESIDE,1,Monday
6969,FRAUD,17,INGLESIDE,1,Saturday
6970,FRAUD,17,INGLESIDE,3,Tuesday
6971,FRAUD,17,MISSION,2,Friday
6972,FRAUD,17,MISSION,2,Monday
6973,FRAUD,17,MISSION,1,Saturday
6974,FRAUD,17,MISSION,7,Sunday
6975,FRAUD,17,MISSION,4,Thursday
6976,FRAUD,17,MISSION,5,Tuesday
6977,FRAUD,17,MISSION,2,Wednesday
6978,FRAUD,17,NORTHERN,4,Friday
6979,FRAUD,17,NORTHERN,1,Monday
6980,FRAUD,17,NORTHERN,2,Saturday
6981,FRAUD,17,NORTHERN,3,Thursday
6982,FRAUD,17,NORTHERN,4,Tuesday
6983,FRAUD,17,NORTHERN,2,Wednesday
6984,FRAUD,17,PARK,2,Monday
6985,FRAUD,17,PARK,1,Sunday
6986,FRAUD,17,PARK,3,Tuesday
6987,FRAUD,17,PARK,2,Wednesday
6988,FRAUD,17,RICHMOND,1,Saturday
6989,FRAUD,17,RICHMOND,1,Sunday
6990,FRAUD,17,RICHMOND,2,Thursday
6991,FRAUD,17,RICHMOND,3,Tuesday
6992,FRAUD,17,SOUTHERN,8,Friday
6993,FRAUD,17,SOUTHERN,8,Monday
6994,FRAUD,17,SOUTHERN,4,Saturday
6995,FRAUD,17,SOUTHERN,3,Sunday
6996,FRAUD,17,SOUTHERN,7,Thursday
6997,FRAUD,17,SOUTHERN,7,Tuesday
6998,FRAUD,17,SOUTHERN,9,Wednesday
6999,FRAUD,17,TARAVAL,4,Friday
7000,FRAUD,17,TARAVAL,3,Monday
7001,FRAUD,17,TARAVAL,2,Saturday
7002,FRAUD,17,TARAVAL,2,Sunday
7003,FRAUD,17,TARAVAL,3,Tuesday
7004,FRAUD,17,TENDERLOIN,2,Friday
7005,FRAUD,17,TENDERLOIN,1,Monday
7006,FRAUD,17,TENDERLOIN,1,Saturday
7007,FRAUD,17,TENDERLOIN,5,Thursday
7008,FRAUD,17,TENDERLOIN,1,Tuesday
7009,FRAUD,17,TENDERLOIN,1,Wednesday
7010,FRAUD,18,BAYVIEW,1,Tuesday
7011,FRAUD,18,CENTRAL,4,Friday
7012,FRAUD,18,CENTRAL,4,Monday
7013,FRAUD,18,CENTRAL,3,Saturday
7014,FRAUD,18,CENTRAL,2,Sunday
7015,FRAUD,18,CENTRAL,2,Thursday
7016,FRAUD,18,CENTRAL,6,Tuesday
7017,FRAUD,18,CENTRAL,6,Wednesday
7018,FRAUD,18,INGLESIDE,1,Friday
7019,FRAUD,18,INGLESIDE,1,Monday
7020,FRAUD,18,INGLESIDE,1,Tuesday
7021,FRAUD,18,INGLESIDE,1,Wednesday
7022,FRAUD,18,MISSION,1,Friday
7023,FRAUD,18,MISSION,1,Saturday
7024,FRAUD,18,MISSION,1,Thursday
7025,FRAUD,18,MISSION,3,Tuesday
7026,FRAUD,18,MISSION,2,Wednesday
7027,FRAUD,18,NORTHERN,4,Friday
7028,FRAUD,18,NORTHERN,3,Monday
7029,FRAUD,18,NORTHERN,1,Saturday
7030,FRAUD,18,NORTHERN,2,Sunday
7031,FRAUD,18,NORTHERN,2,Thursday
7032,FRAUD,18,NORTHERN,1,Tuesday
7033,FRAUD,18,NORTHERN,3,Wednesday
7034,FRAUD,18,PARK,1,Friday
7035,FRAUD,18,PARK,2,Thursday
7036,FRAUD,18,PARK,2,Tuesday
7037,FRAUD,18,RICHMOND,1,Monday
7038,FRAUD,18,RICHMOND,2,Saturday
7039,FRAUD,18,RICHMOND,2,Thursday
7040,FRAUD,18,RICHMOND,2,Tuesday
7041,FRAUD,18,RICHMOND,2,Wednesday
7042,FRAUD,18,SOUTHERN,3,Friday
7043,FRAUD,18,SOUTHERN,4,Monday
7044,FRAUD,18,SOUTHERN,4,Saturday
7045,FRAUD,18,SOUTHERN,5,Sunday
7046,FRAUD,18,SOUTHERN,10,Thursday
7047,FRAUD,18,SOUTHERN,6,Tuesday
7048,FRAUD,18,SOUTHERN,7,Wednesday
7049,FRAUD,18,TARAVAL,6,Monday
7050,FRAUD,18,TARAVAL,1,Sunday
7051,FRAUD,18,TARAVAL,3,Thursday
7052,FRAUD,18,TARAVAL,2,Tuesday
7053,FRAUD,18,TARAVAL,1,Wednesday
7054,FRAUD,18,TENDERLOIN,1,Friday
7055,FRAUD,18,TENDERLOIN,4,Monday
7056,FRAUD,18,TENDERLOIN,6,Saturday
7057,FRAUD,18,TENDERLOIN,1,Thursday
7058,FRAUD,18,TENDERLOIN,1,Wednesday
7059,FRAUD,19,BAYVIEW,2,Friday
7060,FRAUD,19,BAYVIEW,2,Sunday
7061,FRAUD,19,BAYVIEW,1,Thursday
7062,FRAUD,19,BAYVIEW,1,Tuesday
7063,FRAUD,19,BAYVIEW,2,Wednesday
7064,FRAUD,19,CENTRAL,5,Friday
7065,FRAUD,19,CENTRAL,4,Saturday
7066,FRAUD,19,CENTRAL,4,Sunday
7067,FRAUD,19,CENTRAL,3,Thursday
7068,FRAUD,19,CENTRAL,3,Tuesday
7069,FRAUD,19,CENTRAL,1,Wednesday
7070,FRAUD,19,INGLESIDE,2,Saturday
7071,FRAUD,19,INGLESIDE,1,Tuesday
7072,FRAUD,19,MISSION,4,Monday
7073,FRAUD,19,MISSION,4,Saturday
7074,FRAUD,19,MISSION,3,Sunday
7075,FRAUD,19,MISSION,2,Thursday
7076,FRAUD,19,MISSION,1,Tuesday
7077,FRAUD,19,NORTHERN,2,Friday
7078,FRAUD,19,NORTHERN,5,Monday
7079,FRAUD,19,NORTHERN,1,Sunday
7080,FRAUD,19,NORTHERN,1,Thursday
7081,FRAUD,19,NORTHERN,1,Tuesday
7082,FRAUD,19,NORTHERN,4,Wednesday
7083,FRAUD,19,PARK,1,Friday
7084,FRAUD,19,PARK,1,Monday
7085,FRAUD,19,PARK,1,Sunday
7086,FRAUD,19,PARK,1,Thursday
7087,FRAUD,19,PARK,1,Tuesday
7088,FRAUD,19,PARK,1,Wednesday
7089,FRAUD,19,RICHMOND,1,Friday
7090,FRAUD,19,RICHMOND,1,Monday
7091,FRAUD,19,RICHMOND,1,Saturday
7092,FRAUD,19,RICHMOND,1,Thursday
7093,FRAUD,19,SOUTHERN,4,Friday
7094,FRAUD,19,SOUTHERN,4,Saturday
7095,FRAUD,19,SOUTHERN,1,Sunday
7096,FRAUD,19,SOUTHERN,1,Thursday
7097,FRAUD,19,SOUTHERN,3,Tuesday
7098,FRAUD,19,SOUTHERN,4,Wednesday
7099,FRAUD,19,TARAVAL,1,Monday
7100,FRAUD,19,TARAVAL,4,Saturday
7101,FRAUD,19,TARAVAL,1,Tuesday
7102,FRAUD,19,TARAVAL,3,Wednesday
7103,FRAUD,19,TENDERLOIN,2,Monday
7104,FRAUD,19,TENDERLOIN,1,Tuesday
7105,FRAUD,19,TENDERLOIN,1,Wednesday
7106,FRAUD,20,BAYVIEW,2,Friday
7107,FRAUD,20,BAYVIEW,2,Saturday
7108,FRAUD,20,BAYVIEW,1,Sunday
7109,FRAUD,20,BAYVIEW,1,Thursday
7110,FRAUD,20,BAYVIEW,1,Tuesday
7111,FRAUD,20,CENTRAL,4,Friday
7112,FRAUD,20,CENTRAL,3,Saturday
7113,FRAUD,20,CENTRAL,2,Sunday
7114,FRAUD,20,CENTRAL,2,Thursday
7115,FRAUD,20,CENTRAL,3,Tuesday
7116,FRAUD,20,INGLESIDE,1,Saturday
7117,FRAUD,20,INGLESIDE,2,Thursday
7118,FRAUD,20,INGLESIDE,1,Tuesday
7119,FRAUD,20,MISSION,4,Friday
7120,FRAUD,20,MISSION,2,Monday
7121,FRAUD,20,MISSION,2,Saturday
7122,FRAUD,20,MISSION,3,Sunday
7123,FRAUD,20,MISSION,2,Thursday
7124,FRAUD,20,MISSION,1,Tuesday
7125,FRAUD,20,NORTHERN,4,Friday
7126,FRAUD,20,NORTHERN,4,Monday
7127,FRAUD,20,NORTHERN,4,Tuesday
7128,FRAUD,20,NORTHERN,2,Wednesday
7129,FRAUD,20,PARK,3,Sunday
7130,FRAUD,20,PARK,1,Wednesday
7131,FRAUD,20,RICHMOND,2,Friday
7132,FRAUD,20,RICHMOND,1,Monday
7133,FRAUD,20,RICHMOND,2,Saturday
7134,FRAUD,20,RICHMOND,1,Thursday
7135,FRAUD,20,RICHMOND,2,Tuesday
7136,FRAUD,20,RICHMOND,4,Wednesday
7137,FRAUD,20,SOUTHERN,3,Friday
7138,FRAUD,20,SOUTHERN,2,Monday
7139,FRAUD,20,SOUTHERN,4,Saturday
7140,FRAUD,20,SOUTHERN,1,Tuesday
7141,FRAUD,20,SOUTHERN,3,Wednesday
7142,FRAUD,20,TARAVAL,2,Friday
7143,FRAUD,20,TARAVAL,1,Monday
7144,FRAUD,20,TARAVAL,1,Saturday
7145,FRAUD,20,TARAVAL,2,Thursday
7146,FRAUD,20,TARAVAL,2,Wednesday
7147,FRAUD,20,TENDERLOIN,1,Sunday
7148,FRAUD,20,TENDERLOIN,3,Thursday
7149,FRAUD,21,BAYVIEW,1,Friday
7150,FRAUD,21,BAYVIEW,1,Thursday
7151,FRAUD,21,CENTRAL,3,Monday
7152,FRAUD,21,CENTRAL,3,Saturday
7153,FRAUD,21,CENTRAL,2,Thursday
7154,FRAUD,21,CENTRAL,2,Tuesday
7155,FRAUD,21,CENTRAL,1,Wednesday
7156,FRAUD,21,INGLESIDE,1,Monday
7157,FRAUD,21,INGLESIDE,1,Saturday
7158,FRAUD,21,INGLESIDE,3,Sunday
7159,FRAUD,21,MISSION,1,Friday
7160,FRAUD,21,MISSION,3,Monday
7161,FRAUD,21,MISSION,1,Saturday
7162,FRAUD,21,MISSION,2,Sunday
7163,FRAUD,21,MISSION,1,Thursday
7164,FRAUD,21,MISSION,1,Tuesday
7165,FRAUD,21,NORTHERN,3,Friday
7166,FRAUD,21,NORTHERN,4,Monday
7167,FRAUD,21,NORTHERN,3,Saturday
7168,FRAUD,21,NORTHERN,2,Sunday
7169,FRAUD,21,NORTHERN,2,Thursday
7170,FRAUD,21,NORTHERN,3,Wednesday
7171,FRAUD,21,PARK,2,Saturday
7172,FRAUD,21,PARK,1,Wednesday
7173,FRAUD,21,RICHMOND,1,Friday
7174,FRAUD,21,RICHMOND,2,Monday
7175,FRAUD,21,RICHMOND,3,Sunday
7176,FRAUD,21,SOUTHERN,4,Friday
7177,FRAUD,21,SOUTHERN,1,Monday
7178,FRAUD,21,SOUTHERN,2,Saturday
7179,FRAUD,21,SOUTHERN,1,Sunday
7180,FRAUD,21,SOUTHERN,3,Thursday
7181,FRAUD,21,SOUTHERN,3,Tuesday
7182,FRAUD,21,SOUTHERN,1,Wednesday
7183,FRAUD,21,TARAVAL,1,Friday
7184,FRAUD,21,TARAVAL,1,Monday
7185,FRAUD,21,TARAVAL,1,Sunday
7186,FRAUD,21,TARAVAL,2,Thursday
7187,FRAUD,21,TENDERLOIN,1,Monday
7188,FRAUD,21,TENDERLOIN,1,Saturday
7189,FRAUD,21,TENDERLOIN,1,Sunday
7190,FRAUD,22,CENTRAL,1,Friday
7191,FRAUD,22,CENTRAL,2,Saturday
7192,FRAUD,22,CENTRAL,3,Thursday
7193,FRAUD,22,CENTRAL,2,Tuesday
7194,FRAUD,22,INGLESIDE,1,Monday
7195,FRAUD,22,INGLESIDE,1,Saturday
7196,FRAUD,22,INGLESIDE,1,Thursday
7197,FRAUD,22,INGLESIDE,1,Wednesday
7198,FRAUD,22,MISSION,2,Friday
7199,FRAUD,22,MISSION,1,Monday
7200,FRAUD,22,MISSION,2,Saturday
7201,FRAUD,22,MISSION,2,Thursday
7202,FRAUD,22,MISSION,1,Tuesday
7203,FRAUD,22,MISSION,3,Wednesday
7204,FRAUD,22,NORTHERN,3,Friday
7205,FRAUD,22,NORTHERN,4,Monday
7206,FRAUD,22,NORTHERN,2,Sunday
7207,FRAUD,22,NORTHERN,2,Thursday
7208,FRAUD,22,NORTHERN,1,Tuesday
7209,FRAUD,22,PARK,1,Monday
7210,FRAUD,22,PARK,1,Tuesday
7211,FRAUD,22,PARK,2,Wednesday
7212,FRAUD,22,RICHMOND,1,Friday
7213,FRAUD,22,RICHMOND,1,Monday
7214,FRAUD,22,RICHMOND,1,Saturday
7215,FRAUD,22,RICHMOND,1,Sunday
7216,FRAUD,22,RICHMOND,2,Tuesday
7217,FRAUD,22,SOUTHERN,2,Friday
7218,FRAUD,22,SOUTHERN,4,Monday
7219,FRAUD,22,SOUTHERN,3,Saturday
7220,FRAUD,22,SOUTHERN,1,Thursday
7221,FRAUD,22,SOUTHERN,5,Tuesday
7222,FRAUD,22,SOUTHERN,2,Wednesday
7223,FRAUD,22,TARAVAL,1,Friday
7224,FRAUD,22,TARAVAL,1,Monday
7225,FRAUD,22,TENDERLOIN,1,Friday
7226,FRAUD,22,TENDERLOIN,1,Monday
7227,FRAUD,22,TENDERLOIN,1,Thursday
7228,FRAUD,23,BAYVIEW,2,Friday
7229,FRAUD,23,BAYVIEW,3,Monday
7230,FRAUD,23,BAYVIEW,1,Saturday
7231,FRAUD,23,BAYVIEW,2,Thursday
7232,FRAUD,23,CENTRAL,2,Friday
7233,FRAUD,23,CENTRAL,2,Saturday
7234,FRAUD,23,CENTRAL,2,Sunday
7235,FRAUD,23,CENTRAL,2,Thursday
7236,FRAUD,23,CENTRAL,2,Tuesday
7237,FRAUD,23,CENTRAL,1,Wednesday
7238,FRAUD,23,INGLESIDE,1,Friday
7239,FRAUD,23,INGLESIDE,1,Monday
7240,FRAUD,23,INGLESIDE,2,Sunday
7241,FRAUD,23,INGLESIDE,2,Tuesday
7242,FRAUD,23,INGLESIDE,1,Wednesday
7243,FRAUD,23,MISSION,6,Friday
7244,FRAUD,23,MISSION,1,Monday
7245,FRAUD,23,MISSION,3,Saturday
7246,FRAUD,23,MISSION,1,Sunday
7247,FRAUD,23,MISSION,1,Thursday
7248,FRAUD,23,MISSION,1,Wednesday
7249,FRAUD,23,NORTHERN,5,Friday
7250,FRAUD,23,NORTHERN,1,Monday
7251,FRAUD,23,NORTHERN,3,Sunday
7252,FRAUD,23,NORTHERN,1,Thursday
7253,FRAUD,23,NORTHERN,3,Tuesday
7254,FRAUD,23,NORTHERN,2,Wednesday
7255,FRAUD,23,PARK,1,Monday
7256,FRAUD,23,PARK,1,Saturday
7257,FRAUD,23,PARK,1,Wednesday
7258,FRAUD,23,RICHMOND,3,Thursday
7259,FRAUD,23,SOUTHERN,4,Friday
7260,FRAUD,23,SOUTHERN,1,Monday
7261,FRAUD,23,SOUTHERN,6,Saturday
7262,FRAUD,23,SOUTHERN,4,Thursday
7263,FRAUD,23,SOUTHERN,3,Tuesday
7264,FRAUD,23,SOUTHERN,2,Wednesday
7265,FRAUD,23,TARAVAL,1,Friday
7266,FRAUD,23,TARAVAL,2,Saturday
7267,FRAUD,23,TARAVAL,2,Thursday
7268,FRAUD,23,TENDERLOIN,4,Friday
7269,FRAUD,23,TENDERLOIN,1,Saturday
7270,FRAUD,23,TENDERLOIN,2,Thursday
7271,FRAUD,23,TENDERLOIN,3,Tuesday
7272,FRAUD,23,TENDERLOIN,2,Wednesday
7273,GAMBLING,00,SOUTHERN,1,Tuesday
7274,GAMBLING,10,INGLESIDE,1,Wednesday
7275,GAMBLING,11,INGLESIDE,2,Tuesday
7276,GAMBLING,11,INGLESIDE,1,Wednesday
7277,GAMBLING,11,TENDERLOIN,1,Tuesday
7278,GAMBLING,12,BAYVIEW,1,Wednesday
7279,GAMBLING,14,CENTRAL,1,Thursday
7280,GAMBLING,14,MISSION,1,Wednesday
7281,GAMBLING,15,BAYVIEW,1,Saturday
7282,GAMBLING,15,BAYVIEW,1,Sunday
7283,GAMBLING,15,SOUTHERN,1,Friday
7284,GAMBLING,18,TENDERLOIN,2,Wednesday
7285,GAMBLING,19,SOUTHERN,1,Thursday
7286,GAMBLING,20,BAYVIEW,1,Wednesday
7287,GAMBLING,20,INGLESIDE,1,Tuesday
7288,GAMBLING,20,TENDERLOIN,1,Tuesday
7289,GAMBLING,22,SOUTHERN,1,Friday
7290,GAMBLING,23,MISSION,1,Sunday
7291,KIDNAPPING,00,BAYVIEW,2,Sunday
7292,KIDNAPPING,00,BAYVIEW,1,Thursday
7293,KIDNAPPING,00,INGLESIDE,1,Friday
7294,KIDNAPPING,00,MISSION,1,Wednesday
7295,KIDNAPPING,00,NORTHERN,1,Sunday
7296,KIDNAPPING,00,PARK,1,Thursday
7297,KIDNAPPING,00,RICHMOND,1,Monday
7298,KIDNAPPING,00,SOUTHERN,1,Monday
7299,KIDNAPPING,00,SOUTHERN,1,Saturday
7300,KIDNAPPING,00,TENDERLOIN,2,Wednesday
7301,KIDNAPPING,01,BAYVIEW,1,Monday
7302,KIDNAPPING,01,CENTRAL,1,Sunday
7303,KIDNAPPING,01,INGLESIDE,1,Tuesday
7304,KIDNAPPING,01,MISSION,1,Monday
7305,KIDNAPPING,01,MISSION,2,Sunday
7306,KIDNAPPING,01,RICHMOND,1,Tuesday
7307,KIDNAPPING,01,SOUTHERN,1,Monday
7308,KIDNAPPING,01,SOUTHERN,2,Sunday
7309,KIDNAPPING,01,TARAVAL,1,Friday
7310,KIDNAPPING,01,TARAVAL,1,Saturday
7311,KIDNAPPING,02,BAYVIEW,1,Saturday
7312,KIDNAPPING,02,BAYVIEW,1,Sunday
7313,KIDNAPPING,02,BAYVIEW,1,Tuesday
7314,KIDNAPPING,02,CENTRAL,1,Monday
7315,KIDNAPPING,02,MISSION,1,Sunday
7316,KIDNAPPING,02,NORTHERN,1,Saturday
7317,KIDNAPPING,02,NORTHERN,1,Sunday
7318,KIDNAPPING,02,SOUTHERN,1,Saturday
7319,KIDNAPPING,02,SOUTHERN,1,Wednesday
7320,KIDNAPPING,02,TARAVAL,1,Sunday
7321,KIDNAPPING,03,MISSION,1,Sunday
7322,KIDNAPPING,03,NORTHERN,2,Saturday
7323,KIDNAPPING,03,SOUTHERN,1,Thursday
7324,KIDNAPPING,03,SOUTHERN,1,Tuesday
7325,KIDNAPPING,03,TENDERLOIN,1,Monday
7326,KIDNAPPING,04,INGLESIDE,1,Friday
7327,KIDNAPPING,04,INGLESIDE,1,Wednesday
7328,KIDNAPPING,04,MISSION,1,Friday
7329,KIDNAPPING,04,MISSION,1,Monday
7330,KIDNAPPING,04,MISSION,1,Saturday
7331,KIDNAPPING,04,NORTHERN,1,Monday
7332,KIDNAPPING,04,TARAVAL,1,Saturday
7333,KIDNAPPING,04,TENDERLOIN,1,Sunday
7334,KIDNAPPING,05,CENTRAL,1,Saturday
7335,KIDNAPPING,05,MISSION,1,Saturday
7336,KIDNAPPING,05,PARK,2,Saturday
7337,KIDNAPPING,05,TARAVAL,2,Sunday
7338,KIDNAPPING,05,TENDERLOIN,1,Sunday
7339,KIDNAPPING,05,TENDERLOIN,1,Wednesday
7340,KIDNAPPING,06,BAYVIEW,1,Thursday
7341,KIDNAPPING,06,NORTHERN,1,Friday
7342,KIDNAPPING,07,BAYVIEW,1,Tuesday
7343,KIDNAPPING,07,INGLESIDE,1,Wednesday
7344,KIDNAPPING,07,TARAVAL,1,Wednesday
7345,KIDNAPPING,08,BAYVIEW,1,Saturday
7346,KIDNAPPING,08,BAYVIEW,1,Sunday
7347,KIDNAPPING,08,BAYVIEW,1,Tuesday
7348,KIDNAPPING,08,CENTRAL,1,Saturday
7349,KIDNAPPING,08,INGLESIDE,1,Friday
7350,KIDNAPPING,08,INGLESIDE,1,Thursday
7351,KIDNAPPING,08,MISSION,1,Sunday
7352,KIDNAPPING,08,NORTHERN,1,Monday
7353,KIDNAPPING,09,BAYVIEW,1,Saturday
7354,KIDNAPPING,09,BAYVIEW,1,Thursday
7355,KIDNAPPING,09,INGLESIDE,1,Sunday
7356,KIDNAPPING,09,INGLESIDE,1,Wednesday
7357,KIDNAPPING,09,NORTHERN,1,Sunday
7358,KIDNAPPING,09,SOUTHERN,4,Monday
7359,KIDNAPPING,09,SOUTHERN,2,Sunday
7360,KIDNAPPING,09,SOUTHERN,1,Thursday
7361,KIDNAPPING,09,TENDERLOIN,1,Monday
7362,KIDNAPPING,10,BAYVIEW,1,Friday
7363,KIDNAPPING,10,BAYVIEW,1,Saturday
7364,KIDNAPPING,10,CENTRAL,1,Sunday
7365,KIDNAPPING,10,MISSION,1,Friday
7366,KIDNAPPING,10,MISSION,1,Saturday
7367,KIDNAPPING,10,NORTHERN,1,Thursday
7368,KIDNAPPING,10,TARAVAL,1,Wednesday
7369,KIDNAPPING,10,TENDERLOIN,1,Saturday
7370,KIDNAPPING,11,BAYVIEW,1,Tuesday
7371,KIDNAPPING,11,CENTRAL,1,Saturday
7372,KIDNAPPING,11,MISSION,1,Thursday
7373,KIDNAPPING,11,NORTHERN,1,Saturday
7374,KIDNAPPING,11,RICHMOND,1,Wednesday
7375,KIDNAPPING,11,SOUTHERN,1,Tuesday
7376,KIDNAPPING,12,BAYVIEW,3,Saturday
7377,KIDNAPPING,12,BAYVIEW,1,Sunday
7378,KIDNAPPING,12,MISSION,1,Friday
7379,KIDNAPPING,12,MISSION,1,Wednesday
7380,KIDNAPPING,12,PARK,1,Tuesday
7381,KIDNAPPING,12,TARAVAL,1,Saturday
7382,KIDNAPPING,13,CENTRAL,1,Sunday
7383,KIDNAPPING,13,INGLESIDE,2,Saturday
7384,KIDNAPPING,13,MISSION,1,Friday
7385,KIDNAPPING,13,NORTHERN,1,Friday
7386,KIDNAPPING,13,SOUTHERN,1,Wednesday
7387,KIDNAPPING,13,TENDERLOIN,1,Friday
7388,KIDNAPPING,14,INGLESIDE,1,Friday
7389,KIDNAPPING,14,INGLESIDE,1,Wednesday
7390,KIDNAPPING,14,MISSION,1,Saturday
7391,KIDNAPPING,14,NORTHERN,2,Sunday
7392,KIDNAPPING,14,SOUTHERN,1,Monday
7393,KIDNAPPING,14,SOUTHERN,1,Sunday
7394,KIDNAPPING,14,TENDERLOIN,1,Sunday
7395,KIDNAPPING,15,BAYVIEW,1,Saturday
7396,KIDNAPPING,15,BAYVIEW,2,Thursday
7397,KIDNAPPING,15,BAYVIEW,1,Tuesday
7398,KIDNAPPING,15,CENTRAL,1,Monday
7399,KIDNAPPING,15,INGLESIDE,1,Monday
7400,KIDNAPPING,15,INGLESIDE,1,Saturday
7401,KIDNAPPING,15,INGLESIDE,1,Thursday
7402,KIDNAPPING,15,MISSION,2,Thursday
7403,KIDNAPPING,15,NORTHERN,1,Friday
7404,KIDNAPPING,15,NORTHERN,1,Monday
7405,KIDNAPPING,15,NORTHERN,1,Sunday
7406,KIDNAPPING,15,PARK,1,Thursday
7407,KIDNAPPING,15,PARK,1,Tuesday
7408,KIDNAPPING,15,RICHMOND,1,Friday
7409,KIDNAPPING,15,RICHMOND,1,Thursday
7410,KIDNAPPING,15,SOUTHERN,1,Sunday
7411,KIDNAPPING,15,TENDERLOIN,1,Tuesday
7412,KIDNAPPING,16,BAYVIEW,1,Saturday
7413,KIDNAPPING,16,BAYVIEW,3,Thursday
7414,KIDNAPPING,16,BAYVIEW,1,Wednesday
7415,KIDNAPPING,16,INGLESIDE,1,Friday
7416,KIDNAPPING,16,INGLESIDE,1,Monday
7417,KIDNAPPING,16,INGLESIDE,3,Tuesday
7418,KIDNAPPING,16,MISSION,1,Thursday
7419,KIDNAPPING,16,MISSION,1,Tuesday
7420,KIDNAPPING,16,NORTHERN,1,Monday
7421,KIDNAPPING,16,NORTHERN,1,Saturday
7422,KIDNAPPING,16,RICHMOND,1,Friday
7423,KIDNAPPING,16,SOUTHERN,1,Friday
7424,KIDNAPPING,16,SOUTHERN,3,Tuesday
7425,KIDNAPPING,16,TARAVAL,1,Monday
7426,KIDNAPPING,16,TARAVAL,1,Tuesday
7427,KIDNAPPING,16,TENDERLOIN,1,Friday
7428,KIDNAPPING,17,BAYVIEW,1,Friday
7429,KIDNAPPING,17,BAYVIEW,2,Sunday
7430,KIDNAPPING,17,BAYVIEW,2,Thursday
7431,KIDNAPPING,17,BAYVIEW,1,Tuesday
7432,KIDNAPPING,17,INGLESIDE,1,Monday
7433,KIDNAPPING,17,INGLESIDE,2,Saturday
7434,KIDNAPPING,17,INGLESIDE,1,Sunday
7435,KIDNAPPING,17,INGLESIDE,1,Tuesday
7436,KIDNAPPING,17,MISSION,1,Wednesday
7437,KIDNAPPING,17,NORTHERN,1,Wednesday
7438,KIDNAPPING,17,PARK,1,Thursday
7439,KIDNAPPING,17,RICHMOND,1,Wednesday
7440,KIDNAPPING,17,TARAVAL,1,Tuesday
7441,KIDNAPPING,17,TENDERLOIN,1,Thursday
7442,KIDNAPPING,18,BAYVIEW,2,Friday
7443,KIDNAPPING,18,BAYVIEW,2,Monday
7444,KIDNAPPING,18,BAYVIEW,1,Saturday
7445,KIDNAPPING,18,BAYVIEW,2,Thursday
7446,KIDNAPPING,18,BAYVIEW,1,Wednesday
7447,KIDNAPPING,18,CENTRAL,1,Friday
7448,KIDNAPPING,18,INGLESIDE,1,Friday
7449,KIDNAPPING,18,INGLESIDE,1,Saturday
7450,KIDNAPPING,18,INGLESIDE,1,Sunday
7451,KIDNAPPING,18,MISSION,1,Friday
7452,KIDNAPPING,18,NORTHERN,1,Tuesday
7453,KIDNAPPING,18,RICHMOND,1,Saturday
7454,KIDNAPPING,18,SOUTHERN,1,Monday
7455,KIDNAPPING,18,SOUTHERN,1,Tuesday
7456,KIDNAPPING,18,TENDERLOIN,1,Saturday
7457,KIDNAPPING,19,BAYVIEW,1,Tuesday
7458,KIDNAPPING,19,BAYVIEW,1,Wednesday
7459,KIDNAPPING,19,CENTRAL,1,Wednesday
7460,KIDNAPPING,19,INGLESIDE,1,Friday
7461,KIDNAPPING,19,INGLESIDE,1,Sunday
7462,KIDNAPPING,19,MISSION,1,Saturday
7463,KIDNAPPING,19,SOUTHERN,1,Friday
7464,KIDNAPPING,19,SOUTHERN,1,Wednesday
7465,KIDNAPPING,19,TARAVAL,1,Tuesday
7466,KIDNAPPING,20,BAYVIEW,1,Friday
7467,KIDNAPPING,20,BAYVIEW,1,Saturday
7468,KIDNAPPING,20,BAYVIEW,2,Sunday
7469,KIDNAPPING,20,BAYVIEW,1,Tuesday
7470,KIDNAPPING,20,BAYVIEW,1,Wednesday
7471,KIDNAPPING,20,CENTRAL,2,Monday
7472,KIDNAPPING,20,INGLESIDE,1,Tuesday
7473,KIDNAPPING,20,MISSION,1,Monday
7474,KIDNAPPING,20,TARAVAL,1,Friday
7475,KIDNAPPING,20,TARAVAL,1,Tuesday
7476,KIDNAPPING,20,TENDERLOIN,1,Sunday
7477,KIDNAPPING,21,BAYVIEW,1,Monday
7478,KIDNAPPING,21,BAYVIEW,1,Thursday
7479,KIDNAPPING,21,BAYVIEW,1,Wednesday
7480,KIDNAPPING,21,CENTRAL,1,Monday
7481,KIDNAPPING,21,INGLESIDE,1,Sunday
7482,KIDNAPPING,21,INGLESIDE,1,Thursday
7483,KIDNAPPING,21,MISSION,1,Monday
7484,KIDNAPPING,21,MISSION,2,Tuesday
7485,KIDNAPPING,21,MISSION,1,Wednesday
7486,KIDNAPPING,21,SOUTHERN,1,Saturday
7487,KIDNAPPING,21,TARAVAL,1,Sunday
7488,KIDNAPPING,21,TENDERLOIN,1,Friday
7489,KIDNAPPING,21,TENDERLOIN,1,Saturday
7490,KIDNAPPING,21,TENDERLOIN,1,Tuesday
7491,KIDNAPPING,22,BAYVIEW,1,Saturday
7492,KIDNAPPING,22,BAYVIEW,1,Wednesday
7493,KIDNAPPING,22,INGLESIDE,1,Friday
7494,KIDNAPPING,22,NORTHERN,1,Tuesday
7495,KIDNAPPING,22,RICHMOND,1,Monday
7496,KIDNAPPING,22,SOUTHERN,1,Thursday
7497,KIDNAPPING,22,TARAVAL,1,Sunday
7498,KIDNAPPING,23,BAYVIEW,1,Friday
7499,KIDNAPPING,23,BAYVIEW,1,Monday
7500,KIDNAPPING,23,BAYVIEW,1,Tuesday
7501,KIDNAPPING,23,INGLESIDE,1,Friday
7502,KIDNAPPING,23,INGLESIDE,2,Thursday
7503,KIDNAPPING,23,INGLESIDE,1,Tuesday
7504,KIDNAPPING,23,MISSION,2,Monday
7505,KIDNAPPING,23,MISSION,1,Sunday
7506,KIDNAPPING,23,MISSION,2,Thursday
7507,KIDNAPPING,23,NORTHERN,1,Sunday
7508,KIDNAPPING,23,PARK,1,Friday
7509,KIDNAPPING,23,SOUTHERN,1,Friday
7510,KIDNAPPING,23,SOUTHERN,1,Saturday
7511,KIDNAPPING,23,SOUTHERN,1,Sunday
7512,KIDNAPPING,23,TARAVAL,1,Tuesday
7513,LARCENY/THEFT,00,BAYVIEW,13,Friday
7514,LARCENY/THEFT,00,BAYVIEW,18,Monday
7515,LARCENY/THEFT,00,BAYVIEW,13,Saturday
7516,LARCENY/THEFT,00,BAYVIEW,14,Sunday
7517,LARCENY/THEFT,00,BAYVIEW,8,Thursday
7518,LARCENY/THEFT,00,BAYVIEW,12,Tuesday
7519,LARCENY/THEFT,00,BAYVIEW,16,Wednesday
7520,LARCENY/THEFT,00,CENTRAL,31,Friday
7521,LARCENY/THEFT,00,CENTRAL,14,Monday
7522,LARCENY/THEFT,00,CENTRAL,31,Saturday
7523,LARCENY/THEFT,00,CENTRAL,30,Sunday
7524,LARCENY/THEFT,00,CENTRAL,19,Thursday
7525,LARCENY/THEFT,00,CENTRAL,16,Tuesday
7526,LARCENY/THEFT,00,CENTRAL,23,Wednesday
7527,LARCENY/THEFT,00,INGLESIDE,9,Friday
7528,LARCENY/THEFT,00,INGLESIDE,9,Monday
7529,LARCENY/THEFT,00,INGLESIDE,13,Saturday
7530,LARCENY/THEFT,00,INGLESIDE,17,Sunday
7531,LARCENY/THEFT,00,INGLESIDE,9,Thursday
7532,LARCENY/THEFT,00,INGLESIDE,9,Tuesday
7533,LARCENY/THEFT,00,INGLESIDE,9,Wednesday
7534,LARCENY/THEFT,00,MISSION,24,Friday
7535,LARCENY/THEFT,00,MISSION,9,Monday
7536,LARCENY/THEFT,00,MISSION,37,Saturday
7537,LARCENY/THEFT,00,MISSION,30,Sunday
7538,LARCENY/THEFT,00,MISSION,16,Thursday
7539,LARCENY/THEFT,00,MISSION,21,Tuesday
7540,LARCENY/THEFT,00,MISSION,14,Wednesday
7541,LARCENY/THEFT,00,NORTHERN,40,Friday
7542,LARCENY/THEFT,00,NORTHERN,21,Monday
7543,LARCENY/THEFT,00,NORTHERN,57,Saturday
7544,LARCENY/THEFT,00,NORTHERN,62,Sunday
7545,LARCENY/THEFT,00,NORTHERN,29,Thursday
7546,LARCENY/THEFT,00,NORTHERN,13,Tuesday
7547,LARCENY/THEFT,00,NORTHERN,32,Wednesday
7548,LARCENY/THEFT,00,PARK,2,Friday
7549,LARCENY/THEFT,00,PARK,5,Monday
7550,LARCENY/THEFT,00,PARK,6,Saturday
7551,LARCENY/THEFT,00,PARK,11,Sunday
7552,LARCENY/THEFT,00,PARK,6,Thursday
7553,LARCENY/THEFT,00,PARK,5,Tuesday
7554,LARCENY/THEFT,00,PARK,3,Wednesday
7555,LARCENY/THEFT,00,RICHMOND,9,Friday
7556,LARCENY/THEFT,00,RICHMOND,9,Monday
7557,LARCENY/THEFT,00,RICHMOND,13,Saturday
7558,LARCENY/THEFT,00,RICHMOND,4,Sunday
7559,LARCENY/THEFT,00,RICHMOND,13,Thursday
7560,LARCENY/THEFT,00,RICHMOND,7,Tuesday
7561,LARCENY/THEFT,00,RICHMOND,8,Wednesday
7562,LARCENY/THEFT,00,SOUTHERN,52,Friday
7563,LARCENY/THEFT,00,SOUTHERN,36,Monday
7564,LARCENY/THEFT,00,SOUTHERN,109,Saturday
7565,LARCENY/THEFT,00,SOUTHERN,108,Sunday
7566,LARCENY/THEFT,00,SOUTHERN,27,Thursday
7567,LARCENY/THEFT,00,SOUTHERN,22,Tuesday
7568,LARCENY/THEFT,00,SOUTHERN,28,Wednesday
7569,LARCENY/THEFT,00,TARAVAL,16,Friday
7570,LARCENY/THEFT,00,TARAVAL,16,Monday
7571,LARCENY/THEFT,00,TARAVAL,14,Saturday
7572,LARCENY/THEFT,00,TARAVAL,16,Sunday
7573,LARCENY/THEFT,00,TARAVAL,25,Thursday
7574,LARCENY/THEFT,00,TARAVAL,18,Tuesday
7575,LARCENY/THEFT,00,TARAVAL,19,Wednesday
7576,LARCENY/THEFT,00,TENDERLOIN,13,Friday
7577,LARCENY/THEFT,00,TENDERLOIN,3,Monday
7578,LARCENY/THEFT,00,TENDERLOIN,13,Saturday
7579,LARCENY/THEFT,00,TENDERLOIN,9,Sunday
7580,LARCENY/THEFT,00,TENDERLOIN,4,Thursday
7581,LARCENY/THEFT,00,TENDERLOIN,3,Tuesday
7582,LARCENY/THEFT,00,TENDERLOIN,1,Wednesday
7583,LARCENY/THEFT,01,BAYVIEW,3,Friday
7584,LARCENY/THEFT,01,BAYVIEW,10,Monday
7585,LARCENY/THEFT,01,BAYVIEW,14,Saturday
7586,LARCENY/THEFT,01,BAYVIEW,14,Sunday
7587,LARCENY/THEFT,01,BAYVIEW,2,Thursday
7588,LARCENY/THEFT,01,BAYVIEW,3,Tuesday
7589,LARCENY/THEFT,01,BAYVIEW,3,Wednesday
7590,LARCENY/THEFT,01,CENTRAL,12,Friday
7591,LARCENY/THEFT,01,CENTRAL,13,Monday
7592,LARCENY/THEFT,01,CENTRAL,22,Saturday
7593,LARCENY/THEFT,01,CENTRAL,31,Sunday
7594,LARCENY/THEFT,01,CENTRAL,9,Thursday
7595,LARCENY/THEFT,01,CENTRAL,10,Tuesday
7596,LARCENY/THEFT,01,CENTRAL,16,Wednesday
7597,LARCENY/THEFT,01,INGLESIDE,7,Friday
7598,LARCENY/THEFT,01,INGLESIDE,8,Monday
7599,LARCENY/THEFT,01,INGLESIDE,15,Saturday
7600,LARCENY/THEFT,01,INGLESIDE,9,Sunday
7601,LARCENY/THEFT,01,INGLESIDE,6,Thursday
7602,LARCENY/THEFT,01,INGLESIDE,7,Tuesday
7603,LARCENY/THEFT,01,INGLESIDE,9,Wednesday
7604,LARCENY/THEFT,01,MISSION,22,Friday
7605,LARCENY/THEFT,01,MISSION,15,Monday
7606,LARCENY/THEFT,01,MISSION,34,Saturday
7607,LARCENY/THEFT,01,MISSION,33,Sunday
7608,LARCENY/THEFT,01,MISSION,11,Thursday
7609,LARCENY/THEFT,01,MISSION,11,Tuesday
7610,LARCENY/THEFT,01,MISSION,9,Wednesday
7611,LARCENY/THEFT,01,NORTHERN,39,Friday
7612,LARCENY/THEFT,01,NORTHERN,21,Monday
7613,LARCENY/THEFT,01,NORTHERN,45,Saturday
7614,LARCENY/THEFT,01,NORTHERN,53,Sunday
7615,LARCENY/THEFT,01,NORTHERN,18,Thursday
7616,LARCENY/THEFT,01,NORTHERN,21,Tuesday
7617,LARCENY/THEFT,01,NORTHERN,15,Wednesday
7618,LARCENY/THEFT,01,PARK,2,Friday
7619,LARCENY/THEFT,01,PARK,9,Monday
7620,LARCENY/THEFT,01,PARK,8,Saturday
7621,LARCENY/THEFT,01,PARK,7,Sunday
7622,LARCENY/THEFT,01,PARK,6,Thursday
7623,LARCENY/THEFT,01,PARK,13,Tuesday
7624,LARCENY/THEFT,01,PARK,7,Wednesday
7625,LARCENY/THEFT,01,RICHMOND,10,Friday
7626,LARCENY/THEFT,01,RICHMOND,6,Monday
7627,LARCENY/THEFT,01,RICHMOND,9,Saturday
7628,LARCENY/THEFT,01,RICHMOND,5,Sunday
7629,LARCENY/THEFT,01,RICHMOND,6,Thursday
7630,LARCENY/THEFT,01,RICHMOND,4,Tuesday
7631,LARCENY/THEFT,01,RICHMOND,4,Wednesday
7632,LARCENY/THEFT,01,SOUTHERN,29,Friday
7633,LARCENY/THEFT,01,SOUTHERN,18,Monday
7634,LARCENY/THEFT,01,SOUTHERN,67,Saturday
7635,LARCENY/THEFT,01,SOUTHERN,101,Sunday
7636,LARCENY/THEFT,01,SOUTHERN,17,Thursday
7637,LARCENY/THEFT,01,SOUTHERN,9,Tuesday
7638,LARCENY/THEFT,01,SOUTHERN,16,Wednesday
7639,LARCENY/THEFT,01,TARAVAL,7,Friday
7640,LARCENY/THEFT,01,TARAVAL,9,Monday
7641,LARCENY/THEFT,01,TARAVAL,9,Saturday
7642,LARCENY/THEFT,01,TARAVAL,11,Sunday
7643,LARCENY/THEFT,01,TARAVAL,9,Thursday
7644,LARCENY/THEFT,01,TARAVAL,9,Tuesday
7645,LARCENY/THEFT,01,TARAVAL,12,Wednesday
7646,LARCENY/THEFT,01,TENDERLOIN,6,Friday
7647,LARCENY/THEFT,01,TENDERLOIN,5,Monday
7648,LARCENY/THEFT,01,TENDERLOIN,10,Saturday
7649,LARCENY/THEFT,01,TENDERLOIN,8,Sunday
7650,LARCENY/THEFT,01,TENDERLOIN,3,Thursday
7651,LARCENY/THEFT,01,TENDERLOIN,3,Tuesday
7652,LARCENY/THEFT,01,TENDERLOIN,3,Wednesday
7653,LARCENY/THEFT,02,BAYVIEW,5,Friday
7654,LARCENY/THEFT,02,BAYVIEW,5,Monday
7655,LARCENY/THEFT,02,BAYVIEW,8,Saturday
7656,LARCENY/THEFT,02,BAYVIEW,7,Sunday
7657,LARCENY/THEFT,02,BAYVIEW,5,Thursday
7658,LARCENY/THEFT,02,BAYVIEW,6,Tuesday
7659,LARCENY/THEFT,02,BAYVIEW,5,Wednesday
7660,LARCENY/THEFT,02,CENTRAL,13,Friday
7661,LARCENY/THEFT,02,CENTRAL,13,Monday
7662,LARCENY/THEFT,02,CENTRAL,8,Saturday
7663,LARCENY/THEFT,02,CENTRAL,22,Sunday
7664,LARCENY/THEFT,02,CENTRAL,6,Thursday
7665,LARCENY/THEFT,02,CENTRAL,11,Tuesday
7666,LARCENY/THEFT,02,CENTRAL,9,Wednesday
7667,LARCENY/THEFT,02,INGLESIDE,4,Friday
7668,LARCENY/THEFT,02,INGLESIDE,5,Monday
7669,LARCENY/THEFT,02,INGLESIDE,3,Saturday
7670,LARCENY/THEFT,02,INGLESIDE,6,Sunday
7671,LARCENY/THEFT,02,INGLESIDE,3,Thursday
7672,LARCENY/THEFT,02,INGLESIDE,6,Tuesday
7673,LARCENY/THEFT,02,INGLESIDE,6,Wednesday
7674,LARCENY/THEFT,02,MISSION,12,Friday
7675,LARCENY/THEFT,02,MISSION,11,Monday
7676,LARCENY/THEFT,02,MISSION,13,Saturday
7677,LARCENY/THEFT,02,MISSION,14,Sunday
7678,LARCENY/THEFT,02,MISSION,8,Thursday
7679,LARCENY/THEFT,02,MISSION,13,Tuesday
7680,LARCENY/THEFT,02,MISSION,8,Wednesday
7681,LARCENY/THEFT,02,NORTHERN,15,Friday
7682,LARCENY/THEFT,02,NORTHERN,8,Monday
7683,LARCENY/THEFT,02,NORTHERN,19,Saturday
7684,LARCENY/THEFT,02,NORTHERN,40,Sunday
7685,LARCENY/THEFT,02,NORTHERN,12,Thursday
7686,LARCENY/THEFT,02,NORTHERN,9,Tuesday
7687,LARCENY/THEFT,02,NORTHERN,13,Wednesday
7688,LARCENY/THEFT,02,PARK,9,Friday
7689,LARCENY/THEFT,02,PARK,2,Monday
7690,LARCENY/THEFT,02,PARK,10,Saturday
7691,LARCENY/THEFT,02,PARK,9,Sunday
7692,LARCENY/THEFT,02,PARK,5,Thursday
7693,LARCENY/THEFT,02,PARK,5,Tuesday
7694,LARCENY/THEFT,02,PARK,2,Wednesday
7695,LARCENY/THEFT,02,RICHMOND,7,Friday
7696,LARCENY/THEFT,02,RICHMOND,3,Monday
7697,LARCENY/THEFT,02,RICHMOND,8,Saturday
7698,LARCENY/THEFT,02,RICHMOND,8,Sunday
7699,LARCENY/THEFT,02,RICHMOND,4,Tuesday
7700,LARCENY/THEFT,02,RICHMOND,2,Wednesday
7701,LARCENY/THEFT,02,SOUTHERN,19,Friday
7702,LARCENY/THEFT,02,SOUTHERN,17,Monday
7703,LARCENY/THEFT,02,SOUTHERN,29,Saturday
7704,LARCENY/THEFT,02,SOUTHERN,52,Sunday
7705,LARCENY/THEFT,02,SOUTHERN,15,Thursday
7706,LARCENY/THEFT,02,SOUTHERN,14,Tuesday
7707,LARCENY/THEFT,02,SOUTHERN,9,Wednesday
7708,LARCENY/THEFT,02,TARAVAL,4,Friday
7709,LARCENY/THEFT,02,TARAVAL,5,Monday
7710,LARCENY/THEFT,02,TARAVAL,9,Saturday
7711,LARCENY/THEFT,02,TARAVAL,6,Sunday
7712,LARCENY/THEFT,02,TARAVAL,6,Thursday
7713,LARCENY/THEFT,02,TARAVAL,4,Tuesday
7714,LARCENY/THEFT,02,TARAVAL,7,Wednesday
7715,LARCENY/THEFT,02,TENDERLOIN,1,Friday
7716,LARCENY/THEFT,02,TENDERLOIN,6,Monday
7717,LARCENY/THEFT,02,TENDERLOIN,6,Saturday
7718,LARCENY/THEFT,02,TENDERLOIN,4,Sunday
7719,LARCENY/THEFT,02,TENDERLOIN,6,Thursday
7720,LARCENY/THEFT,02,TENDERLOIN,5,Tuesday
7721,LARCENY/THEFT,02,TENDERLOIN,2,Wednesday
7722,LARCENY/THEFT,03,BAYVIEW,7,Friday
7723,LARCENY/THEFT,03,BAYVIEW,2,Monday
7724,LARCENY/THEFT,03,BAYVIEW,7,Saturday
7725,LARCENY/THEFT,03,BAYVIEW,2,Sunday
7726,LARCENY/THEFT,03,BAYVIEW,4,Thursday
7727,LARCENY/THEFT,03,BAYVIEW,5,Tuesday
7728,LARCENY/THEFT,03,BAYVIEW,1,Wednesday
7729,LARCENY/THEFT,03,CENTRAL,10,Friday
7730,LARCENY/THEFT,03,CENTRAL,7,Monday
7731,LARCENY/THEFT,03,CENTRAL,10,Saturday
7732,LARCENY/THEFT,03,CENTRAL,5,Sunday
7733,LARCENY/THEFT,03,CENTRAL,7,Thursday
7734,LARCENY/THEFT,03,CENTRAL,5,Tuesday
7735,LARCENY/THEFT,03,CENTRAL,6,Wednesday
7736,LARCENY/THEFT,03,INGLESIDE,3,Friday
7737,LARCENY/THEFT,03,INGLESIDE,6,Monday
7738,LARCENY/THEFT,03,INGLESIDE,4,Saturday
7739,LARCENY/THEFT,03,INGLESIDE,7,Sunday
7740,LARCENY/THEFT,03,INGLESIDE,2,Thursday
7741,LARCENY/THEFT,03,INGLESIDE,4,Tuesday
7742,LARCENY/THEFT,03,INGLESIDE,2,Wednesday
7743,LARCENY/THEFT,03,MISSION,3,Friday
7744,LARCENY/THEFT,03,MISSION,15,Monday
7745,LARCENY/THEFT,03,MISSION,9,Saturday
7746,LARCENY/THEFT,03,MISSION,11,Sunday
7747,LARCENY/THEFT,03,MISSION,5,Thursday
7748,LARCENY/THEFT,03,MISSION,10,Tuesday
7749,LARCENY/THEFT,03,MISSION,7,Wednesday
7750,LARCENY/THEFT,03,NORTHERN,9,Friday
7751,LARCENY/THEFT,03,NORTHERN,13,Monday
7752,LARCENY/THEFT,03,NORTHERN,11,Saturday
7753,LARCENY/THEFT,03,NORTHERN,12,Sunday
7754,LARCENY/THEFT,03,NORTHERN,4,Thursday
7755,LARCENY/THEFT,03,NORTHERN,13,Tuesday
7756,LARCENY/THEFT,03,NORTHERN,12,Wednesday
7757,LARCENY/THEFT,03,PARK,3,Friday
7758,LARCENY/THEFT,03,PARK,3,Monday
7759,LARCENY/THEFT,03,PARK,4,Saturday
7760,LARCENY/THEFT,03,PARK,5,Sunday
7761,LARCENY/THEFT,03,PARK,3,Thursday
7762,LARCENY/THEFT,03,PARK,2,Tuesday
7763,LARCENY/THEFT,03,PARK,2,Wednesday
7764,LARCENY/THEFT,03,RICHMOND,1,Monday
7765,LARCENY/THEFT,03,RICHMOND,1,Saturday
7766,LARCENY/THEFT,03,RICHMOND,1,Thursday
7767,LARCENY/THEFT,03,RICHMOND,1,Tuesday
7768,LARCENY/THEFT,03,RICHMOND,1,Wednesday
7769,LARCENY/THEFT,03,SOUTHERN,9,Friday
7770,LARCENY/THEFT,03,SOUTHERN,8,Monday
7771,LARCENY/THEFT,03,SOUTHERN,17,Saturday
7772,LARCENY/THEFT,03,SOUTHERN,23,Sunday
7773,LARCENY/THEFT,03,SOUTHERN,4,Thursday
7774,LARCENY/THEFT,03,SOUTHERN,9,Tuesday
7775,LARCENY/THEFT,03,SOUTHERN,5,Wednesday
7776,LARCENY/THEFT,03,TARAVAL,4,Friday
7777,LARCENY/THEFT,03,TARAVAL,5,Monday
7778,LARCENY/THEFT,03,TARAVAL,4,Saturday
7779,LARCENY/THEFT,03,TARAVAL,2,Sunday
7780,LARCENY/THEFT,03,TARAVAL,7,Thursday
7781,LARCENY/THEFT,03,TARAVAL,1,Tuesday
7782,LARCENY/THEFT,03,TARAVAL,5,Wednesday
7783,LARCENY/THEFT,03,TENDERLOIN,4,Friday
7784,LARCENY/THEFT,03,TENDERLOIN,1,Monday
7785,LARCENY/THEFT,03,TENDERLOIN,1,Saturday
7786,LARCENY/THEFT,03,TENDERLOIN,1,Sunday
7787,LARCENY/THEFT,03,TENDERLOIN,6,Thursday
7788,LARCENY/THEFT,03,TENDERLOIN,5,Tuesday
7789,LARCENY/THEFT,03,TENDERLOIN,3,Wednesday
7790,LARCENY/THEFT,04,BAYVIEW,5,Friday
7791,LARCENY/THEFT,04,BAYVIEW,5,Monday
7792,LARCENY/THEFT,04,BAYVIEW,3,Saturday
7793,LARCENY/THEFT,04,BAYVIEW,2,Sunday
7794,LARCENY/THEFT,04,BAYVIEW,4,Thursday
7795,LARCENY/THEFT,04,BAYVIEW,5,Wednesday
7796,LARCENY/THEFT,04,CENTRAL,9,Friday
7797,LARCENY/THEFT,04,CENTRAL,8,Monday
7798,LARCENY/THEFT,04,CENTRAL,3,Saturday
7799,LARCENY/THEFT,04,CENTRAL,5,Sunday
7800,LARCENY/THEFT,04,CENTRAL,4,Thursday
7801,LARCENY/THEFT,04,CENTRAL,3,Tuesday
7802,LARCENY/THEFT,04,CENTRAL,3,Wednesday
7803,LARCENY/THEFT,04,INGLESIDE,2,Friday
7804,LARCENY/THEFT,04,INGLESIDE,5,Monday
7805,LARCENY/THEFT,04,INGLESIDE,1,Saturday
7806,LARCENY/THEFT,04,INGLESIDE,4,Sunday
7807,LARCENY/THEFT,04,INGLESIDE,2,Thursday
7808,LARCENY/THEFT,04,INGLESIDE,1,Tuesday
7809,LARCENY/THEFT,04,INGLESIDE,2,Wednesday
7810,LARCENY/THEFT,04,MISSION,4,Friday
7811,LARCENY/THEFT,04,MISSION,6,Monday
7812,LARCENY/THEFT,04,MISSION,11,Saturday
7813,LARCENY/THEFT,04,MISSION,5,Sunday
7814,LARCENY/THEFT,04,MISSION,3,Thursday
7815,LARCENY/THEFT,04,MISSION,3,Tuesday
7816,LARCENY/THEFT,04,MISSION,8,Wednesday
7817,LARCENY/THEFT,04,NORTHERN,10,Friday
7818,LARCENY/THEFT,04,NORTHERN,2,Monday
7819,LARCENY/THEFT,04,NORTHERN,9,Saturday
7820,LARCENY/THEFT,04,NORTHERN,4,Sunday
7821,LARCENY/THEFT,04,NORTHERN,6,Thursday
7822,LARCENY/THEFT,04,NORTHERN,6,Tuesday
7823,LARCENY/THEFT,04,NORTHERN,5,Wednesday
7824,LARCENY/THEFT,04,PARK,4,Monday
7825,LARCENY/THEFT,04,PARK,4,Saturday
7826,LARCENY/THEFT,04,PARK,4,Sunday
7827,LARCENY/THEFT,04,PARK,3,Thursday
7828,LARCENY/THEFT,04,PARK,3,Tuesday
7829,LARCENY/THEFT,04,PARK,5,Wednesday
7830,LARCENY/THEFT,04,RICHMOND,1,Friday
7831,LARCENY/THEFT,04,RICHMOND,7,Monday
7832,LARCENY/THEFT,04,RICHMOND,2,Saturday
7833,LARCENY/THEFT,04,RICHMOND,3,Thursday
7834,LARCENY/THEFT,04,RICHMOND,2,Tuesday
7835,LARCENY/THEFT,04,SOUTHERN,11,Friday
7836,LARCENY/THEFT,04,SOUTHERN,4,Monday
7837,LARCENY/THEFT,04,SOUTHERN,6,Saturday
7838,LARCENY/THEFT,04,SOUTHERN,8,Sunday
7839,LARCENY/THEFT,04,SOUTHERN,5,Thursday
7840,LARCENY/THEFT,04,SOUTHERN,7,Tuesday
7841,LARCENY/THEFT,04,SOUTHERN,7,Wednesday
7842,LARCENY/THEFT,04,TARAVAL,2,Friday
7843,LARCENY/THEFT,04,TARAVAL,1,Monday
7844,LARCENY/THEFT,04,TARAVAL,1,Saturday
7845,LARCENY/THEFT,04,TARAVAL,3,Sunday
7846,LARCENY/THEFT,04,TARAVAL,8,Thursday
7847,LARCENY/THEFT,04,TARAVAL,2,Tuesday
7848,LARCENY/THEFT,04,TARAVAL,4,Wednesday
7849,LARCENY/THEFT,04,TENDERLOIN,1,Friday
7850,LARCENY/THEFT,04,TENDERLOIN,1,Monday
7851,LARCENY/THEFT,04,TENDERLOIN,1,Saturday
7852,LARCENY/THEFT,04,TENDERLOIN,1,Sunday
7853,LARCENY/THEFT,04,TENDERLOIN,1,Thursday
7854,LARCENY/THEFT,05,BAYVIEW,5,Friday
7855,LARCENY/THEFT,05,BAYVIEW,5,Monday
7856,LARCENY/THEFT,05,BAYVIEW,5,Saturday
7857,LARCENY/THEFT,05,BAYVIEW,3,Sunday
7858,LARCENY/THEFT,05,BAYVIEW,4,Thursday
7859,LARCENY/THEFT,05,BAYVIEW,4,Tuesday
7860,LARCENY/THEFT,05,BAYVIEW,3,Wednesday
7861,LARCENY/THEFT,05,CENTRAL,5,Friday
7862,LARCENY/THEFT,05,CENTRAL,11,Monday
7863,LARCENY/THEFT,05,CENTRAL,4,Saturday
7864,LARCENY/THEFT,05,CENTRAL,6,Sunday
7865,LARCENY/THEFT,05,CENTRAL,7,Thursday
7866,LARCENY/THEFT,05,CENTRAL,7,Tuesday
7867,LARCENY/THEFT,05,CENTRAL,5,Wednesday
7868,LARCENY/THEFT,05,INGLESIDE,4,Friday
7869,LARCENY/THEFT,05,INGLESIDE,1,Monday
7870,LARCENY/THEFT,05,INGLESIDE,5,Saturday
7871,LARCENY/THEFT,05,INGLESIDE,2,Sunday
7872,LARCENY/THEFT,05,INGLESIDE,3,Thursday
7873,LARCENY/THEFT,05,INGLESIDE,10,Tuesday
7874,LARCENY/THEFT,05,INGLESIDE,2,Wednesday
7875,LARCENY/THEFT,05,MISSION,6,Friday
7876,LARCENY/THEFT,05,MISSION,3,Monday
7877,LARCENY/THEFT,05,MISSION,6,Saturday
7878,LARCENY/THEFT,05,MISSION,4,Sunday
7879,LARCENY/THEFT,05,MISSION,4,Thursday
7880,LARCENY/THEFT,05,MISSION,3,Tuesday
7881,LARCENY/THEFT,05,MISSION,3,Wednesday
7882,LARCENY/THEFT,05,NORTHERN,4,Friday
7883,LARCENY/THEFT,05,NORTHERN,8,Monday
7884,LARCENY/THEFT,05,NORTHERN,6,Saturday
7885,LARCENY/THEFT,05,NORTHERN,4,Sunday
7886,LARCENY/THEFT,05,NORTHERN,6,Thursday
7887,LARCENY/THEFT,05,NORTHERN,11,Tuesday
7888,LARCENY/THEFT,05,NORTHERN,3,Wednesday
7889,LARCENY/THEFT,05,PARK,3,Friday
7890,LARCENY/THEFT,05,PARK,1,Monday
7891,LARCENY/THEFT,05,PARK,1,Saturday
7892,LARCENY/THEFT,05,PARK,1,Sunday
7893,LARCENY/THEFT,05,PARK,2,Thursday
7894,LARCENY/THEFT,05,PARK,2,Tuesday
7895,LARCENY/THEFT,05,PARK,2,Wednesday
7896,LARCENY/THEFT,05,RICHMOND,4,Friday
7897,LARCENY/THEFT,05,RICHMOND,1,Monday
7898,LARCENY/THEFT,05,RICHMOND,3,Saturday
7899,LARCENY/THEFT,05,RICHMOND,2,Thursday
7900,LARCENY/THEFT,05,RICHMOND,2,Tuesday
7901,LARCENY/THEFT,05,RICHMOND,2,Wednesday
7902,LARCENY/THEFT,05,SOUTHERN,8,Friday
7903,LARCENY/THEFT,05,SOUTHERN,10,Monday
7904,LARCENY/THEFT,05,SOUTHERN,8,Saturday
7905,LARCENY/THEFT,05,SOUTHERN,5,Sunday
7906,LARCENY/THEFT,05,SOUTHERN,7,Thursday
7907,LARCENY/THEFT,05,SOUTHERN,5,Tuesday
7908,LARCENY/THEFT,05,SOUTHERN,12,Wednesday
7909,LARCENY/THEFT,05,TARAVAL,5,Friday
7910,LARCENY/THEFT,05,TARAVAL,5,Monday
7911,LARCENY/THEFT,05,TARAVAL,5,Sunday
7912,LARCENY/THEFT,05,TARAVAL,3,Thursday
7913,LARCENY/THEFT,05,TARAVAL,3,Tuesday
7914,LARCENY/THEFT,05,TARAVAL,6,Wednesday
7915,LARCENY/THEFT,05,TENDERLOIN,5,Friday
7916,LARCENY/THEFT,05,TENDERLOIN,2,Monday
7917,LARCENY/THEFT,05,TENDERLOIN,5,Saturday
7918,LARCENY/THEFT,05,TENDERLOIN,4,Sunday
7919,LARCENY/THEFT,05,TENDERLOIN,3,Thursday
7920,LARCENY/THEFT,05,TENDERLOIN,2,Tuesday
7921,LARCENY/THEFT,06,BAYVIEW,6,Friday
7922,LARCENY/THEFT,06,BAYVIEW,6,Monday
7923,LARCENY/THEFT,06,BAYVIEW,5,Saturday
7924,LARCENY/THEFT,06,BAYVIEW,4,Sunday
7925,LARCENY/THEFT,06,BAYVIEW,9,Thursday
7926,LARCENY/THEFT,06,BAYVIEW,7,Tuesday
7927,LARCENY/THEFT,06,BAYVIEW,6,Wednesday
7928,LARCENY/THEFT,06,CENTRAL,9,Friday
7929,LARCENY/THEFT,06,CENTRAL,7,Monday
7930,LARCENY/THEFT,06,CENTRAL,5,Saturday
7931,LARCENY/THEFT,06,CENTRAL,9,Sunday
7932,LARCENY/THEFT,06,CENTRAL,8,Thursday
7933,LARCENY/THEFT,06,CENTRAL,4,Tuesday
7934,LARCENY/THEFT,06,CENTRAL,6,Wednesday
7935,LARCENY/THEFT,06,INGLESIDE,5,Friday
7936,LARCENY/THEFT,06,INGLESIDE,8,Monday
7937,LARCENY/THEFT,06,INGLESIDE,1,Saturday
7938,LARCENY/THEFT,06,INGLESIDE,4,Sunday
7939,LARCENY/THEFT,06,INGLESIDE,1,Thursday
7940,LARCENY/THEFT,06,INGLESIDE,5,Tuesday
7941,LARCENY/THEFT,06,INGLESIDE,2,Wednesday
7942,LARCENY/THEFT,06,MISSION,9,Friday
7943,LARCENY/THEFT,06,MISSION,8,Monday
7944,LARCENY/THEFT,06,MISSION,5,Saturday
7945,LARCENY/THEFT,06,MISSION,9,Sunday
7946,LARCENY/THEFT,06,MISSION,5,Thursday
7947,LARCENY/THEFT,06,MISSION,12,Tuesday
7948,LARCENY/THEFT,06,MISSION,7,Wednesday
7949,LARCENY/THEFT,06,NORTHERN,17,Friday
7950,LARCENY/THEFT,06,NORTHERN,14,Monday
7951,LARCENY/THEFT,06,NORTHERN,5,Saturday
7952,LARCENY/THEFT,06,NORTHERN,10,Sunday
7953,LARCENY/THEFT,06,NORTHERN,19,Thursday
7954,LARCENY/THEFT,06,NORTHERN,15,Tuesday
7955,LARCENY/THEFT,06,NORTHERN,12,Wednesday
7956,LARCENY/THEFT,06,PARK,7,Friday
7957,LARCENY/THEFT,06,PARK,2,Monday
7958,LARCENY/THEFT,06,PARK,1,Saturday
7959,LARCENY/THEFT,06,PARK,6,Sunday
7960,LARCENY/THEFT,06,PARK,2,Thursday
7961,LARCENY/THEFT,06,PARK,6,Wednesday
7962,LARCENY/THEFT,06,RICHMOND,4,Friday
7963,LARCENY/THEFT,06,RICHMOND,6,Monday
7964,LARCENY/THEFT,06,RICHMOND,1,Saturday
7965,LARCENY/THEFT,06,RICHMOND,5,Thursday
7966,LARCENY/THEFT,06,RICHMOND,5,Tuesday
7967,LARCENY/THEFT,06,RICHMOND,5,Wednesday
7968,LARCENY/THEFT,06,SOUTHERN,7,Friday
7969,LARCENY/THEFT,06,SOUTHERN,14,Monday
7970,LARCENY/THEFT,06,SOUTHERN,11,Saturday
7971,LARCENY/THEFT,06,SOUTHERN,3,Sunday
7972,LARCENY/THEFT,06,SOUTHERN,16,Thursday
7973,LARCENY/THEFT,06,SOUTHERN,11,Tuesday
7974,LARCENY/THEFT,06,SOUTHERN,15,Wednesday
7975,LARCENY/THEFT,06,TARAVAL,4,Friday
7976,LARCENY/THEFT,06,TARAVAL,5,Monday
7977,LARCENY/THEFT,06,TARAVAL,2,Saturday
7978,LARCENY/THEFT,06,TARAVAL,4,Sunday
7979,LARCENY/THEFT,06,TARAVAL,3,Thursday
7980,LARCENY/THEFT,06,TARAVAL,3,Tuesday
7981,LARCENY/THEFT,06,TARAVAL,11,Wednesday
7982,LARCENY/THEFT,06,TENDERLOIN,3,Friday
7983,LARCENY/THEFT,06,TENDERLOIN,2,Monday
7984,LARCENY/THEFT,06,TENDERLOIN,3,Saturday
7985,LARCENY/THEFT,06,TENDERLOIN,3,Sunday
7986,LARCENY/THEFT,06,TENDERLOIN,2,Tuesday
7987,LARCENY/THEFT,06,TENDERLOIN,5,Wednesday
7988,LARCENY/THEFT,07,BAYVIEW,10,Friday
7989,LARCENY/THEFT,07,BAYVIEW,5,Monday
7990,LARCENY/THEFT,07,BAYVIEW,2,Saturday
7991,LARCENY/THEFT,07,BAYVIEW,7,Sunday
7992,LARCENY/THEFT,07,BAYVIEW,5,Thursday
7993,LARCENY/THEFT,07,BAYVIEW,8,Tuesday
7994,LARCENY/THEFT,07,BAYVIEW,5,Wednesday
7995,LARCENY/THEFT,07,CENTRAL,11,Friday
7996,LARCENY/THEFT,07,CENTRAL,13,Monday
7997,LARCENY/THEFT,07,CENTRAL,8,Saturday
7998,LARCENY/THEFT,07,CENTRAL,10,Sunday
7999,LARCENY/THEFT,07,CENTRAL,9,Thursday
8000,LARCENY/THEFT,07,CENTRAL,11,Tuesday
8001,LARCENY/THEFT,07,CENTRAL,15,Wednesday
8002,LARCENY/THEFT,07,INGLESIDE,3,Friday
8003,LARCENY/THEFT,07,INGLESIDE,4,Monday
8004,LARCENY/THEFT,07,INGLESIDE,6,Saturday
8005,LARCENY/THEFT,07,INGLESIDE,4,Sunday
8006,LARCENY/THEFT,07,INGLESIDE,5,Thursday
8007,LARCENY/THEFT,07,INGLESIDE,5,Tuesday
8008,LARCENY/THEFT,07,INGLESIDE,4,Wednesday
8009,LARCENY/THEFT,07,MISSION,10,Friday
8010,LARCENY/THEFT,07,MISSION,11,Monday
8011,LARCENY/THEFT,07,MISSION,8,Saturday
8012,LARCENY/THEFT,07,MISSION,2,Sunday
8013,LARCENY/THEFT,07,MISSION,7,Thursday
8014,LARCENY/THEFT,07,MISSION,12,Tuesday
8015,LARCENY/THEFT,07,MISSION,10,Wednesday
8016,LARCENY/THEFT,07,NORTHERN,20,Friday
8017,LARCENY/THEFT,07,NORTHERN,20,Monday
8018,LARCENY/THEFT,07,NORTHERN,12,Saturday
8019,LARCENY/THEFT,07,NORTHERN,13,Sunday
8020,LARCENY/THEFT,07,NORTHERN,16,Thursday
8021,LARCENY/THEFT,07,NORTHERN,13,Tuesday
8022,LARCENY/THEFT,07,NORTHERN,19,Wednesday
8023,LARCENY/THEFT,07,PARK,4,Friday
8024,LARCENY/THEFT,07,PARK,6,Monday
8025,LARCENY/THEFT,07,PARK,6,Saturday
8026,LARCENY/THEFT,07,PARK,5,Sunday
8027,LARCENY/THEFT,07,PARK,5,Thursday
8028,LARCENY/THEFT,07,PARK,11,Tuesday
8029,LARCENY/THEFT,07,PARK,7,Wednesday
8030,LARCENY/THEFT,07,RICHMOND,9,Friday
8031,LARCENY/THEFT,07,RICHMOND,6,Monday
8032,LARCENY/THEFT,07,RICHMOND,4,Saturday
8033,LARCENY/THEFT,07,RICHMOND,1,Sunday
8034,LARCENY/THEFT,07,RICHMOND,6,Thursday
8035,LARCENY/THEFT,07,RICHMOND,5,Tuesday
8036,LARCENY/THEFT,07,RICHMOND,8,Wednesday
8037,LARCENY/THEFT,07,SOUTHERN,26,Friday
8038,LARCENY/THEFT,07,SOUTHERN,22,Monday
8039,LARCENY/THEFT,07,SOUTHERN,13,Saturday
8040,LARCENY/THEFT,07,SOUTHERN,8,Sunday
8041,LARCENY/THEFT,07,SOUTHERN,22,Thursday
8042,LARCENY/THEFT,07,SOUTHERN,20,Tuesday
8043,LARCENY/THEFT,07,SOUTHERN,16,Wednesday
8044,LARCENY/THEFT,07,TARAVAL,10,Friday
8045,LARCENY/THEFT,07,TARAVAL,9,Monday
8046,LARCENY/THEFT,07,TARAVAL,3,Saturday
8047,LARCENY/THEFT,07,TARAVAL,11,Sunday
8048,LARCENY/THEFT,07,TARAVAL,12,Thursday
8049,LARCENY/THEFT,07,TARAVAL,10,Tuesday
8050,LARCENY/THEFT,07,TARAVAL,4,Wednesday
8051,LARCENY/THEFT,07,TENDERLOIN,1,Friday
8052,LARCENY/THEFT,07,TENDERLOIN,2,Monday
8053,LARCENY/THEFT,07,TENDERLOIN,5,Saturday
8054,LARCENY/THEFT,07,TENDERLOIN,4,Sunday
8055,LARCENY/THEFT,07,TENDERLOIN,6,Thursday
8056,LARCENY/THEFT,07,TENDERLOIN,6,Tuesday
8057,LARCENY/THEFT,07,TENDERLOIN,3,Wednesday
8058,LARCENY/THEFT,08,BAYVIEW,13,Friday
8059,LARCENY/THEFT,08,BAYVIEW,21,Monday
8060,LARCENY/THEFT,08,BAYVIEW,10,Saturday
8061,LARCENY/THEFT,08,BAYVIEW,5,Sunday
8062,LARCENY/THEFT,08,BAYVIEW,23,Thursday
8063,LARCENY/THEFT,08,BAYVIEW,12,Tuesday
8064,LARCENY/THEFT,08,BAYVIEW,17,Wednesday
8065,LARCENY/THEFT,08,CENTRAL,21,Friday
8066,LARCENY/THEFT,08,CENTRAL,19,Monday
8067,LARCENY/THEFT,08,CENTRAL,22,Saturday
8068,LARCENY/THEFT,08,CENTRAL,30,Sunday
8069,LARCENY/THEFT,08,CENTRAL,19,Thursday
8070,LARCENY/THEFT,08,CENTRAL,26,Tuesday
8071,LARCENY/THEFT,08,CENTRAL,24,Wednesday
8072,LARCENY/THEFT,08,INGLESIDE,8,Friday
8073,LARCENY/THEFT,08,INGLESIDE,14,Monday
8074,LARCENY/THEFT,08,INGLESIDE,6,Saturday
8075,LARCENY/THEFT,08,INGLESIDE,5,Sunday
8076,LARCENY/THEFT,08,INGLESIDE,12,Thursday
8077,LARCENY/THEFT,08,INGLESIDE,11,Tuesday
8078,LARCENY/THEFT,08,INGLESIDE,11,Wednesday
8079,LARCENY/THEFT,08,MISSION,15,Friday
8080,LARCENY/THEFT,08,MISSION,17,Monday
8081,LARCENY/THEFT,08,MISSION,9,Saturday
8082,LARCENY/THEFT,08,MISSION,9,Sunday
8083,LARCENY/THEFT,08,MISSION,20,Thursday
8084,LARCENY/THEFT,08,MISSION,12,Tuesday
8085,LARCENY/THEFT,08,MISSION,16,Wednesday
8086,LARCENY/THEFT,08,NORTHERN,30,Friday
8087,LARCENY/THEFT,08,NORTHERN,28,Monday
8088,LARCENY/THEFT,08,NORTHERN,21,Saturday
8089,LARCENY/THEFT,08,NORTHERN,21,Sunday
8090,LARCENY/THEFT,08,NORTHERN,28,Thursday
8091,LARCENY/THEFT,08,NORTHERN,42,Tuesday
8092,LARCENY/THEFT,08,NORTHERN,35,Wednesday
8093,LARCENY/THEFT,08,PARK,8,Friday
8094,LARCENY/THEFT,08,PARK,13,Monday
8095,LARCENY/THEFT,08,PARK,3,Saturday
8096,LARCENY/THEFT,08,PARK,2,Sunday
8097,LARCENY/THEFT,08,PARK,7,Thursday
8098,LARCENY/THEFT,08,PARK,13,Tuesday
8099,LARCENY/THEFT,08,PARK,13,Wednesday
8100,LARCENY/THEFT,08,RICHMOND,16,Friday
8101,LARCENY/THEFT,08,RICHMOND,13,Monday
8102,LARCENY/THEFT,08,RICHMOND,7,Saturday
8103,LARCENY/THEFT,08,RICHMOND,9,Sunday
8104,LARCENY/THEFT,08,RICHMOND,11,Thursday
8105,LARCENY/THEFT,08,RICHMOND,11,Tuesday
8106,LARCENY/THEFT,08,RICHMOND,10,Wednesday
8107,LARCENY/THEFT,08,SOUTHERN,30,Friday
8108,LARCENY/THEFT,08,SOUTHERN,29,Monday
8109,LARCENY/THEFT,08,SOUTHERN,28,Saturday
8110,LARCENY/THEFT,08,SOUTHERN,23,Sunday
8111,LARCENY/THEFT,08,SOUTHERN,22,Thursday
8112,LARCENY/THEFT,08,SOUTHERN,26,Tuesday
8113,LARCENY/THEFT,08,SOUTHERN,43,Wednesday
8114,LARCENY/THEFT,08,TARAVAL,10,Friday
8115,LARCENY/THEFT,08,TARAVAL,15,Monday
8116,LARCENY/THEFT,08,TARAVAL,10,Saturday
8117,LARCENY/THEFT,08,TARAVAL,6,Sunday
8118,LARCENY/THEFT,08,TARAVAL,10,Thursday
8119,LARCENY/THEFT,08,TARAVAL,14,Tuesday
8120,LARCENY/THEFT,08,TARAVAL,14,Wednesday
8121,LARCENY/THEFT,08,TENDERLOIN,9,Friday
8122,LARCENY/THEFT,08,TENDERLOIN,6,Monday
8123,LARCENY/THEFT,08,TENDERLOIN,4,Saturday
8124,LARCENY/THEFT,08,TENDERLOIN,8,Sunday
8125,LARCENY/THEFT,08,TENDERLOIN,5,Thursday
8126,LARCENY/THEFT,08,TENDERLOIN,5,Tuesday
8127,LARCENY/THEFT,08,TENDERLOIN,9,Wednesday
8128,LARCENY/THEFT,09,BAYVIEW,10,Friday
8129,LARCENY/THEFT,09,BAYVIEW,17,Monday
8130,LARCENY/THEFT,09,BAYVIEW,12,Saturday
8131,LARCENY/THEFT,09,BAYVIEW,9,Sunday
8132,LARCENY/THEFT,09,BAYVIEW,14,Thursday
8133,LARCENY/THEFT,09,BAYVIEW,13,Tuesday
8134,LARCENY/THEFT,09,BAYVIEW,8,Wednesday
8135,LARCENY/THEFT,09,CENTRAL,38,Friday
8136,LARCENY/THEFT,09,CENTRAL,27,Monday
8137,LARCENY/THEFT,09,CENTRAL,36,Saturday
8138,LARCENY/THEFT,09,CENTRAL,39,Sunday
8139,LARCENY/THEFT,09,CENTRAL,31,Thursday
8140,LARCENY/THEFT,09,CENTRAL,32,Tuesday
8141,LARCENY/THEFT,09,CENTRAL,34,Wednesday
8142,LARCENY/THEFT,09,INGLESIDE,14,Friday
8143,LARCENY/THEFT,09,INGLESIDE,8,Monday
8144,LARCENY/THEFT,09,INGLESIDE,7,Saturday
8145,LARCENY/THEFT,09,INGLESIDE,8,Sunday
8146,LARCENY/THEFT,09,INGLESIDE,7,Thursday
8147,LARCENY/THEFT,09,INGLESIDE,6,Tuesday
8148,LARCENY/THEFT,09,INGLESIDE,9,Wednesday
8149,LARCENY/THEFT,09,MISSION,14,Friday
8150,LARCENY/THEFT,09,MISSION,12,Monday
8151,LARCENY/THEFT,09,MISSION,12,Saturday
8152,LARCENY/THEFT,09,MISSION,11,Sunday
8153,LARCENY/THEFT,09,MISSION,18,Thursday
8154,LARCENY/THEFT,09,MISSION,14,Tuesday
8155,LARCENY/THEFT,09,MISSION,18,Wednesday
8156,LARCENY/THEFT,09,NORTHERN,37,Friday
8157,LARCENY/THEFT,09,NORTHERN,33,Monday
8158,LARCENY/THEFT,09,NORTHERN,32,Saturday
8159,LARCENY/THEFT,09,NORTHERN,33,Sunday
8160,LARCENY/THEFT,09,NORTHERN,41,Thursday
8161,LARCENY/THEFT,09,NORTHERN,23,Tuesday
8162,LARCENY/THEFT,09,NORTHERN,36,Wednesday
8163,LARCENY/THEFT,09,PARK,17,Friday
8164,LARCENY/THEFT,09,PARK,11,Monday
8165,LARCENY/THEFT,09,PARK,13,Saturday
8166,LARCENY/THEFT,09,PARK,11,Sunday
8167,LARCENY/THEFT,09,PARK,20,Thursday
8168,LARCENY/THEFT,09,PARK,11,Tuesday
8169,LARCENY/THEFT,09,PARK,15,Wednesday
8170,LARCENY/THEFT,09,RICHMOND,18,Friday
8171,LARCENY/THEFT,09,RICHMOND,10,Monday
8172,LARCENY/THEFT,09,RICHMOND,11,Saturday
8173,LARCENY/THEFT,09,RICHMOND,15,Sunday
8174,LARCENY/THEFT,09,RICHMOND,8,Thursday
8175,LARCENY/THEFT,09,RICHMOND,8,Tuesday
8176,LARCENY/THEFT,09,RICHMOND,16,Wednesday
8177,LARCENY/THEFT,09,SOUTHERN,40,Friday
8178,LARCENY/THEFT,09,SOUTHERN,47,Monday
8179,LARCENY/THEFT,09,SOUTHERN,38,Saturday
8180,LARCENY/THEFT,09,SOUTHERN,29,Sunday
8181,LARCENY/THEFT,09,SOUTHERN,42,Thursday
8182,LARCENY/THEFT,09,SOUTHERN,36,Tuesday
8183,LARCENY/THEFT,09,SOUTHERN,44,Wednesday
8184,LARCENY/THEFT,09,TARAVAL,5,Friday
8185,LARCENY/THEFT,09,TARAVAL,9,Monday
8186,LARCENY/THEFT,09,TARAVAL,10,Saturday
8187,LARCENY/THEFT,09,TARAVAL,10,Sunday
8188,LARCENY/THEFT,09,TARAVAL,14,Thursday
8189,LARCENY/THEFT,09,TARAVAL,15,Tuesday
8190,LARCENY/THEFT,09,TARAVAL,4,Wednesday
8191,LARCENY/THEFT,09,TENDERLOIN,9,Friday
8192,LARCENY/THEFT,09,TENDERLOIN,10,Monday
8193,LARCENY/THEFT,09,TENDERLOIN,10,Saturday
8194,LARCENY/THEFT,09,TENDERLOIN,8,Sunday
8195,LARCENY/THEFT,09,TENDERLOIN,9,Thursday
8196,LARCENY/THEFT,09,TENDERLOIN,11,Tuesday
8197,LARCENY/THEFT,09,TENDERLOIN,4,Wednesday
8198,LARCENY/THEFT,10,BAYVIEW,16,Friday
8199,LARCENY/THEFT,10,BAYVIEW,16,Monday
8200,LARCENY/THEFT,10,BAYVIEW,6,Saturday
8201,LARCENY/THEFT,10,BAYVIEW,13,Sunday
8202,LARCENY/THEFT,10,BAYVIEW,16,Thursday
8203,LARCENY/THEFT,10,BAYVIEW,17,Tuesday
8204,LARCENY/THEFT,10,BAYVIEW,20,Wednesday
8205,LARCENY/THEFT,10,CENTRAL,54,Friday
8206,LARCENY/THEFT,10,CENTRAL,44,Monday
8207,LARCENY/THEFT,10,CENTRAL,44,Saturday
8208,LARCENY/THEFT,10,CENTRAL,42,Sunday
8209,LARCENY/THEFT,10,CENTRAL,40,Thursday
8210,LARCENY/THEFT,10,CENTRAL,35,Tuesday
8211,LARCENY/THEFT,10,CENTRAL,40,Wednesday
8212,LARCENY/THEFT,10,INGLESIDE,10,Friday
8213,LARCENY/THEFT,10,INGLESIDE,8,Monday
8214,LARCENY/THEFT,10,INGLESIDE,3,Saturday
8215,LARCENY/THEFT,10,INGLESIDE,8,Sunday
8216,LARCENY/THEFT,10,INGLESIDE,7,Thursday
8217,LARCENY/THEFT,10,INGLESIDE,7,Tuesday
8218,LARCENY/THEFT,10,INGLESIDE,8,Wednesday
8219,LARCENY/THEFT,10,MISSION,15,Friday
8220,LARCENY/THEFT,10,MISSION,13,Monday
8221,LARCENY/THEFT,10,MISSION,17,Saturday
8222,LARCENY/THEFT,10,MISSION,21,Sunday
8223,LARCENY/THEFT,10,MISSION,25,Thursday
8224,LARCENY/THEFT,10,MISSION,18,Tuesday
8225,LARCENY/THEFT,10,MISSION,13,Wednesday
8226,LARCENY/THEFT,10,NORTHERN,58,Friday
8227,LARCENY/THEFT,10,NORTHERN,41,Monday
8228,LARCENY/THEFT,10,NORTHERN,44,Saturday
8229,LARCENY/THEFT,10,NORTHERN,36,Sunday
8230,LARCENY/THEFT,10,NORTHERN,53,Thursday
8231,LARCENY/THEFT,10,NORTHERN,46,Tuesday
8232,LARCENY/THEFT,10,NORTHERN,39,Wednesday
8233,LARCENY/THEFT,10,PARK,11,Friday
8234,LARCENY/THEFT,10,PARK,14,Monday
8235,LARCENY/THEFT,10,PARK,18,Saturday
8236,LARCENY/THEFT,10,PARK,18,Sunday
8237,LARCENY/THEFT,10,PARK,17,Thursday
8238,LARCENY/THEFT,10,PARK,17,Tuesday
8239,LARCENY/THEFT,10,PARK,17,Wednesday
8240,LARCENY/THEFT,10,RICHMOND,27,Friday
8241,LARCENY/THEFT,10,RICHMOND,27,Monday
8242,LARCENY/THEFT,10,RICHMOND,22,Saturday
8243,LARCENY/THEFT,10,RICHMOND,17,Sunday
8244,LARCENY/THEFT,10,RICHMOND,21,Thursday
8245,LARCENY/THEFT,10,RICHMOND,24,Tuesday
8246,LARCENY/THEFT,10,RICHMOND,36,Wednesday
8247,LARCENY/THEFT,10,SOUTHERN,65,Friday
8248,LARCENY/THEFT,10,SOUTHERN,57,Monday
8249,LARCENY/THEFT,10,SOUTHERN,60,Saturday
8250,LARCENY/THEFT,10,SOUTHERN,38,Sunday
8251,LARCENY/THEFT,10,SOUTHERN,47,Thursday
8252,LARCENY/THEFT,10,SOUTHERN,45,Tuesday
8253,LARCENY/THEFT,10,SOUTHERN,53,Wednesday
8254,LARCENY/THEFT,10,TARAVAL,17,Friday
8255,LARCENY/THEFT,10,TARAVAL,13,Monday
8256,LARCENY/THEFT,10,TARAVAL,10,Saturday
8257,LARCENY/THEFT,10,TARAVAL,17,Sunday
8258,LARCENY/THEFT,10,TARAVAL,6,Thursday
8259,LARCENY/THEFT,10,TARAVAL,19,Tuesday
8260,LARCENY/THEFT,10,TARAVAL,11,Wednesday
8261,LARCENY/THEFT,10,TENDERLOIN,16,Friday
8262,LARCENY/THEFT,10,TENDERLOIN,23,Monday
8263,LARCENY/THEFT,10,TENDERLOIN,15,Saturday
8264,LARCENY/THEFT,10,TENDERLOIN,12,Sunday
8265,LARCENY/THEFT,10,TENDERLOIN,16,Thursday
8266,LARCENY/THEFT,10,TENDERLOIN,7,Tuesday
8267,LARCENY/THEFT,10,TENDERLOIN,14,Wednesday
8268,LARCENY/THEFT,11,BAYVIEW,13,Friday
8269,LARCENY/THEFT,11,BAYVIEW,9,Monday
8270,LARCENY/THEFT,11,BAYVIEW,11,Saturday
8271,LARCENY/THEFT,11,BAYVIEW,12,Sunday
8272,LARCENY/THEFT,11,BAYVIEW,12,Thursday
8273,LARCENY/THEFT,11,BAYVIEW,14,Tuesday
8274,LARCENY/THEFT,11,BAYVIEW,13,Wednesday
8275,LARCENY/THEFT,11,CENTRAL,62,Friday
8276,LARCENY/THEFT,11,CENTRAL,38,Monday
8277,LARCENY/THEFT,11,CENTRAL,57,Saturday
8278,LARCENY/THEFT,11,CENTRAL,39,Sunday
8279,LARCENY/THEFT,11,CENTRAL,43,Thursday
8280,LARCENY/THEFT,11,CENTRAL,57,Tuesday
8281,LARCENY/THEFT,11,CENTRAL,37,Wednesday
8282,LARCENY/THEFT,11,INGLESIDE,13,Friday
8283,LARCENY/THEFT,11,INGLESIDE,16,Monday
8284,LARCENY/THEFT,11,INGLESIDE,5,Saturday
8285,LARCENY/THEFT,11,INGLESIDE,4,Sunday
8286,LARCENY/THEFT,11,INGLESIDE,9,Thursday
8287,LARCENY/THEFT,11,INGLESIDE,8,Tuesday
8288,LARCENY/THEFT,11,INGLESIDE,12,Wednesday
8289,LARCENY/THEFT,11,MISSION,18,Friday
8290,LARCENY/THEFT,11,MISSION,22,Monday
8291,LARCENY/THEFT,11,MISSION,20,Saturday
8292,LARCENY/THEFT,11,MISSION,14,Sunday
8293,LARCENY/THEFT,11,MISSION,15,Thursday
8294,LARCENY/THEFT,11,MISSION,18,Tuesday
8295,LARCENY/THEFT,11,MISSION,14,Wednesday
8296,LARCENY/THEFT,11,NORTHERN,47,Friday
8297,LARCENY/THEFT,11,NORTHERN,40,Monday
8298,LARCENY/THEFT,11,NORTHERN,71,Saturday
8299,LARCENY/THEFT,11,NORTHERN,43,Sunday
8300,LARCENY/THEFT,11,NORTHERN,55,Thursday
8301,LARCENY/THEFT,11,NORTHERN,50,Tuesday
8302,LARCENY/THEFT,11,NORTHERN,45,Wednesday
8303,LARCENY/THEFT,11,PARK,17,Friday
8304,LARCENY/THEFT,11,PARK,18,Monday
8305,LARCENY/THEFT,11,PARK,26,Saturday
8306,LARCENY/THEFT,11,PARK,22,Sunday
8307,LARCENY/THEFT,11,PARK,16,Thursday
8308,LARCENY/THEFT,11,PARK,18,Tuesday
8309,LARCENY/THEFT,11,PARK,13,Wednesday
8310,LARCENY/THEFT,11,RICHMOND,40,Friday
8311,LARCENY/THEFT,11,RICHMOND,29,Monday
8312,LARCENY/THEFT,11,RICHMOND,41,Saturday
8313,LARCENY/THEFT,11,RICHMOND,18,Sunday
8314,LARCENY/THEFT,11,RICHMOND,32,Thursday
8315,LARCENY/THEFT,11,RICHMOND,27,Tuesday
8316,LARCENY/THEFT,11,RICHMOND,31,Wednesday
8317,LARCENY/THEFT,11,SOUTHERN,72,Friday
8318,LARCENY/THEFT,11,SOUTHERN,68,Monday
8319,LARCENY/THEFT,11,SOUTHERN,78,Saturday
8320,LARCENY/THEFT,11,SOUTHERN,90,Sunday
8321,LARCENY/THEFT,11,SOUTHERN,70,Thursday
8322,LARCENY/THEFT,11,SOUTHERN,62,Tuesday
8323,LARCENY/THEFT,11,SOUTHERN,54,Wednesday
8324,LARCENY/THEFT,11,TARAVAL,18,Friday
8325,LARCENY/THEFT,11,TARAVAL,21,Monday
8326,LARCENY/THEFT,11,TARAVAL,15,Saturday
8327,LARCENY/THEFT,11,TARAVAL,16,Sunday
8328,LARCENY/THEFT,11,TARAVAL,12,Thursday
8329,LARCENY/THEFT,11,TARAVAL,19,Tuesday
8330,LARCENY/THEFT,11,TARAVAL,15,Wednesday
8331,LARCENY/THEFT,11,TENDERLOIN,14,Friday
8332,LARCENY/THEFT,11,TENDERLOIN,12,Monday
8333,LARCENY/THEFT,11,TENDERLOIN,14,Saturday
8334,LARCENY/THEFT,11,TENDERLOIN,14,Sunday
8335,LARCENY/THEFT,11,TENDERLOIN,10,Thursday
8336,LARCENY/THEFT,11,TENDERLOIN,23,Tuesday
8337,LARCENY/THEFT,11,TENDERLOIN,13,Wednesday
8338,LARCENY/THEFT,12,BAYVIEW,24,Friday
8339,LARCENY/THEFT,12,BAYVIEW,16,Monday
8340,LARCENY/THEFT,12,BAYVIEW,11,Saturday
8341,LARCENY/THEFT,12,BAYVIEW,22,Sunday
8342,LARCENY/THEFT,12,BAYVIEW,14,Thursday
8343,LARCENY/THEFT,12,BAYVIEW,18,Tuesday
8344,LARCENY/THEFT,12,BAYVIEW,17,Wednesday
8345,LARCENY/THEFT,12,CENTRAL,66,Friday
8346,LARCENY/THEFT,12,CENTRAL,56,Monday
8347,LARCENY/THEFT,12,CENTRAL,56,Saturday
8348,LARCENY/THEFT,12,CENTRAL,57,Sunday
8349,LARCENY/THEFT,12,CENTRAL,64,Thursday
8350,LARCENY/THEFT,12,CENTRAL,55,Tuesday
8351,LARCENY/THEFT,12,CENTRAL,46,Wednesday
8352,LARCENY/THEFT,12,INGLESIDE,14,Friday
8353,LARCENY/THEFT,12,INGLESIDE,10,Monday
8354,LARCENY/THEFT,12,INGLESIDE,16,Saturday
8355,LARCENY/THEFT,12,INGLESIDE,10,Sunday
8356,LARCENY/THEFT,12,INGLESIDE,10,Thursday
8357,LARCENY/THEFT,12,INGLESIDE,8,Tuesday
8358,LARCENY/THEFT,12,INGLESIDE,21,Wednesday
8359,LARCENY/THEFT,12,MISSION,22,Friday
8360,LARCENY/THEFT,12,MISSION,18,Monday
8361,LARCENY/THEFT,12,MISSION,26,Saturday
8362,LARCENY/THEFT,12,MISSION,30,Sunday
8363,LARCENY/THEFT,12,MISSION,16,Thursday
8364,LARCENY/THEFT,12,MISSION,28,Tuesday
8365,LARCENY/THEFT,12,MISSION,24,Wednesday
8366,LARCENY/THEFT,12,NORTHERN,60,Friday
8367,LARCENY/THEFT,12,NORTHERN,43,Monday
8368,LARCENY/THEFT,12,NORTHERN,51,Saturday
8369,LARCENY/THEFT,12,NORTHERN,56,Sunday
8370,LARCENY/THEFT,12,NORTHERN,51,Thursday
8371,LARCENY/THEFT,12,NORTHERN,49,Tuesday
8372,LARCENY/THEFT,12,NORTHERN,45,Wednesday
8373,LARCENY/THEFT,12,PARK,20,Friday
8374,LARCENY/THEFT,12,PARK,17,Monday
8375,LARCENY/THEFT,12,PARK,37,Saturday
8376,LARCENY/THEFT,12,PARK,15,Sunday
8377,LARCENY/THEFT,12,PARK,19,Thursday
8378,LARCENY/THEFT,12,PARK,17,Tuesday
8379,LARCENY/THEFT,12,PARK,23,Wednesday
8380,LARCENY/THEFT,12,RICHMOND,42,Friday
8381,LARCENY/THEFT,12,RICHMOND,31,Monday
8382,LARCENY/THEFT,12,RICHMOND,39,Saturday
8383,LARCENY/THEFT,12,RICHMOND,32,Sunday
8384,LARCENY/THEFT,12,RICHMOND,35,Thursday
8385,LARCENY/THEFT,12,RICHMOND,22,Tuesday
8386,LARCENY/THEFT,12,RICHMOND,30,Wednesday
8387,LARCENY/THEFT,12,SOUTHERN,81,Friday
8388,LARCENY/THEFT,12,SOUTHERN,70,Monday
8389,LARCENY/THEFT,12,SOUTHERN,53,Saturday
8390,LARCENY/THEFT,12,SOUTHERN,71,Sunday
8391,LARCENY/THEFT,12,SOUTHERN,88,Thursday
8392,LARCENY/THEFT,12,SOUTHERN,76,Tuesday
8393,LARCENY/THEFT,12,SOUTHERN,54,Wednesday
8394,LARCENY/THEFT,12,TARAVAL,15,Friday
8395,LARCENY/THEFT,12,TARAVAL,12,Monday
8396,LARCENY/THEFT,12,TARAVAL,35,Saturday
8397,LARCENY/THEFT,12,TARAVAL,26,Sunday
8398,LARCENY/THEFT,12,TARAVAL,14,Thursday
8399,LARCENY/THEFT,12,TARAVAL,19,Tuesday
8400,LARCENY/THEFT,12,TARAVAL,15,Wednesday
8401,LARCENY/THEFT,12,TENDERLOIN,14,Friday
8402,LARCENY/THEFT,12,TENDERLOIN,13,Monday
8403,LARCENY/THEFT,12,TENDERLOIN,13,Saturday
8404,LARCENY/THEFT,12,TENDERLOIN,24,Sunday
8405,LARCENY/THEFT,12,TENDERLOIN,14,Thursday
8406,LARCENY/THEFT,12,TENDERLOIN,17,Tuesday
8407,LARCENY/THEFT,12,TENDERLOIN,18,Wednesday
8408,LARCENY/THEFT,13,BAYVIEW,11,Friday
8409,LARCENY/THEFT,13,BAYVIEW,10,Monday
8410,LARCENY/THEFT,13,BAYVIEW,17,Saturday
8411,LARCENY/THEFT,13,BAYVIEW,18,Sunday
8412,LARCENY/THEFT,13,BAYVIEW,10,Thursday
8413,LARCENY/THEFT,13,BAYVIEW,18,Tuesday
8414,LARCENY/THEFT,13,BAYVIEW,16,Wednesday
8415,LARCENY/THEFT,13,CENTRAL,59,Friday
8416,LARCENY/THEFT,13,CENTRAL,73,Monday
8417,LARCENY/THEFT,13,CENTRAL,70,Saturday
8418,LARCENY/THEFT,13,CENTRAL,53,Sunday
8419,LARCENY/THEFT,13,CENTRAL,44,Thursday
8420,LARCENY/THEFT,13,CENTRAL,48,Tuesday
8421,LARCENY/THEFT,13,CENTRAL,54,Wednesday
8422,LARCENY/THEFT,13,INGLESIDE,19,Friday
8423,LARCENY/THEFT,13,INGLESIDE,6,Monday
8424,LARCENY/THEFT,13,INGLESIDE,5,Saturday
8425,LARCENY/THEFT,13,INGLESIDE,10,Sunday
8426,LARCENY/THEFT,13,INGLESIDE,8,Thursday
8427,LARCENY/THEFT,13,INGLESIDE,12,Tuesday
8428,LARCENY/THEFT,13,INGLESIDE,5,Wednesday
8429,LARCENY/THEFT,13,MISSION,17,Friday
8430,LARCENY/THEFT,13,MISSION,17,Monday
8431,LARCENY/THEFT,13,MISSION,20,Saturday
8432,LARCENY/THEFT,13,MISSION,17,Sunday
8433,LARCENY/THEFT,13,MISSION,16,Thursday
8434,LARCENY/THEFT,13,MISSION,18,Tuesday
8435,LARCENY/THEFT,13,MISSION,17,Wednesday
8436,LARCENY/THEFT,13,NORTHERN,57,Friday
8437,LARCENY/THEFT,13,NORTHERN,51,Monday
8438,LARCENY/THEFT,13,NORTHERN,48,Saturday
8439,LARCENY/THEFT,13,NORTHERN,44,Sunday
8440,LARCENY/THEFT,13,NORTHERN,40,Thursday
8441,LARCENY/THEFT,13,NORTHERN,49,Tuesday
8442,LARCENY/THEFT,13,NORTHERN,40,Wednesday
8443,LARCENY/THEFT,13,PARK,24,Friday
8444,LARCENY/THEFT,13,PARK,14,Monday
8445,LARCENY/THEFT,13,PARK,22,Saturday
8446,LARCENY/THEFT,13,PARK,28,Sunday
8447,LARCENY/THEFT,13,PARK,17,Thursday
8448,LARCENY/THEFT,13,PARK,18,Tuesday
8449,LARCENY/THEFT,13,PARK,12,Wednesday
8450,LARCENY/THEFT,13,RICHMOND,35,Friday
8451,LARCENY/THEFT,13,RICHMOND,33,Monday
8452,LARCENY/THEFT,13,RICHMOND,26,Saturday
8453,LARCENY/THEFT,13,RICHMOND,29,Sunday
8454,LARCENY/THEFT,13,RICHMOND,25,Thursday
8455,LARCENY/THEFT,13,RICHMOND,36,Tuesday
8456,LARCENY/THEFT,13,RICHMOND,26,Wednesday
8457,LARCENY/THEFT,13,SOUTHERN,73,Friday
8458,LARCENY/THEFT,13,SOUTHERN,77,Monday
8459,LARCENY/THEFT,13,SOUTHERN,102,Saturday
8460,LARCENY/THEFT,13,SOUTHERN,70,Sunday
8461,LARCENY/THEFT,13,SOUTHERN,71,Thursday
8462,LARCENY/THEFT,13,SOUTHERN,59,Tuesday
8463,LARCENY/THEFT,13,SOUTHERN,80,Wednesday
8464,LARCENY/THEFT,13,TARAVAL,21,Friday
8465,LARCENY/THEFT,13,TARAVAL,22,Monday
8466,LARCENY/THEFT,13,TARAVAL,11,Saturday
8467,LARCENY/THEFT,13,TARAVAL,19,Sunday
8468,LARCENY/THEFT,13,TARAVAL,16,Thursday
8469,LARCENY/THEFT,13,TARAVAL,18,Tuesday
8470,LARCENY/THEFT,13,TARAVAL,20,Wednesday
8471,LARCENY/THEFT,13,TENDERLOIN,20,Friday
8472,LARCENY/THEFT,13,TENDERLOIN,18,Monday
8473,LARCENY/THEFT,13,TENDERLOIN,11,Saturday
8474,LARCENY/THEFT,13,TENDERLOIN,22,Sunday
8475,LARCENY/THEFT,13,TENDERLOIN,13,Thursday
8476,LARCENY/THEFT,13,TENDERLOIN,22,Tuesday
8477,LARCENY/THEFT,13,TENDERLOIN,19,Wednesday
8478,LARCENY/THEFT,14,BAYVIEW,14,Friday
8479,LARCENY/THEFT,14,BAYVIEW,6,Monday
8480,LARCENY/THEFT,14,BAYVIEW,9,Saturday
8481,LARCENY/THEFT,14,BAYVIEW,11,Sunday
8482,LARCENY/THEFT,14,BAYVIEW,17,Thursday
8483,LARCENY/THEFT,14,BAYVIEW,14,Tuesday
8484,LARCENY/THEFT,14,BAYVIEW,8,Wednesday
8485,LARCENY/THEFT,14,CENTRAL,58,Friday
8486,LARCENY/THEFT,14,CENTRAL,58,Monday
8487,LARCENY/THEFT,14,CENTRAL,73,Saturday
8488,LARCENY/THEFT,14,CENTRAL,54,Sunday
8489,LARCENY/THEFT,14,CENTRAL,59,Thursday
8490,LARCENY/THEFT,14,CENTRAL,62,Tuesday
8491,LARCENY/THEFT,14,CENTRAL,58,Wednesday
8492,LARCENY/THEFT,14,INGLESIDE,22,Friday
8493,LARCENY/THEFT,14,INGLESIDE,11,Monday
8494,LARCENY/THEFT,14,INGLESIDE,15,Saturday
8495,LARCENY/THEFT,14,INGLESIDE,10,Sunday
8496,LARCENY/THEFT,14,INGLESIDE,10,Thursday
8497,LARCENY/THEFT,14,INGLESIDE,10,Tuesday
8498,LARCENY/THEFT,14,INGLESIDE,19,Wednesday
8499,LARCENY/THEFT,14,MISSION,29,Friday
8500,LARCENY/THEFT,14,MISSION,19,Monday
8501,LARCENY/THEFT,14,MISSION,14,Saturday
8502,LARCENY/THEFT,14,MISSION,20,Sunday
8503,LARCENY/THEFT,14,MISSION,21,Thursday
8504,LARCENY/THEFT,14,MISSION,12,Tuesday
8505,LARCENY/THEFT,14,MISSION,17,Wednesday
8506,LARCENY/THEFT,14,NORTHERN,60,Friday
8507,LARCENY/THEFT,14,NORTHERN,44,Monday
8508,LARCENY/THEFT,14,NORTHERN,68,Saturday
8509,LARCENY/THEFT,14,NORTHERN,46,Sunday
8510,LARCENY/THEFT,14,NORTHERN,40,Thursday
8511,LARCENY/THEFT,14,NORTHERN,42,Tuesday
8512,LARCENY/THEFT,14,NORTHERN,40,Wednesday
8513,LARCENY/THEFT,14,PARK,16,Friday
8514,LARCENY/THEFT,14,PARK,25,Monday
8515,LARCENY/THEFT,14,PARK,24,Saturday
8516,LARCENY/THEFT,14,PARK,10,Sunday
8517,LARCENY/THEFT,14,PARK,12,Thursday
8518,LARCENY/THEFT,14,PARK,17,Tuesday
8519,LARCENY/THEFT,14,PARK,17,Wednesday
8520,LARCENY/THEFT,14,RICHMOND,34,Friday
8521,LARCENY/THEFT,14,RICHMOND,38,Monday
8522,LARCENY/THEFT,14,RICHMOND,31,Saturday
8523,LARCENY/THEFT,14,RICHMOND,29,Sunday
8524,LARCENY/THEFT,14,RICHMOND,27,Thursday
8525,LARCENY/THEFT,14,RICHMOND,36,Tuesday
8526,LARCENY/THEFT,14,RICHMOND,33,Wednesday
8527,LARCENY/THEFT,14,SOUTHERN,49,Friday
8528,LARCENY/THEFT,14,SOUTHERN,58,Monday
8529,LARCENY/THEFT,14,SOUTHERN,84,Saturday
8530,LARCENY/THEFT,14,SOUTHERN,80,Sunday
8531,LARCENY/THEFT,14,SOUTHERN,73,Thursday
8532,LARCENY/THEFT,14,SOUTHERN,83,Tuesday
8533,LARCENY/THEFT,14,SOUTHERN,63,Wednesday
8534,LARCENY/THEFT,14,TARAVAL,24,Friday
8535,LARCENY/THEFT,14,TARAVAL,23,Monday
8536,LARCENY/THEFT,14,TARAVAL,30,Saturday
8537,LARCENY/THEFT,14,TARAVAL,24,Sunday
8538,LARCENY/THEFT,14,TARAVAL,24,Thursday
8539,LARCENY/THEFT,14,TARAVAL,15,Tuesday
8540,LARCENY/THEFT,14,TARAVAL,19,Wednesday
8541,LARCENY/THEFT,14,TENDERLOIN,15,Friday
8542,LARCENY/THEFT,14,TENDERLOIN,14,Monday
8543,LARCENY/THEFT,14,TENDERLOIN,21,Saturday
8544,LARCENY/THEFT,14,TENDERLOIN,15,Sunday
8545,LARCENY/THEFT,14,TENDERLOIN,14,Thursday
8546,LARCENY/THEFT,14,TENDERLOIN,16,Tuesday
8547,LARCENY/THEFT,14,TENDERLOIN,17,Wednesday
8548,LARCENY/THEFT,15,BAYVIEW,19,Friday
8549,LARCENY/THEFT,15,BAYVIEW,14,Monday
8550,LARCENY/THEFT,15,BAYVIEW,10,Saturday
8551,LARCENY/THEFT,15,BAYVIEW,15,Sunday
8552,LARCENY/THEFT,15,BAYVIEW,16,Thursday
8553,LARCENY/THEFT,15,BAYVIEW,13,Tuesday
8554,LARCENY/THEFT,15,BAYVIEW,13,Wednesday
8555,LARCENY/THEFT,15,CENTRAL,65,Friday
8556,LARCENY/THEFT,15,CENTRAL,51,Monday
8557,LARCENY/THEFT,15,CENTRAL,65,Saturday
8558,LARCENY/THEFT,15,CENTRAL,51,Sunday
8559,LARCENY/THEFT,15,CENTRAL,59,Thursday
8560,LARCENY/THEFT,15,CENTRAL,55,Tuesday
8561,LARCENY/THEFT,15,CENTRAL,47,Wednesday
8562,LARCENY/THEFT,15,INGLESIDE,5,Friday
8563,LARCENY/THEFT,15,INGLESIDE,16,Monday
8564,LARCENY/THEFT,15,INGLESIDE,14,Saturday
8565,LARCENY/THEFT,15,INGLESIDE,9,Sunday
8566,LARCENY/THEFT,15,INGLESIDE,7,Thursday
8567,LARCENY/THEFT,15,INGLESIDE,9,Tuesday
8568,LARCENY/THEFT,15,INGLESIDE,14,Wednesday
8569,LARCENY/THEFT,15,MISSION,23,Friday
8570,LARCENY/THEFT,15,MISSION,14,Monday
8571,LARCENY/THEFT,15,MISSION,34,Saturday
8572,LARCENY/THEFT,15,MISSION,29,Sunday
8573,LARCENY/THEFT,15,MISSION,22,Thursday
8574,LARCENY/THEFT,15,MISSION,28,Tuesday
8575,LARCENY/THEFT,15,MISSION,18,Wednesday
8576,LARCENY/THEFT,15,NORTHERN,44,Friday
8577,LARCENY/THEFT,15,NORTHERN,64,Monday
8578,LARCENY/THEFT,15,NORTHERN,59,Saturday
8579,LARCENY/THEFT,15,NORTHERN,53,Sunday
8580,LARCENY/THEFT,15,NORTHERN,55,Thursday
8581,LARCENY/THEFT,15,NORTHERN,40,Tuesday
8582,LARCENY/THEFT,15,NORTHERN,52,Wednesday
8583,LARCENY/THEFT,15,PARK,16,Friday
8584,LARCENY/THEFT,15,PARK,20,Monday
8585,LARCENY/THEFT,15,PARK,27,Saturday
8586,LARCENY/THEFT,15,PARK,20,Sunday
8587,LARCENY/THEFT,15,PARK,12,Thursday
8588,LARCENY/THEFT,15,PARK,13,Tuesday
8589,LARCENY/THEFT,15,PARK,29,Wednesday
8590,LARCENY/THEFT,15,RICHMOND,30,Friday
8591,LARCENY/THEFT,15,RICHMOND,34,Monday
8592,LARCENY/THEFT,15,RICHMOND,26,Saturday
8593,LARCENY/THEFT,15,RICHMOND,27,Sunday
8594,LARCENY/THEFT,15,RICHMOND,29,Thursday
8595,LARCENY/THEFT,15,RICHMOND,21,Tuesday
8596,LARCENY/THEFT,15,RICHMOND,35,Wednesday
8597,LARCENY/THEFT,15,SOUTHERN,87,Friday
8598,LARCENY/THEFT,15,SOUTHERN,70,Monday
8599,LARCENY/THEFT,15,SOUTHERN,84,Saturday
8600,LARCENY/THEFT,15,SOUTHERN,74,Sunday
8601,LARCENY/THEFT,15,SOUTHERN,55,Thursday
8602,LARCENY/THEFT,15,SOUTHERN,44,Tuesday
8603,LARCENY/THEFT,15,SOUTHERN,69,Wednesday
8604,LARCENY/THEFT,15,TARAVAL,25,Friday
8605,LARCENY/THEFT,15,TARAVAL,16,Monday
8606,LARCENY/THEFT,15,TARAVAL,17,Saturday
8607,LARCENY/THEFT,15,TARAVAL,13,Sunday
8608,LARCENY/THEFT,15,TARAVAL,27,Thursday
8609,LARCENY/THEFT,15,TARAVAL,26,Tuesday
8610,LARCENY/THEFT,15,TARAVAL,22,Wednesday
8611,LARCENY/THEFT,15,TENDERLOIN,14,Friday
8612,LARCENY/THEFT,15,TENDERLOIN,24,Monday
8613,LARCENY/THEFT,15,TENDERLOIN,15,Saturday
8614,LARCENY/THEFT,15,TENDERLOIN,23,Sunday
8615,LARCENY/THEFT,15,TENDERLOIN,12,Thursday
8616,LARCENY/THEFT,15,TENDERLOIN,15,Tuesday
8617,LARCENY/THEFT,15,TENDERLOIN,14,Wednesday
8618,LARCENY/THEFT,16,BAYVIEW,14,Friday
8619,LARCENY/THEFT,16,BAYVIEW,22,Monday
8620,LARCENY/THEFT,16,BAYVIEW,15,Saturday
8621,LARCENY/THEFT,16,BAYVIEW,15,Sunday
8622,LARCENY/THEFT,16,BAYVIEW,23,Thursday
8623,LARCENY/THEFT,16,BAYVIEW,21,Tuesday
8624,LARCENY/THEFT,16,BAYVIEW,13,Wednesday
8625,LARCENY/THEFT,16,CENTRAL,75,Friday
8626,LARCENY/THEFT,16,CENTRAL,58,Monday
8627,LARCENY/THEFT,16,CENTRAL,78,Saturday
8628,LARCENY/THEFT,16,CENTRAL,66,Sunday
8629,LARCENY/THEFT,16,CENTRAL,52,Thursday
8630,LARCENY/THEFT,16,CENTRAL,50,Tuesday
8631,LARCENY/THEFT,16,CENTRAL,50,Wednesday
8632,LARCENY/THEFT,16,INGLESIDE,16,Friday
8633,LARCENY/THEFT,16,INGLESIDE,10,Monday
8634,LARCENY/THEFT,16,INGLESIDE,14,Saturday
8635,LARCENY/THEFT,16,INGLESIDE,9,Sunday
8636,LARCENY/THEFT,16,INGLESIDE,12,Thursday
8637,LARCENY/THEFT,16,INGLESIDE,17,Tuesday
8638,LARCENY/THEFT,16,INGLESIDE,14,Wednesday
8639,LARCENY/THEFT,16,MISSION,17,Friday
8640,LARCENY/THEFT,16,MISSION,22,Monday
8641,LARCENY/THEFT,16,MISSION,23,Saturday
8642,LARCENY/THEFT,16,MISSION,29,Sunday
8643,LARCENY/THEFT,16,MISSION,17,Thursday
8644,LARCENY/THEFT,16,MISSION,25,Tuesday
8645,LARCENY/THEFT,16,MISSION,18,Wednesday
8646,LARCENY/THEFT,16,NORTHERN,64,Friday
8647,LARCENY/THEFT,16,NORTHERN,59,Monday
8648,LARCENY/THEFT,16,NORTHERN,75,Saturday
8649,LARCENY/THEFT,16,NORTHERN,66,Sunday
8650,LARCENY/THEFT,16,NORTHERN,45,Thursday
8651,LARCENY/THEFT,16,NORTHERN,51,Tuesday
8652,LARCENY/THEFT,16,NORTHERN,46,Wednesday
8653,LARCENY/THEFT,16,PARK,27,Friday
8654,LARCENY/THEFT,16,PARK,30,Monday
8655,LARCENY/THEFT,16,PARK,24,Saturday
8656,LARCENY/THEFT,16,PARK,20,Sunday
8657,LARCENY/THEFT,16,PARK,19,Thursday
8658,LARCENY/THEFT,16,PARK,24,Tuesday
8659,LARCENY/THEFT,16,PARK,18,Wednesday
8660,LARCENY/THEFT,16,RICHMOND,26,Friday
8661,LARCENY/THEFT,16,RICHMOND,25,Monday
8662,LARCENY/THEFT,16,RICHMOND,20,Saturday
8663,LARCENY/THEFT,16,RICHMOND,29,Sunday
8664,LARCENY/THEFT,16,RICHMOND,31,Thursday
8665,LARCENY/THEFT,16,RICHMOND,15,Tuesday
8666,LARCENY/THEFT,16,RICHMOND,38,Wednesday
8667,LARCENY/THEFT,16,SOUTHERN,91,Friday
8668,LARCENY/THEFT,16,SOUTHERN,61,Monday
8669,LARCENY/THEFT,16,SOUTHERN,89,Saturday
8670,LARCENY/THEFT,16,SOUTHERN,79,Sunday
8671,LARCENY/THEFT,16,SOUTHERN,82,Thursday
8672,LARCENY/THEFT,16,SOUTHERN,69,Tuesday
8673,LARCENY/THEFT,16,SOUTHERN,74,Wednesday
8674,LARCENY/THEFT,16,TARAVAL,29,Friday
8675,LARCENY/THEFT,16,TARAVAL,32,Monday
8676,LARCENY/THEFT,16,TARAVAL,15,Saturday
8677,LARCENY/THEFT,16,TARAVAL,14,Sunday
8678,LARCENY/THEFT,16,TARAVAL,21,Thursday
8679,LARCENY/THEFT,16,TARAVAL,17,Tuesday
8680,LARCENY/THEFT,16,TARAVAL,24,Wednesday
8681,LARCENY/THEFT,16,TENDERLOIN,21,Friday
8682,LARCENY/THEFT,16,TENDERLOIN,16,Monday
8683,LARCENY/THEFT,16,TENDERLOIN,25,Saturday
8684,LARCENY/THEFT,16,TENDERLOIN,17,Sunday
8685,LARCENY/THEFT,16,TENDERLOIN,10,Thursday
8686,LARCENY/THEFT,16,TENDERLOIN,16,Tuesday
8687,LARCENY/THEFT,16,TENDERLOIN,20,Wednesday
8688,LARCENY/THEFT,17,BAYVIEW,16,Friday
8689,LARCENY/THEFT,17,BAYVIEW,21,Monday
8690,LARCENY/THEFT,17,BAYVIEW,16,Saturday
8691,LARCENY/THEFT,17,BAYVIEW,17,Sunday
8692,LARCENY/THEFT,17,BAYVIEW,25,Thursday
8693,LARCENY/THEFT,17,BAYVIEW,15,Tuesday
8694,LARCENY/THEFT,17,BAYVIEW,21,Wednesday
8695,LARCENY/THEFT,17,CENTRAL,91,Friday
8696,LARCENY/THEFT,17,CENTRAL,75,Monday
8697,LARCENY/THEFT,17,CENTRAL,88,Saturday
8698,LARCENY/THEFT,17,CENTRAL,64,Sunday
8699,LARCENY/THEFT,17,CENTRAL,71,Thursday
8700,LARCENY/THEFT,17,CENTRAL,58,Tuesday
8701,LARCENY/THEFT,17,CENTRAL,74,Wednesday
8702,LARCENY/THEFT,17,INGLESIDE,14,Friday
8703,LARCENY/THEFT,17,INGLESIDE,16,Monday
8704,LARCENY/THEFT,17,INGLESIDE,13,Saturday
8705,LARCENY/THEFT,17,INGLESIDE,7,Sunday
8706,LARCENY/THEFT,17,INGLESIDE,18,Thursday
8707,LARCENY/THEFT,17,INGLESIDE,10,Tuesday
8708,LARCENY/THEFT,17,INGLESIDE,21,Wednesday
8709,LARCENY/THEFT,17,MISSION,29,Friday
8710,LARCENY/THEFT,17,MISSION,40,Monday
8711,LARCENY/THEFT,17,MISSION,23,Saturday
8712,LARCENY/THEFT,17,MISSION,22,Sunday
8713,LARCENY/THEFT,17,MISSION,35,Thursday
8714,LARCENY/THEFT,17,MISSION,31,Tuesday
8715,LARCENY/THEFT,17,MISSION,32,Wednesday
8716,LARCENY/THEFT,17,NORTHERN,80,Friday
8717,LARCENY/THEFT,17,NORTHERN,70,Monday
8718,LARCENY/THEFT,17,NORTHERN,65,Saturday
8719,LARCENY/THEFT,17,NORTHERN,71,Sunday
8720,LARCENY/THEFT,17,NORTHERN,59,Thursday
8721,LARCENY/THEFT,17,NORTHERN,60,Tuesday
8722,LARCENY/THEFT,17,NORTHERN,80,Wednesday
8723,LARCENY/THEFT,17,PARK,19,Friday
8724,LARCENY/THEFT,17,PARK,27,Monday
8725,LARCENY/THEFT,17,PARK,18,Saturday
8726,LARCENY/THEFT,17,PARK,18,Sunday
8727,LARCENY/THEFT,17,PARK,15,Thursday
8728,LARCENY/THEFT,17,PARK,21,Tuesday
8729,LARCENY/THEFT,17,PARK,21,Wednesday
8730,LARCENY/THEFT,17,RICHMOND,37,Friday
8731,LARCENY/THEFT,17,RICHMOND,39,Monday
8732,LARCENY/THEFT,17,RICHMOND,32,Saturday
8733,LARCENY/THEFT,17,RICHMOND,32,Sunday
8734,LARCENY/THEFT,17,RICHMOND,25,Thursday
8735,LARCENY/THEFT,17,RICHMOND,33,Tuesday
8736,LARCENY/THEFT,17,RICHMOND,26,Wednesday
8737,LARCENY/THEFT,17,SOUTHERN,107,Friday
8738,LARCENY/THEFT,17,SOUTHERN,96,Monday
8739,LARCENY/THEFT,17,SOUTHERN,96,Saturday
8740,LARCENY/THEFT,17,SOUTHERN,94,Sunday
8741,LARCENY/THEFT,17,SOUTHERN,108,Thursday
8742,LARCENY/THEFT,17,SOUTHERN,78,Tuesday
8743,LARCENY/THEFT,17,SOUTHERN,87,Wednesday
8744,LARCENY/THEFT,17,TARAVAL,28,Friday
8745,LARCENY/THEFT,17,TARAVAL,29,Monday
8746,LARCENY/THEFT,17,TARAVAL,16,Saturday
8747,LARCENY/THEFT,17,TARAVAL,19,Sunday
8748,LARCENY/THEFT,17,TARAVAL,19,Thursday
8749,LARCENY/THEFT,17,TARAVAL,27,Tuesday
8750,LARCENY/THEFT,17,TARAVAL,22,Wednesday
8751,LARCENY/THEFT,17,TENDERLOIN,27,Friday
8752,LARCENY/THEFT,17,TENDERLOIN,15,Monday
8753,LARCENY/THEFT,17,TENDERLOIN,13,Saturday
8754,LARCENY/THEFT,17,TENDERLOIN,24,Sunday
8755,LARCENY/THEFT,17,TENDERLOIN,23,Thursday
8756,LARCENY/THEFT,17,TENDERLOIN,15,Tuesday
8757,LARCENY/THEFT,17,TENDERLOIN,25,Wednesday
8758,LARCENY/THEFT,18,BAYVIEW,30,Friday
8759,LARCENY/THEFT,18,BAYVIEW,31,Monday
8760,LARCENY/THEFT,18,BAYVIEW,14,Saturday
8761,LARCENY/THEFT,18,BAYVIEW,24,Sunday
8762,LARCENY/THEFT,18,BAYVIEW,31,Thursday
8763,LARCENY/THEFT,18,BAYVIEW,30,Tuesday
8764,LARCENY/THEFT,18,BAYVIEW,43,Wednesday
8765,LARCENY/THEFT,18,CENTRAL,89,Friday
8766,LARCENY/THEFT,18,CENTRAL,89,Monday
8767,LARCENY/THEFT,18,CENTRAL,81,Saturday
8768,LARCENY/THEFT,18,CENTRAL,73,Sunday
8769,LARCENY/THEFT,18,CENTRAL,69,Thursday
8770,LARCENY/THEFT,18,CENTRAL,94,Tuesday
8771,LARCENY/THEFT,18,CENTRAL,83,Wednesday
8772,LARCENY/THEFT,18,INGLESIDE,13,Friday
8773,LARCENY/THEFT,18,INGLESIDE,19,Monday
8774,LARCENY/THEFT,18,INGLESIDE,17,Saturday
8775,LARCENY/THEFT,18,INGLESIDE,13,Sunday
8776,LARCENY/THEFT,18,INGLESIDE,25,Thursday
8777,LARCENY/THEFT,18,INGLESIDE,27,Tuesday
8778,LARCENY/THEFT,18,INGLESIDE,17,Wednesday
8779,LARCENY/THEFT,18,MISSION,34,Friday
8780,LARCENY/THEFT,18,MISSION,33,Monday
8781,LARCENY/THEFT,18,MISSION,18,Saturday
8782,LARCENY/THEFT,18,MISSION,27,Sunday
8783,LARCENY/THEFT,18,MISSION,33,Thursday
8784,LARCENY/THEFT,18,MISSION,36,Tuesday
8785,LARCENY/THEFT,18,MISSION,41,Wednesday
8786,LARCENY/THEFT,18,NORTHERN,101,Friday
8787,LARCENY/THEFT,18,NORTHERN,91,Monday
8788,LARCENY/THEFT,18,NORTHERN,91,Saturday
8789,LARCENY/THEFT,18,NORTHERN,72,Sunday
8790,LARCENY/THEFT,18,NORTHERN,77,Thursday
8791,LARCENY/THEFT,18,NORTHERN,93,Tuesday
8792,LARCENY/THEFT,18,NORTHERN,89,Wednesday
8793,LARCENY/THEFT,18,PARK,31,Friday
8794,LARCENY/THEFT,18,PARK,16,Monday
8795,LARCENY/THEFT,18,PARK,27,Saturday
8796,LARCENY/THEFT,18,PARK,11,Sunday
8797,LARCENY/THEFT,18,PARK,20,Thursday
8798,LARCENY/THEFT,18,PARK,20,Tuesday
8799,LARCENY/THEFT,18,PARK,18,Wednesday
8800,LARCENY/THEFT,18,RICHMOND,47,Friday
8801,LARCENY/THEFT,18,RICHMOND,25,Monday
8802,LARCENY/THEFT,18,RICHMOND,28,Saturday
8803,LARCENY/THEFT,18,RICHMOND,28,Sunday
8804,LARCENY/THEFT,18,RICHMOND,51,Thursday
8805,LARCENY/THEFT,18,RICHMOND,38,Tuesday
8806,LARCENY/THEFT,18,RICHMOND,44,Wednesday
8807,LARCENY/THEFT,18,SOUTHERN,94,Friday
8808,LARCENY/THEFT,18,SOUTHERN,113,Monday
8809,LARCENY/THEFT,18,SOUTHERN,106,Saturday
8810,LARCENY/THEFT,18,SOUTHERN,87,Sunday
8811,LARCENY/THEFT,18,SOUTHERN,114,Thursday
8812,LARCENY/THEFT,18,SOUTHERN,103,Tuesday
8813,LARCENY/THEFT,18,SOUTHERN,126,Wednesday
8814,LARCENY/THEFT,18,TARAVAL,36,Friday
8815,LARCENY/THEFT,18,TARAVAL,34,Monday
8816,LARCENY/THEFT,18,TARAVAL,20,Saturday
8817,LARCENY/THEFT,18,TARAVAL,29,Sunday
8818,LARCENY/THEFT,18,TARAVAL,18,Thursday
8819,LARCENY/THEFT,18,TARAVAL,32,Tuesday
8820,LARCENY/THEFT,18,TARAVAL,34,Wednesday
8821,LARCENY/THEFT,18,TENDERLOIN,21,Friday
8822,LARCENY/THEFT,18,TENDERLOIN,21,Monday
8823,LARCENY/THEFT,18,TENDERLOIN,28,Saturday
8824,LARCENY/THEFT,18,TENDERLOIN,19,Sunday
8825,LARCENY/THEFT,18,TENDERLOIN,23,Thursday
8826,LARCENY/THEFT,18,TENDERLOIN,22,Tuesday
8827,LARCENY/THEFT,18,TENDERLOIN,20,Wednesday
8828,LARCENY/THEFT,19,BAYVIEW,30,Friday
8829,LARCENY/THEFT,19,BAYVIEW,29,Monday
8830,LARCENY/THEFT,19,BAYVIEW,18,Saturday
8831,LARCENY/THEFT,19,BAYVIEW,22,Sunday
8832,LARCENY/THEFT,19,BAYVIEW,37,Thursday
8833,LARCENY/THEFT,19,BAYVIEW,42,Tuesday
8834,LARCENY/THEFT,19,BAYVIEW,30,Wednesday
8835,LARCENY/THEFT,19,CENTRAL,91,Friday
8836,LARCENY/THEFT,19,CENTRAL,80,Monday
8837,LARCENY/THEFT,19,CENTRAL,88,Saturday
8838,LARCENY/THEFT,19,CENTRAL,72,Sunday
8839,LARCENY/THEFT,19,CENTRAL,76,Thursday
8840,LARCENY/THEFT,19,CENTRAL,68,Tuesday
8841,LARCENY/THEFT,19,CENTRAL,66,Wednesday
8842,LARCENY/THEFT,19,INGLESIDE,22,Friday
8843,LARCENY/THEFT,19,INGLESIDE,20,Monday
8844,LARCENY/THEFT,19,INGLESIDE,9,Saturday
8845,LARCENY/THEFT,19,INGLESIDE,13,Sunday
8846,LARCENY/THEFT,19,INGLESIDE,14,Thursday
8847,LARCENY/THEFT,19,INGLESIDE,32,Tuesday
8848,LARCENY/THEFT,19,INGLESIDE,20,Wednesday
8849,LARCENY/THEFT,19,MISSION,33,Friday
8850,LARCENY/THEFT,19,MISSION,37,Monday
8851,LARCENY/THEFT,19,MISSION,33,Saturday
8852,LARCENY/THEFT,19,MISSION,23,Sunday
8853,LARCENY/THEFT,19,MISSION,37,Thursday
8854,LARCENY/THEFT,19,MISSION,29,Tuesday
8855,LARCENY/THEFT,19,MISSION,47,Wednesday
8856,LARCENY/THEFT,19,NORTHERN,93,Friday
8857,LARCENY/THEFT,19,NORTHERN,89,Monday
8858,LARCENY/THEFT,19,NORTHERN,83,Saturday
8859,LARCENY/THEFT,19,NORTHERN,66,Sunday
8860,LARCENY/THEFT,19,NORTHERN,107,Thursday
8861,LARCENY/THEFT,19,NORTHERN,103,Tuesday
8862,LARCENY/THEFT,19,NORTHERN,78,Wednesday
8863,LARCENY/THEFT,19,PARK,29,Friday
8864,LARCENY/THEFT,19,PARK,20,Monday
8865,LARCENY/THEFT,19,PARK,17,Saturday
8866,LARCENY/THEFT,19,PARK,21,Sunday
8867,LARCENY/THEFT,19,PARK,26,Thursday
8868,LARCENY/THEFT,19,PARK,20,Tuesday
8869,LARCENY/THEFT,19,PARK,19,Wednesday
8870,LARCENY/THEFT,19,RICHMOND,49,Friday
8871,LARCENY/THEFT,19,RICHMOND,36,Monday
8872,LARCENY/THEFT,19,RICHMOND,40,Saturday
8873,LARCENY/THEFT,19,RICHMOND,29,Sunday
8874,LARCENY/THEFT,19,RICHMOND,45,Thursday
8875,LARCENY/THEFT,19,RICHMOND,39,Tuesday
8876,LARCENY/THEFT,19,RICHMOND,34,Wednesday
8877,LARCENY/THEFT,19,SOUTHERN,105,Friday
8878,LARCENY/THEFT,19,SOUTHERN,94,Monday
8879,LARCENY/THEFT,19,SOUTHERN,107,Saturday
8880,LARCENY/THEFT,19,SOUTHERN,89,Sunday
8881,LARCENY/THEFT,19,SOUTHERN,116,Thursday
8882,LARCENY/THEFT,19,SOUTHERN,127,Tuesday
8883,LARCENY/THEFT,19,SOUTHERN,115,Wednesday
8884,LARCENY/THEFT,19,TARAVAL,41,Friday
8885,LARCENY/THEFT,19,TARAVAL,31,Monday
8886,LARCENY/THEFT,19,TARAVAL,21,Saturday
8887,LARCENY/THEFT,19,TARAVAL,20,Sunday
8888,LARCENY/THEFT,19,TARAVAL,38,Thursday
8889,LARCENY/THEFT,19,TARAVAL,35,Tuesday
8890,LARCENY/THEFT,19,TARAVAL,32,Wednesday
8891,LARCENY/THEFT,19,TENDERLOIN,13,Friday
8892,LARCENY/THEFT,19,TENDERLOIN,12,Monday
8893,LARCENY/THEFT,19,TENDERLOIN,19,Saturday
8894,LARCENY/THEFT,19,TENDERLOIN,9,Sunday
8895,LARCENY/THEFT,19,TENDERLOIN,15,Thursday
8896,LARCENY/THEFT,19,TENDERLOIN,20,Tuesday
8897,LARCENY/THEFT,19,TENDERLOIN,25,Wednesday
8898,LARCENY/THEFT,20,BAYVIEW,19,Friday
8899,LARCENY/THEFT,20,BAYVIEW,30,Monday
8900,LARCENY/THEFT,20,BAYVIEW,29,Saturday
8901,LARCENY/THEFT,20,BAYVIEW,12,Sunday
8902,LARCENY/THEFT,20,BAYVIEW,36,Thursday
8903,LARCENY/THEFT,20,BAYVIEW,36,Tuesday
8904,LARCENY/THEFT,20,BAYVIEW,30,Wednesday
8905,LARCENY/THEFT,20,CENTRAL,77,Friday
8906,LARCENY/THEFT,20,CENTRAL,78,Monday
8907,LARCENY/THEFT,20,CENTRAL,82,Saturday
8908,LARCENY/THEFT,20,CENTRAL,69,Sunday
8909,LARCENY/THEFT,20,CENTRAL,64,Thursday
8910,LARCENY/THEFT,20,CENTRAL,77,Tuesday
8911,LARCENY/THEFT,20,CENTRAL,67,Wednesday
8912,LARCENY/THEFT,20,INGLESIDE,16,Friday
8913,LARCENY/THEFT,20,INGLESIDE,22,Monday
8914,LARCENY/THEFT,20,INGLESIDE,19,Saturday
8915,LARCENY/THEFT,20,INGLESIDE,22,Sunday
8916,LARCENY/THEFT,20,INGLESIDE,19,Thursday
8917,LARCENY/THEFT,20,INGLESIDE,23,Tuesday
8918,LARCENY/THEFT,20,INGLESIDE,18,Wednesday
8919,LARCENY/THEFT,20,MISSION,38,Friday
8920,LARCENY/THEFT,20,MISSION,33,Monday
8921,LARCENY/THEFT,20,MISSION,34,Saturday
8922,LARCENY/THEFT,20,MISSION,31,Sunday
8923,LARCENY/THEFT,20,MISSION,33,Thursday
8924,LARCENY/THEFT,20,MISSION,37,Tuesday
8925,LARCENY/THEFT,20,MISSION,32,Wednesday
8926,LARCENY/THEFT,20,NORTHERN,83,Friday
8927,LARCENY/THEFT,20,NORTHERN,71,Monday
8928,LARCENY/THEFT,20,NORTHERN,91,Saturday
8929,LARCENY/THEFT,20,NORTHERN,57,Sunday
8930,LARCENY/THEFT,20,NORTHERN,70,Thursday
8931,LARCENY/THEFT,20,NORTHERN,92,Tuesday
8932,LARCENY/THEFT,20,NORTHERN,80,Wednesday
8933,LARCENY/THEFT,20,PARK,27,Friday
8934,LARCENY/THEFT,20,PARK,18,Monday
8935,LARCENY/THEFT,20,PARK,19,Saturday
8936,LARCENY/THEFT,20,PARK,17,Sunday
8937,LARCENY/THEFT,20,PARK,23,Thursday
8938,LARCENY/THEFT,20,PARK,19,Tuesday
8939,LARCENY/THEFT,20,PARK,15,Wednesday
8940,LARCENY/THEFT,20,RICHMOND,39,Friday
8941,LARCENY/THEFT,20,RICHMOND,33,Monday
8942,LARCENY/THEFT,20,RICHMOND,16,Saturday
8943,LARCENY/THEFT,20,RICHMOND,22,Sunday
8944,LARCENY/THEFT,20,RICHMOND,31,Thursday
8945,LARCENY/THEFT,20,RICHMOND,34,Tuesday
8946,LARCENY/THEFT,20,RICHMOND,34,Wednesday
8947,LARCENY/THEFT,20,SOUTHERN,118,Friday
8948,LARCENY/THEFT,20,SOUTHERN,80,Monday
8949,LARCENY/THEFT,20,SOUTHERN,84,Saturday
8950,LARCENY/THEFT,20,SOUTHERN,65,Sunday
8951,LARCENY/THEFT,20,SOUTHERN,85,Thursday
8952,LARCENY/THEFT,20,SOUTHERN,83,Tuesday
8953,LARCENY/THEFT,20,SOUTHERN,71,Wednesday
8954,LARCENY/THEFT,20,TARAVAL,22,Friday
8955,LARCENY/THEFT,20,TARAVAL,20,Monday
8956,LARCENY/THEFT,20,TARAVAL,26,Saturday
8957,LARCENY/THEFT,20,TARAVAL,21,Sunday
8958,LARCENY/THEFT,20,TARAVAL,24,Thursday
8959,LARCENY/THEFT,20,TARAVAL,31,Tuesday
8960,LARCENY/THEFT,20,TARAVAL,29,Wednesday
8961,LARCENY/THEFT,20,TENDERLOIN,14,Friday
8962,LARCENY/THEFT,20,TENDERLOIN,12,Monday
8963,LARCENY/THEFT,20,TENDERLOIN,14,Saturday
8964,LARCENY/THEFT,20,TENDERLOIN,16,Sunday
8965,LARCENY/THEFT,20,TENDERLOIN,16,Thursday
8966,LARCENY/THEFT,20,TENDERLOIN,13,Tuesday
8967,LARCENY/THEFT,20,TENDERLOIN,11,Wednesday
8968,LARCENY/THEFT,21,BAYVIEW,25,Friday
8969,LARCENY/THEFT,21,BAYVIEW,19,Monday
8970,LARCENY/THEFT,21,BAYVIEW,20,Saturday
8971,LARCENY/THEFT,21,BAYVIEW,9,Sunday
8972,LARCENY/THEFT,21,BAYVIEW,28,Thursday
8973,LARCENY/THEFT,21,BAYVIEW,19,Tuesday
8974,LARCENY/THEFT,21,BAYVIEW,19,Wednesday
8975,LARCENY/THEFT,21,CENTRAL,74,Friday
8976,LARCENY/THEFT,21,CENTRAL,54,Monday
8977,LARCENY/THEFT,21,CENTRAL,71,Saturday
8978,LARCENY/THEFT,21,CENTRAL,44,Sunday
8979,LARCENY/THEFT,21,CENTRAL,40,Thursday
8980,LARCENY/THEFT,21,CENTRAL,48,Tuesday
8981,LARCENY/THEFT,21,CENTRAL,50,Wednesday
8982,LARCENY/THEFT,21,INGLESIDE,31,Friday
8983,LARCENY/THEFT,21,INGLESIDE,10,Monday
8984,LARCENY/THEFT,21,INGLESIDE,11,Saturday
8985,LARCENY/THEFT,21,INGLESIDE,9,Sunday
8986,LARCENY/THEFT,21,INGLESIDE,16,Thursday
8987,LARCENY/THEFT,21,INGLESIDE,22,Tuesday
8988,LARCENY/THEFT,21,INGLESIDE,21,Wednesday
8989,LARCENY/THEFT,21,MISSION,25,Friday
8990,LARCENY/THEFT,21,MISSION,31,Monday
8991,LARCENY/THEFT,21,MISSION,30,Saturday
8992,LARCENY/THEFT,21,MISSION,21,Sunday
8993,LARCENY/THEFT,21,MISSION,33,Thursday
8994,LARCENY/THEFT,21,MISSION,28,Tuesday
8995,LARCENY/THEFT,21,MISSION,23,Wednesday
8996,LARCENY/THEFT,21,NORTHERN,67,Friday
8997,LARCENY/THEFT,21,NORTHERN,65,Monday
8998,LARCENY/THEFT,21,NORTHERN,61,Saturday
8999,LARCENY/THEFT,21,NORTHERN,45,Sunday
9000,LARCENY/THEFT,21,NORTHERN,65,Thursday
9001,LARCENY/THEFT,21,NORTHERN,62,Tuesday
9002,LARCENY/THEFT,21,NORTHERN,42,Wednesday
9003,LARCENY/THEFT,21,PARK,20,Friday
9004,LARCENY/THEFT,21,PARK,20,Monday
9005,LARCENY/THEFT,21,PARK,24,Saturday
9006,LARCENY/THEFT,21,PARK,9,Sunday
9007,LARCENY/THEFT,21,PARK,21,Thursday
9008,LARCENY/THEFT,21,PARK,16,Tuesday
9009,LARCENY/THEFT,21,PARK,17,Wednesday
9010,LARCENY/THEFT,21,RICHMOND,27,Friday
9011,LARCENY/THEFT,21,RICHMOND,18,Monday
9012,LARCENY/THEFT,21,RICHMOND,21,Saturday
9013,LARCENY/THEFT,21,RICHMOND,24,Sunday
9014,LARCENY/THEFT,21,RICHMOND,19,Thursday
9015,LARCENY/THEFT,21,RICHMOND,20,Tuesday
9016,LARCENY/THEFT,21,RICHMOND,23,Wednesday
9017,LARCENY/THEFT,21,SOUTHERN,75,Friday
9018,LARCENY/THEFT,21,SOUTHERN,55,Monday
9019,LARCENY/THEFT,21,SOUTHERN,96,Saturday
9020,LARCENY/THEFT,21,SOUTHERN,59,Sunday
9021,LARCENY/THEFT,21,SOUTHERN,81,Thursday
9022,LARCENY/THEFT,21,SOUTHERN,45,Tuesday
9023,LARCENY/THEFT,21,SOUTHERN,97,Wednesday
9024,LARCENY/THEFT,21,TARAVAL,24,Friday
9025,LARCENY/THEFT,21,TARAVAL,25,Monday
9026,LARCENY/THEFT,21,TARAVAL,14,Saturday
9027,LARCENY/THEFT,21,TARAVAL,23,Sunday
9028,LARCENY/THEFT,21,TARAVAL,23,Thursday
9029,LARCENY/THEFT,21,TARAVAL,30,Tuesday
9030,LARCENY/THEFT,21,TARAVAL,20,Wednesday
9031,LARCENY/THEFT,21,TENDERLOIN,8,Friday
9032,LARCENY/THEFT,21,TENDERLOIN,18,Monday
9033,LARCENY/THEFT,21,TENDERLOIN,19,Saturday
9034,LARCENY/THEFT,21,TENDERLOIN,10,Sunday
9035,LARCENY/THEFT,21,TENDERLOIN,12,Thursday
9036,LARCENY/THEFT,21,TENDERLOIN,11,Tuesday
9037,LARCENY/THEFT,21,TENDERLOIN,16,Wednesday
9038,LARCENY/THEFT,22,BAYVIEW,19,Friday
9039,LARCENY/THEFT,22,BAYVIEW,20,Monday
9040,LARCENY/THEFT,22,BAYVIEW,22,Saturday
9041,LARCENY/THEFT,22,BAYVIEW,18,Sunday
9042,LARCENY/THEFT,22,BAYVIEW,25,Thursday
9043,LARCENY/THEFT,22,BAYVIEW,13,Tuesday
9044,LARCENY/THEFT,22,BAYVIEW,19,Wednesday
9045,LARCENY/THEFT,22,CENTRAL,52,Friday
9046,LARCENY/THEFT,22,CENTRAL,26,Monday
9047,LARCENY/THEFT,22,CENTRAL,60,Saturday
9048,LARCENY/THEFT,22,CENTRAL,37,Sunday
9049,LARCENY/THEFT,22,CENTRAL,45,Thursday
9050,LARCENY/THEFT,22,CENTRAL,51,Tuesday
9051,LARCENY/THEFT,22,CENTRAL,32,Wednesday
9052,LARCENY/THEFT,22,INGLESIDE,19,Friday
9053,LARCENY/THEFT,22,INGLESIDE,11,Monday
9054,LARCENY/THEFT,22,INGLESIDE,22,Saturday
9055,LARCENY/THEFT,22,INGLESIDE,15,Sunday
9056,LARCENY/THEFT,22,INGLESIDE,18,Thursday
9057,LARCENY/THEFT,22,INGLESIDE,11,Tuesday
9058,LARCENY/THEFT,22,INGLESIDE,11,Wednesday
9059,LARCENY/THEFT,22,MISSION,27,Friday
9060,LARCENY/THEFT,22,MISSION,33,Monday
9061,LARCENY/THEFT,22,MISSION,28,Saturday
9062,LARCENY/THEFT,22,MISSION,32,Sunday
9063,LARCENY/THEFT,22,MISSION,41,Thursday
9064,LARCENY/THEFT,22,MISSION,20,Tuesday
9065,LARCENY/THEFT,22,MISSION,27,Wednesday
9066,LARCENY/THEFT,22,NORTHERN,74,Friday
9067,LARCENY/THEFT,22,NORTHERN,25,Monday
9068,LARCENY/THEFT,22,NORTHERN,67,Saturday
9069,LARCENY/THEFT,22,NORTHERN,52,Sunday
9070,LARCENY/THEFT,22,NORTHERN,47,Thursday
9071,LARCENY/THEFT,22,NORTHERN,44,Tuesday
9072,LARCENY/THEFT,22,NORTHERN,51,Wednesday
9073,LARCENY/THEFT,22,PARK,16,Friday
9074,LARCENY/THEFT,22,PARK,9,Monday
9075,LARCENY/THEFT,22,PARK,10,Saturday
9076,LARCENY/THEFT,22,PARK,16,Sunday
9077,LARCENY/THEFT,22,PARK,5,Thursday
9078,LARCENY/THEFT,22,PARK,11,Tuesday
9079,LARCENY/THEFT,22,PARK,17,Wednesday
9080,LARCENY/THEFT,22,RICHMOND,24,Friday
9081,LARCENY/THEFT,22,RICHMOND,12,Monday
9082,LARCENY/THEFT,22,RICHMOND,18,Saturday
9083,LARCENY/THEFT,22,RICHMOND,10,Sunday
9084,LARCENY/THEFT,22,RICHMOND,15,Thursday
9085,LARCENY/THEFT,22,RICHMOND,9,Tuesday
9086,LARCENY/THEFT,22,RICHMOND,9,Wednesday
9087,LARCENY/THEFT,22,SOUTHERN,98,Friday
9088,LARCENY/THEFT,22,SOUTHERN,40,Monday
9089,LARCENY/THEFT,22,SOUTHERN,125,Saturday
9090,LARCENY/THEFT,22,SOUTHERN,37,Sunday
9091,LARCENY/THEFT,22,SOUTHERN,47,Thursday
9092,LARCENY/THEFT,22,SOUTHERN,49,Tuesday
9093,LARCENY/THEFT,22,SOUTHERN,51,Wednesday
9094,LARCENY/THEFT,22,TARAVAL,5,Friday
9095,LARCENY/THEFT,22,TARAVAL,10,Monday
9096,LARCENY/THEFT,22,TARAVAL,25,Saturday
9097,LARCENY/THEFT,22,TARAVAL,24,Sunday
9098,LARCENY/THEFT,22,TARAVAL,18,Thursday
9099,LARCENY/THEFT,22,TARAVAL,17,Tuesday
9100,LARCENY/THEFT,22,TARAVAL,18,Wednesday
9101,LARCENY/THEFT,22,TENDERLOIN,14,Friday
9102,LARCENY/THEFT,22,TENDERLOIN,10,Monday
9103,LARCENY/THEFT,22,TENDERLOIN,8,Saturday
9104,LARCENY/THEFT,22,TENDERLOIN,9,Sunday
9105,LARCENY/THEFT,22,TENDERLOIN,8,Thursday
9106,LARCENY/THEFT,22,TENDERLOIN,12,Tuesday
9107,LARCENY/THEFT,22,TENDERLOIN,3,Wednesday
9108,LARCENY/THEFT,23,BAYVIEW,26,Friday
9109,LARCENY/THEFT,23,BAYVIEW,12,Monday
9110,LARCENY/THEFT,23,BAYVIEW,13,Saturday
9111,LARCENY/THEFT,23,BAYVIEW,8,Sunday
9112,LARCENY/THEFT,23,BAYVIEW,18,Thursday
9113,LARCENY/THEFT,23,BAYVIEW,9,Tuesday
9114,LARCENY/THEFT,23,BAYVIEW,16,Wednesday
9115,LARCENY/THEFT,23,CENTRAL,45,Friday
9116,LARCENY/THEFT,23,CENTRAL,20,Monday
9117,LARCENY/THEFT,23,CENTRAL,54,Saturday
9118,LARCENY/THEFT,23,CENTRAL,27,Sunday
9119,LARCENY/THEFT,23,CENTRAL,16,Thursday
9120,LARCENY/THEFT,23,CENTRAL,24,Tuesday
9121,LARCENY/THEFT,23,CENTRAL,27,Wednesday
9122,LARCENY/THEFT,23,INGLESIDE,19,Friday
9123,LARCENY/THEFT,23,INGLESIDE,13,Monday
9124,LARCENY/THEFT,23,INGLESIDE,14,Saturday
9125,LARCENY/THEFT,23,INGLESIDE,14,Sunday
9126,LARCENY/THEFT,23,INGLESIDE,12,Thursday
9127,LARCENY/THEFT,23,INGLESIDE,12,Tuesday
9128,LARCENY/THEFT,23,INGLESIDE,12,Wednesday
9129,LARCENY/THEFT,23,MISSION,57,Friday
9130,LARCENY/THEFT,23,MISSION,24,Monday
9131,LARCENY/THEFT,23,MISSION,50,Saturday
9132,LARCENY/THEFT,23,MISSION,25,Sunday
9133,LARCENY/THEFT,23,MISSION,24,Thursday
9134,LARCENY/THEFT,23,MISSION,24,Tuesday
9135,LARCENY/THEFT,23,MISSION,21,Wednesday
9136,LARCENY/THEFT,23,NORTHERN,84,Friday
9137,LARCENY/THEFT,23,NORTHERN,22,Monday
9138,LARCENY/THEFT,23,NORTHERN,82,Saturday
9139,LARCENY/THEFT,23,NORTHERN,41,Sunday
9140,LARCENY/THEFT,23,NORTHERN,42,Thursday
9141,LARCENY/THEFT,23,NORTHERN,37,Tuesday
9142,LARCENY/THEFT,23,NORTHERN,32,Wednesday
9143,LARCENY/THEFT,23,PARK,24,Friday
9144,LARCENY/THEFT,23,PARK,5,Monday
9145,LARCENY/THEFT,23,PARK,16,Saturday
9146,LARCENY/THEFT,23,PARK,9,Sunday
9147,LARCENY/THEFT,23,PARK,4,Thursday
9148,LARCENY/THEFT,23,PARK,13,Tuesday
9149,LARCENY/THEFT,23,PARK,11,Wednesday
9150,LARCENY/THEFT,23,RICHMOND,12,Friday
9151,LARCENY/THEFT,23,RICHMOND,11,Monday
9152,LARCENY/THEFT,23,RICHMOND,12,Saturday
9153,LARCENY/THEFT,23,RICHMOND,5,Sunday
9154,LARCENY/THEFT,23,RICHMOND,13,Thursday
9155,LARCENY/THEFT,23,RICHMOND,10,Tuesday
9156,LARCENY/THEFT,23,RICHMOND,7,Wednesday
9157,LARCENY/THEFT,23,SOUTHERN,114,Friday
9158,LARCENY/THEFT,23,SOUTHERN,23,Monday
9159,LARCENY/THEFT,23,SOUTHERN,143,Saturday
9160,LARCENY/THEFT,23,SOUTHERN,37,Sunday
9161,LARCENY/THEFT,23,SOUTHERN,43,Thursday
9162,LARCENY/THEFT,23,SOUTHERN,40,Tuesday
9163,LARCENY/THEFT,23,SOUTHERN,45,Wednesday
9164,LARCENY/THEFT,23,TARAVAL,14,Friday
9165,LARCENY/THEFT,23,TARAVAL,13,Monday
9166,LARCENY/THEFT,23,TARAVAL,22,Saturday
9167,LARCENY/THEFT,23,TARAVAL,18,Sunday
9168,LARCENY/THEFT,23,TARAVAL,17,Thursday
9169,LARCENY/THEFT,23,TARAVAL,12,Tuesday
9170,LARCENY/THEFT,23,TARAVAL,6,Wednesday
9171,LARCENY/THEFT,23,TENDERLOIN,11,Friday
9172,LARCENY/THEFT,23,TENDERLOIN,5,Monday
9173,LARCENY/THEFT,23,TENDERLOIN,12,Saturday
9174,LARCENY/THEFT,23,TENDERLOIN,5,Sunday
9175,LARCENY/THEFT,23,TENDERLOIN,7,Thursday
9176,LARCENY/THEFT,23,TENDERLOIN,7,Tuesday
9177,LARCENY/THEFT,23,TENDERLOIN,7,Wednesday
9178,LIQUOR LAWS,00,NORTHERN,1,Saturday
9179,LIQUOR LAWS,00,TARAVAL,1,Friday
9180,LIQUOR LAWS,01,MISSION,1,Friday
9181,LIQUOR LAWS,01,RICHMOND,1,Friday
9182,LIQUOR LAWS,01,TENDERLOIN,1,Friday
9183,LIQUOR LAWS,02,TARAVAL,1,Saturday
9184,LIQUOR LAWS,03,TARAVAL,1,Sunday
9185,LIQUOR LAWS,03,TARAVAL,1,Tuesday
9186,LIQUOR LAWS,04,BAYVIEW,1,Wednesday
9187,LIQUOR LAWS,04,NORTHERN,1,Wednesday
9188,LIQUOR LAWS,06,BAYVIEW,1,Thursday
9189,LIQUOR LAWS,07,BAYVIEW,1,Wednesday
9190,LIQUOR LAWS,07,PARK,1,Thursday
9191,LIQUOR LAWS,07,PARK,1,Wednesday
9192,LIQUOR LAWS,07,SOUTHERN,2,Thursday
9193,LIQUOR LAWS,07,SOUTHERN,1,Wednesday
9194,LIQUOR LAWS,08,BAYVIEW,1,Saturday
9195,LIQUOR LAWS,08,BAYVIEW,1,Sunday
9196,LIQUOR LAWS,08,BAYVIEW,3,Wednesday
9197,LIQUOR LAWS,08,MISSION,1,Wednesday
9198,LIQUOR LAWS,09,BAYVIEW,1,Monday
9199,LIQUOR LAWS,09,BAYVIEW,1,Thursday
9200,LIQUOR LAWS,09,MISSION,1,Friday
9201,LIQUOR LAWS,09,NORTHERN,1,Saturday
9202,LIQUOR LAWS,10,BAYVIEW,1,Friday
9203,LIQUOR LAWS,10,MISSION,1,Saturday
9204,LIQUOR LAWS,10,MISSION,1,Tuesday
9205,LIQUOR LAWS,10,NORTHERN,1,Friday
9206,LIQUOR LAWS,10,NORTHERN,1,Monday
9207,LIQUOR LAWS,10,TARAVAL,1,Friday
9208,LIQUOR LAWS,11,BAYVIEW,1,Tuesday
9209,LIQUOR LAWS,11,MISSION,1,Friday
9210,LIQUOR LAWS,11,SOUTHERN,1,Friday
9211,LIQUOR LAWS,11,TARAVAL,2,Saturday
9212,LIQUOR LAWS,11,TARAVAL,1,Sunday
9213,LIQUOR LAWS,11,TARAVAL,1,Thursday
9214,LIQUOR LAWS,12,BAYVIEW,2,Saturday
9215,LIQUOR LAWS,12,BAYVIEW,1,Thursday
9216,LIQUOR LAWS,12,BAYVIEW,1,Wednesday
9217,LIQUOR LAWS,12,MISSION,1,Monday
9218,LIQUOR LAWS,12,MISSION,2,Sunday
9219,LIQUOR LAWS,12,PARK,1,Thursday
9220,LIQUOR LAWS,12,PARK,1,Wednesday
9221,LIQUOR LAWS,12,SOUTHERN,1,Sunday
9222,LIQUOR LAWS,12,TARAVAL,1,Saturday
9223,LIQUOR LAWS,12,TENDERLOIN,1,Sunday
9224,LIQUOR LAWS,12,TENDERLOIN,2,Tuesday
9225,LIQUOR LAWS,13,BAYVIEW,1,Friday
9226,LIQUOR LAWS,13,BAYVIEW,1,Saturday
9227,LIQUOR LAWS,13,BAYVIEW,1,Sunday
9228,LIQUOR LAWS,13,INGLESIDE,2,Saturday
9229,LIQUOR LAWS,13,MISSION,1,Monday
9230,LIQUOR LAWS,13,MISSION,1,Saturday
9231,LIQUOR LAWS,13,NORTHERN,1,Monday
9232,LIQUOR LAWS,13,SOUTHERN,1,Thursday
9233,LIQUOR LAWS,13,TARAVAL,1,Wednesday
9234,LIQUOR LAWS,13,TENDERLOIN,1,Sunday
9235,LIQUOR LAWS,13,TENDERLOIN,1,Thursday
9236,LIQUOR LAWS,14,NORTHERN,1,Tuesday
9237,LIQUOR LAWS,14,PARK,1,Saturday
9238,LIQUOR LAWS,14,SOUTHERN,1,Saturday
9239,LIQUOR LAWS,14,TARAVAL,2,Thursday
9240,LIQUOR LAWS,15,CENTRAL,1,Sunday
9241,LIQUOR LAWS,15,CENTRAL,1,Wednesday
9242,LIQUOR LAWS,15,INGLESIDE,1,Monday
9243,LIQUOR LAWS,15,MISSION,1,Saturday
9244,LIQUOR LAWS,15,NORTHERN,1,Monday
9245,LIQUOR LAWS,16,CENTRAL,1,Thursday
9246,LIQUOR LAWS,16,INGLESIDE,2,Thursday
9247,LIQUOR LAWS,16,MISSION,1,Monday
9248,LIQUOR LAWS,16,MISSION,1,Saturday
9249,LIQUOR LAWS,16,NORTHERN,2,Friday
9250,LIQUOR LAWS,16,PARK,1,Wednesday
9251,LIQUOR LAWS,16,RICHMOND,1,Tuesday
9252,LIQUOR LAWS,16,TENDERLOIN,1,Sunday
9253,LIQUOR LAWS,17,CENTRAL,1,Saturday
9254,LIQUOR LAWS,17,INGLESIDE,2,Thursday
9255,LIQUOR LAWS,17,INGLESIDE,1,Tuesday
9256,LIQUOR LAWS,17,MISSION,1,Monday
9257,LIQUOR LAWS,17,MISSION,2,Sunday
9258,LIQUOR LAWS,17,MISSION,1,Thursday
9259,LIQUOR LAWS,17,MISSION,1,Tuesday
9260,LIQUOR LAWS,17,NORTHERN,1,Saturday
9261,LIQUOR LAWS,17,NORTHERN,1,Tuesday
9262,LIQUOR LAWS,17,PARK,1,Monday
9263,LIQUOR LAWS,17,PARK,2,Tuesday
9264,LIQUOR LAWS,17,RICHMOND,1,Saturday
9265,LIQUOR LAWS,17,RICHMOND,2,Tuesday
9266,LIQUOR LAWS,17,SOUTHERN,2,Monday
9267,LIQUOR LAWS,17,SOUTHERN,1,Tuesday
9268,LIQUOR LAWS,17,TARAVAL,1,Tuesday
9269,LIQUOR LAWS,18,INGLESIDE,1,Tuesday
9270,LIQUOR LAWS,18,INGLESIDE,1,Wednesday
9271,LIQUOR LAWS,18,MISSION,1,Sunday
9272,LIQUOR LAWS,18,MISSION,1,Tuesday
9273,LIQUOR LAWS,18,MISSION,2,Wednesday
9274,LIQUOR LAWS,18,NORTHERN,1,Tuesday
9275,LIQUOR LAWS,18,RICHMOND,1,Tuesday
9276,LIQUOR LAWS,18,RICHMOND,1,Wednesday
9277,LIQUOR LAWS,18,SOUTHERN,1,Saturday
9278,LIQUOR LAWS,18,SOUTHERN,2,Tuesday
9279,LIQUOR LAWS,18,SOUTHERN,1,Wednesday
9280,LIQUOR LAWS,18,TARAVAL,1,Wednesday
9281,LIQUOR LAWS,19,BAYVIEW,1,Thursday
9282,LIQUOR LAWS,19,CENTRAL,2,Saturday
9283,LIQUOR LAWS,19,CENTRAL,1,Sunday
9284,LIQUOR LAWS,19,MISSION,1,Tuesday
9285,LIQUOR LAWS,19,SOUTHERN,1,Friday
9286,LIQUOR LAWS,19,SOUTHERN,1,Wednesday
9287,LIQUOR LAWS,20,CENTRAL,1,Friday
9288,LIQUOR LAWS,20,MISSION,1,Saturday
9289,LIQUOR LAWS,20,TARAVAL,1,Thursday
9290,LIQUOR LAWS,20,TENDERLOIN,1,Saturday
9291,LIQUOR LAWS,20,TENDERLOIN,1,Tuesday
9292,LIQUOR LAWS,21,MISSION,1,Thursday
9293,LIQUOR LAWS,21,PARK,1,Friday
9294,LIQUOR LAWS,21,TENDERLOIN,1,Saturday
9295,LIQUOR LAWS,22,CENTRAL,1,Monday
9296,LIQUOR LAWS,22,INGLESIDE,1,Friday
9297,LIQUOR LAWS,22,INGLESIDE,2,Saturday
9298,LIQUOR LAWS,22,MISSION,1,Saturday
9299,LIQUOR LAWS,22,MISSION,1,Wednesday
9300,LIQUOR LAWS,22,RICHMOND,1,Monday
9301,LIQUOR LAWS,22,TARAVAL,1,Friday
9302,LIQUOR LAWS,22,TENDERLOIN,1,Wednesday
9303,LIQUOR LAWS,23,CENTRAL,1,Tuesday
9304,LIQUOR LAWS,23,MISSION,1,Friday
9305,LIQUOR LAWS,23,MISSION,1,Wednesday
9306,LIQUOR LAWS,23,SOUTHERN,1,Monday
9307,LIQUOR LAWS,23,SOUTHERN,1,Sunday
9308,LIQUOR LAWS,23,SOUTHERN,1,Thursday
9309,LIQUOR LAWS,23,SOUTHERN,1,Tuesday
9310,LIQUOR LAWS,23,TARAVAL,3,Friday
9311,LIQUOR LAWS,23,TENDERLOIN,1,Thursday
9312,LOITERING,01,MISSION,1,Sunday
9313,LOITERING,01,NORTHERN,1,Sunday
9314,LOITERING,05,BAYVIEW,1,Friday
9315,LOITERING,06,NORTHERN,1,Thursday
9316,LOITERING,06,SOUTHERN,1,Saturday
9317,LOITERING,07,NORTHERN,1,Wednesday
9318,LOITERING,07,SOUTHERN,1,Saturday
9319,LOITERING,07,SOUTHERN,1,Wednesday
9320,LOITERING,08,CENTRAL,1,Monday
9321,LOITERING,08,CENTRAL,1,Wednesday
9322,LOITERING,08,MISSION,1,Thursday
9323,LOITERING,08,NORTHERN,1,Sunday
9324,LOITERING,08,NORTHERN,1,Thursday
9325,LOITERING,08,SOUTHERN,1,Wednesday
9326,LOITERING,09,CENTRAL,1,Saturday
9327,LOITERING,10,CENTRAL,2,Tuesday
9328,LOITERING,10,NORTHERN,1,Friday
9329,LOITERING,11,CENTRAL,1,Monday
9330,LOITERING,11,INGLESIDE,1,Tuesday
9331,LOITERING,11,SOUTHERN,1,Saturday
9332,LOITERING,11,SOUTHERN,1,Wednesday
9333,LOITERING,12,CENTRAL,1,Friday
9334,LOITERING,12,MISSION,1,Monday
9335,LOITERING,13,NORTHERN,1,Monday
9336,LOITERING,14,BAYVIEW,1,Friday
9337,LOITERING,14,CENTRAL,2,Friday
9338,LOITERING,14,CENTRAL,1,Thursday
9339,LOITERING,14,SOUTHERN,1,Tuesday
9340,LOITERING,16,INGLESIDE,1,Saturday
9341,LOITERING,16,MISSION,1,Sunday
9342,LOITERING,16,SOUTHERN,1,Saturday
9343,LOITERING,16,TARAVAL,1,Monday
9344,LOITERING,17,MISSION,1,Tuesday
9345,LOITERING,17,NORTHERN,1,Saturday
9346,LOITERING,17,NORTHERN,1,Thursday
9347,LOITERING,18,RICHMOND,1,Monday
9348,LOITERING,19,INGLESIDE,1,Tuesday
9349,LOITERING,19,SOUTHERN,1,Sunday
9350,LOITERING,21,MISSION,1,Friday
9351,LOITERING,23,NORTHERN,1,Monday
9352,MISSING PERSON,00,BAYVIEW,6,Friday
9353,MISSING PERSON,00,BAYVIEW,2,Monday
9354,MISSING PERSON,00,BAYVIEW,1,Saturday
9355,MISSING PERSON,00,BAYVIEW,3,Sunday
9356,MISSING PERSON,00,BAYVIEW,1,Wednesday
9357,MISSING PERSON,00,CENTRAL,5,Friday
9358,MISSING PERSON,00,CENTRAL,4,Saturday
9359,MISSING PERSON,00,CENTRAL,3,Sunday
9360,MISSING PERSON,00,CENTRAL,1,Wednesday
9361,MISSING PERSON,00,INGLESIDE,5,Friday
9362,MISSING PERSON,00,INGLESIDE,4,Monday
9363,MISSING PERSON,00,INGLESIDE,4,Saturday
9364,MISSING PERSON,00,INGLESIDE,1,Thursday
9365,MISSING PERSON,00,INGLESIDE,3,Tuesday
9366,MISSING PERSON,00,MISSION,1,Friday
9367,MISSING PERSON,00,MISSION,6,Monday
9368,MISSING PERSON,00,MISSION,3,Saturday
9369,MISSING PERSON,00,MISSION,5,Sunday
9370,MISSING PERSON,00,MISSION,4,Thursday
9371,MISSING PERSON,00,MISSION,1,Wednesday
9372,MISSING PERSON,00,NORTHERN,4,Friday
9373,MISSING PERSON,00,NORTHERN,4,Saturday
9374,MISSING PERSON,00,NORTHERN,1,Tuesday
9375,MISSING PERSON,00,PARK,3,Friday
9376,MISSING PERSON,00,PARK,2,Thursday
9377,MISSING PERSON,00,PARK,3,Tuesday
9378,MISSING PERSON,00,PARK,2,Wednesday
9379,MISSING PERSON,00,RICHMOND,3,Friday
9380,MISSING PERSON,00,RICHMOND,1,Saturday
9381,MISSING PERSON,00,RICHMOND,1,Tuesday
9382,MISSING PERSON,00,RICHMOND,1,Wednesday
9383,MISSING PERSON,00,SOUTHERN,5,Friday
9384,MISSING PERSON,00,SOUTHERN,6,Monday
9385,MISSING PERSON,00,SOUTHERN,6,Saturday
9386,MISSING PERSON,00,SOUTHERN,4,Sunday
9387,MISSING PERSON,00,SOUTHERN,5,Thursday
9388,MISSING PERSON,00,SOUTHERN,3,Tuesday
9389,MISSING PERSON,00,SOUTHERN,6,Wednesday
9390,MISSING PERSON,00,TARAVAL,2,Sunday
9391,MISSING PERSON,00,TARAVAL,3,Thursday
9392,MISSING PERSON,00,TENDERLOIN,4,Friday
9393,MISSING PERSON,00,TENDERLOIN,1,Monday
9394,MISSING PERSON,00,TENDERLOIN,3,Saturday
9395,MISSING PERSON,00,TENDERLOIN,3,Sunday
9396,MISSING PERSON,00,TENDERLOIN,1,Thursday
9397,MISSING PERSON,00,TENDERLOIN,1,Wednesday
9398,MISSING PERSON,01,BAYVIEW,6,Saturday
9399,MISSING PERSON,01,BAYVIEW,3,Tuesday
9400,MISSING PERSON,01,CENTRAL,1,Friday
9401,MISSING PERSON,01,CENTRAL,3,Saturday
9402,MISSING PERSON,01,CENTRAL,4,Sunday
9403,MISSING PERSON,01,CENTRAL,1,Thursday
9404,MISSING PERSON,01,CENTRAL,3,Tuesday
9405,MISSING PERSON,01,CENTRAL,1,Wednesday
9406,MISSING PERSON,01,INGLESIDE,3,Friday
9407,MISSING PERSON,01,INGLESIDE,2,Saturday
9408,MISSING PERSON,01,MISSION,3,Friday
9409,MISSING PERSON,01,MISSION,3,Monday
9410,MISSING PERSON,01,MISSION,3,Saturday
9411,MISSING PERSON,01,MISSION,2,Sunday
9412,MISSING PERSON,01,MISSION,3,Thursday
9413,MISSING PERSON,01,NORTHERN,3,Sunday
9414,MISSING PERSON,01,NORTHERN,1,Tuesday
9415,MISSING PERSON,01,NORTHERN,1,Wednesday
9416,MISSING PERSON,01,PARK,2,Saturday
9417,MISSING PERSON,01,PARK,4,Tuesday
9418,MISSING PERSON,01,PARK,2,Wednesday
9419,MISSING PERSON,01,RICHMOND,1,Thursday
9420,MISSING PERSON,01,SOUTHERN,4,Friday
9421,MISSING PERSON,01,SOUTHERN,3,Monday
9422,MISSING PERSON,01,SOUTHERN,8,Sunday
9423,MISSING PERSON,01,SOUTHERN,2,Wednesday
9424,MISSING PERSON,01,TARAVAL,2,Monday
9425,MISSING PERSON,01,TARAVAL,2,Tuesday
9426,MISSING PERSON,02,BAYVIEW,2,Friday
9427,MISSING PERSON,02,BAYVIEW,1,Thursday
9428,MISSING PERSON,02,CENTRAL,1,Friday
9429,MISSING PERSON,02,CENTRAL,3,Monday
9430,MISSING PERSON,02,CENTRAL,1,Wednesday
9431,MISSING PERSON,02,INGLESIDE,2,Sunday
9432,MISSING PERSON,02,INGLESIDE,2,Tuesday
9433,MISSING PERSON,02,INGLESIDE,2,Wednesday
9434,MISSING PERSON,02,MISSION,1,Friday
9435,MISSING PERSON,02,MISSION,1,Saturday
9436,MISSING PERSON,02,MISSION,2,Sunday
9437,MISSING PERSON,02,MISSION,3,Thursday
9438,MISSING PERSON,02,MISSION,4,Tuesday
9439,MISSING PERSON,02,NORTHERN,2,Sunday
9440,MISSING PERSON,02,NORTHERN,2,Tuesday
9441,MISSING PERSON,02,NORTHERN,1,Wednesday
9442,MISSING PERSON,02,PARK,1,Friday
9443,MISSING PERSON,02,PARK,3,Saturday
9444,MISSING PERSON,02,PARK,1,Sunday
9445,MISSING PERSON,02,PARK,1,Tuesday
9446,MISSING PERSON,02,PARK,2,Wednesday
9447,MISSING PERSON,02,RICHMOND,4,Saturday
9448,MISSING PERSON,02,RICHMOND,1,Tuesday
9449,MISSING PERSON,02,SOUTHERN,1,Friday
9450,MISSING PERSON,02,SOUTHERN,1,Thursday
9451,MISSING PERSON,02,TARAVAL,2,Saturday
9452,MISSING PERSON,02,TENDERLOIN,1,Saturday
9453,MISSING PERSON,02,TENDERLOIN,1,Thursday
9454,MISSING PERSON,03,BAYVIEW,2,Friday
9455,MISSING PERSON,03,BAYVIEW,4,Monday
9456,MISSING PERSON,03,CENTRAL,2,Monday
9457,MISSING PERSON,03,CENTRAL,2,Saturday
9458,MISSING PERSON,03,CENTRAL,1,Tuesday
9459,MISSING PERSON,03,INGLESIDE,2,Monday
9460,MISSING PERSON,03,INGLESIDE,2,Saturday
9461,MISSING PERSON,03,INGLESIDE,1,Tuesday
9462,MISSING PERSON,03,INGLESIDE,2,Wednesday
9463,MISSING PERSON,03,MISSION,2,Friday
9464,MISSING PERSON,03,MISSION,1,Monday
9465,MISSING PERSON,03,MISSION,2,Tuesday
9466,MISSING PERSON,03,NORTHERN,1,Friday
9467,MISSING PERSON,03,NORTHERN,1,Saturday
9468,MISSING PERSON,03,NORTHERN,2,Sunday
9469,MISSING PERSON,03,NORTHERN,1,Tuesday
9470,MISSING PERSON,03,PARK,1,Monday
9471,MISSING PERSON,03,PARK,4,Saturday
9472,MISSING PERSON,03,PARK,2,Sunday
9473,MISSING PERSON,03,PARK,2,Thursday
9474,MISSING PERSON,03,PARK,4,Tuesday
9475,MISSING PERSON,03,SOUTHERN,1,Monday
9476,MISSING PERSON,03,SOUTHERN,2,Saturday
9477,MISSING PERSON,03,TARAVAL,1,Sunday
9478,MISSING PERSON,03,TENDERLOIN,2,Tuesday
9479,MISSING PERSON,04,CENTRAL,2,Thursday
9480,MISSING PERSON,04,INGLESIDE,2,Monday
9481,MISSING PERSON,04,INGLESIDE,1,Thursday
9482,MISSING PERSON,04,INGLESIDE,2,Wednesday
9483,MISSING PERSON,04,MISSION,1,Tuesday
9484,MISSING PERSON,04,MISSION,1,Wednesday
9485,MISSING PERSON,04,NORTHERN,1,Friday
9486,MISSING PERSON,04,SOUTHERN,2,Thursday
9487,MISSING PERSON,04,SOUTHERN,2,Wednesday
9488,MISSING PERSON,04,TARAVAL,1,Tuesday
9489,MISSING PERSON,04,TENDERLOIN,1,Monday
9490,MISSING PERSON,04,TENDERLOIN,4,Saturday
9491,MISSING PERSON,04,TENDERLOIN,1,Tuesday
9492,MISSING PERSON,05,BAYVIEW,4,Friday
9493,MISSING PERSON,05,BAYVIEW,1,Sunday
9494,MISSING PERSON,05,BAYVIEW,1,Wednesday
9495,MISSING PERSON,05,CENTRAL,1,Wednesday
9496,MISSING PERSON,05,INGLESIDE,2,Friday
9497,MISSING PERSON,05,MISSION,3,Friday
9498,MISSING PERSON,05,MISSION,4,Monday
9499,MISSING PERSON,05,MISSION,1,Saturday
9500,MISSING PERSON,05,MISSION,2,Thursday
9501,MISSING PERSON,05,MISSION,1,Wednesday
9502,MISSING PERSON,05,NORTHERN,1,Monday
9503,MISSING PERSON,05,NORTHERN,1,Thursday
9504,MISSING PERSON,05,PARK,2,Monday
9505,MISSING PERSON,05,PARK,2,Saturday
9506,MISSING PERSON,05,PARK,4,Thursday
9507,MISSING PERSON,05,RICHMOND,2,Friday
9508,MISSING PERSON,05,SOUTHERN,3,Friday
9509,MISSING PERSON,05,SOUTHERN,1,Monday
9510,MISSING PERSON,05,SOUTHERN,1,Saturday
9511,MISSING PERSON,05,SOUTHERN,2,Wednesday
9512,MISSING PERSON,05,TARAVAL,2,Sunday
9513,MISSING PERSON,05,TARAVAL,8,Tuesday
9514,MISSING PERSON,05,TENDERLOIN,2,Friday
9515,MISSING PERSON,06,BAYVIEW,2,Friday
9516,MISSING PERSON,06,BAYVIEW,2,Sunday
9517,MISSING PERSON,06,BAYVIEW,1,Tuesday
9518,MISSING PERSON,06,BAYVIEW,6,Wednesday
9519,MISSING PERSON,06,CENTRAL,2,Monday
9520,MISSING PERSON,06,CENTRAL,4,Saturday
9521,MISSING PERSON,06,INGLESIDE,5,Friday
9522,MISSING PERSON,06,INGLESIDE,4,Saturday
9523,MISSING PERSON,06,INGLESIDE,2,Wednesday
9524,MISSING PERSON,06,MISSION,4,Friday
9525,MISSING PERSON,06,MISSION,2,Monday
9526,MISSING PERSON,06,MISSION,3,Saturday
9527,MISSING PERSON,06,NORTHERN,2,Friday
9528,MISSING PERSON,06,NORTHERN,2,Monday
9529,MISSING PERSON,06,NORTHERN,3,Thursday
9530,MISSING PERSON,06,NORTHERN,1,Tuesday
9531,MISSING PERSON,06,PARK,2,Friday
9532,MISSING PERSON,06,PARK,4,Monday
9533,MISSING PERSON,06,PARK,2,Saturday
9534,MISSING PERSON,06,PARK,1,Sunday
9535,MISSING PERSON,06,RICHMOND,1,Monday
9536,MISSING PERSON,06,RICHMOND,1,Wednesday
9537,MISSING PERSON,06,SOUTHERN,1,Friday
9538,MISSING PERSON,06,SOUTHERN,3,Monday
9539,MISSING PERSON,06,SOUTHERN,1,Saturday
9540,MISSING PERSON,06,TARAVAL,2,Tuesday
9541,MISSING PERSON,06,TENDERLOIN,1,Friday
9542,MISSING PERSON,07,BAYVIEW,5,Friday
9543,MISSING PERSON,07,BAYVIEW,3,Monday
9544,MISSING PERSON,07,BAYVIEW,2,Saturday
9545,MISSING PERSON,07,BAYVIEW,7,Thursday
9546,MISSING PERSON,07,BAYVIEW,5,Tuesday
9547,MISSING PERSON,07,BAYVIEW,7,Wednesday
9548,MISSING PERSON,07,CENTRAL,2,Friday
9549,MISSING PERSON,07,CENTRAL,2,Monday
9550,MISSING PERSON,07,CENTRAL,1,Sunday
9551,MISSING PERSON,07,CENTRAL,2,Thursday
9552,MISSING PERSON,07,CENTRAL,2,Tuesday
9553,MISSING PERSON,07,CENTRAL,3,Wednesday
9554,MISSING PERSON,07,INGLESIDE,9,Friday
9555,MISSING PERSON,07,INGLESIDE,5,Monday
9556,MISSING PERSON,07,INGLESIDE,6,Saturday
9557,MISSING PERSON,07,INGLESIDE,1,Sunday
9558,MISSING PERSON,07,INGLESIDE,5,Thursday
9559,MISSING PERSON,07,INGLESIDE,5,Tuesday
9560,MISSING PERSON,07,INGLESIDE,2,Wednesday
9561,MISSING PERSON,07,MISSION,7,Friday
9562,MISSING PERSON,07,MISSION,5,Monday
9563,MISSING PERSON,07,MISSION,2,Saturday
9564,MISSING PERSON,07,MISSION,3,Sunday
9565,MISSING PERSON,07,MISSION,3,Thursday
9566,MISSING PERSON,07,MISSION,2,Tuesday
9567,MISSING PERSON,07,MISSION,7,Wednesday
9568,MISSING PERSON,07,NORTHERN,1,Friday
9569,MISSING PERSON,07,NORTHERN,2,Monday
9570,MISSING PERSON,07,NORTHERN,2,Thursday
9571,MISSING PERSON,07,NORTHERN,2,Tuesday
9572,MISSING PERSON,07,NORTHERN,3,Wednesday
9573,MISSING PERSON,07,PARK,9,Friday
9574,MISSING PERSON,07,PARK,7,Monday
9575,MISSING PERSON,07,PARK,4,Sunday
9576,MISSING PERSON,07,PARK,4,Thursday
9577,MISSING PERSON,07,PARK,3,Tuesday
9578,MISSING PERSON,07,PARK,7,Wednesday
9579,MISSING PERSON,07,RICHMOND,2,Friday
9580,MISSING PERSON,07,RICHMOND,1,Monday
9581,MISSING PERSON,07,RICHMOND,1,Sunday
9582,MISSING PERSON,07,RICHMOND,3,Thursday
9583,MISSING PERSON,07,RICHMOND,4,Tuesday
9584,MISSING PERSON,07,SOUTHERN,9,Friday
9585,MISSING PERSON,07,SOUTHERN,1,Monday
9586,MISSING PERSON,07,SOUTHERN,1,Saturday
9587,MISSING PERSON,07,SOUTHERN,1,Sunday
9588,MISSING PERSON,07,SOUTHERN,5,Thursday
9589,MISSING PERSON,07,SOUTHERN,2,Tuesday
9590,MISSING PERSON,07,SOUTHERN,6,Wednesday
9591,MISSING PERSON,07,TARAVAL,2,Friday
9592,MISSING PERSON,07,TARAVAL,2,Monday
9593,MISSING PERSON,07,TARAVAL,2,Thursday
9594,MISSING PERSON,07,TARAVAL,4,Tuesday
9595,MISSING PERSON,07,TENDERLOIN,1,Monday
9596,MISSING PERSON,07,TENDERLOIN,3,Saturday
9597,MISSING PERSON,07,TENDERLOIN,1,Wednesday
9598,MISSING PERSON,08,BAYVIEW,2,Friday
9599,MISSING PERSON,08,BAYVIEW,2,Monday
9600,MISSING PERSON,08,BAYVIEW,6,Saturday
9601,MISSING PERSON,08,BAYVIEW,10,Thursday
9602,MISSING PERSON,08,BAYVIEW,5,Tuesday
9603,MISSING PERSON,08,BAYVIEW,8,Wednesday
9604,MISSING PERSON,08,CENTRAL,1,Friday
9605,MISSING PERSON,08,CENTRAL,1,Monday
9606,MISSING PERSON,08,CENTRAL,5,Sunday
9607,MISSING PERSON,08,CENTRAL,3,Thursday
9608,MISSING PERSON,08,CENTRAL,1,Tuesday
9609,MISSING PERSON,08,CENTRAL,5,Wednesday
9610,MISSING PERSON,08,INGLESIDE,10,Friday
9611,MISSING PERSON,08,INGLESIDE,4,Monday
9612,MISSING PERSON,08,INGLESIDE,1,Saturday
9613,MISSING PERSON,08,INGLESIDE,11,Thursday
9614,MISSING PERSON,08,INGLESIDE,11,Tuesday
9615,MISSING PERSON,08,INGLESIDE,11,Wednesday
9616,MISSING PERSON,08,MISSION,8,Friday
9617,MISSING PERSON,08,MISSION,4,Monday
9618,MISSING PERSON,08,MISSION,4,Sunday
9619,MISSING PERSON,08,MISSION,6,Thursday
9620,MISSING PERSON,08,MISSION,4,Tuesday
9621,MISSING PERSON,08,MISSION,3,Wednesday
9622,MISSING PERSON,08,NORTHERN,11,Friday
9623,MISSING PERSON,08,NORTHERN,1,Monday
9624,MISSING PERSON,08,NORTHERN,3,Saturday
9625,MISSING PERSON,08,NORTHERN,5,Sunday
9626,MISSING PERSON,08,NORTHERN,2,Thursday
9627,MISSING PERSON,08,NORTHERN,5,Tuesday
9628,MISSING PERSON,08,NORTHERN,6,Wednesday
9629,MISSING PERSON,08,PARK,8,Friday
9630,MISSING PERSON,08,PARK,5,Monday
9631,MISSING PERSON,08,PARK,2,Saturday
9632,MISSING PERSON,08,PARK,2,Sunday
9633,MISSING PERSON,08,PARK,19,Thursday
9634,MISSING PERSON,08,PARK,8,Tuesday
9635,MISSING PERSON,08,PARK,10,Wednesday
9636,MISSING PERSON,08,RICHMOND,3,Friday
9637,MISSING PERSON,08,RICHMOND,3,Monday
9638,MISSING PERSON,08,RICHMOND,2,Thursday
9639,MISSING PERSON,08,RICHMOND,6,Wednesday
9640,MISSING PERSON,08,SOUTHERN,8,Friday
9641,MISSING PERSON,08,SOUTHERN,4,Monday
9642,MISSING PERSON,08,SOUTHERN,6,Saturday
9643,MISSING PERSON,08,SOUTHERN,3,Sunday
9644,MISSING PERSON,08,SOUTHERN,8,Thursday
9645,MISSING PERSON,08,SOUTHERN,6,Tuesday
9646,MISSING PERSON,08,SOUTHERN,2,Wednesday
9647,MISSING PERSON,08,TARAVAL,12,Friday
9648,MISSING PERSON,08,TARAVAL,5,Monday
9649,MISSING PERSON,08,TARAVAL,6,Saturday
9650,MISSING PERSON,08,TARAVAL,2,Sunday
9651,MISSING PERSON,08,TARAVAL,3,Thursday
9652,MISSING PERSON,08,TARAVAL,8,Tuesday
9653,MISSING PERSON,08,TARAVAL,2,Wednesday
9654,MISSING PERSON,08,TENDERLOIN,1,Saturday
9655,MISSING PERSON,08,TENDERLOIN,3,Thursday
9656,MISSING PERSON,08,TENDERLOIN,1,Wednesday
9657,MISSING PERSON,09,BAYVIEW,3,Friday
9658,MISSING PERSON,09,BAYVIEW,12,Saturday
9659,MISSING PERSON,09,BAYVIEW,2,Sunday
9660,MISSING PERSON,09,BAYVIEW,2,Thursday
9661,MISSING PERSON,09,BAYVIEW,7,Tuesday
9662,MISSING PERSON,09,BAYVIEW,4,Wednesday
9663,MISSING PERSON,09,CENTRAL,1,Friday
9664,MISSING PERSON,09,CENTRAL,2,Monday
9665,MISSING PERSON,09,CENTRAL,2,Saturday
9666,MISSING PERSON,09,CENTRAL,1,Sunday
9667,MISSING PERSON,09,CENTRAL,3,Tuesday
9668,MISSING PERSON,09,INGLESIDE,5,Friday
9669,MISSING PERSON,09,INGLESIDE,4,Monday
9670,MISSING PERSON,09,INGLESIDE,3,Saturday
9671,MISSING PERSON,09,INGLESIDE,3,Sunday
9672,MISSING PERSON,09,INGLESIDE,7,Thursday
9673,MISSING PERSON,09,INGLESIDE,15,Tuesday
9674,MISSING PERSON,09,MISSION,5,Friday
9675,MISSING PERSON,09,MISSION,6,Monday
9676,MISSING PERSON,09,MISSION,6,Saturday
9677,MISSING PERSON,09,MISSION,8,Thursday
9678,MISSING PERSON,09,MISSION,3,Tuesday
9679,MISSING PERSON,09,MISSION,1,Wednesday
9680,MISSING PERSON,09,NORTHERN,2,Friday
9681,MISSING PERSON,09,NORTHERN,2,Monday
9682,MISSING PERSON,09,NORTHERN,2,Saturday
9683,MISSING PERSON,09,NORTHERN,3,Thursday
9684,MISSING PERSON,09,NORTHERN,4,Tuesday
9685,MISSING PERSON,09,NORTHERN,4,Wednesday
9686,MISSING PERSON,09,PARK,7,Friday
9687,MISSING PERSON,09,PARK,9,Monday
9688,MISSING PERSON,09,PARK,3,Saturday
9689,MISSING PERSON,09,PARK,5,Sunday
9690,MISSING PERSON,09,PARK,10,Thursday
9691,MISSING PERSON,09,PARK,10,Tuesday
9692,MISSING PERSON,09,PARK,7,Wednesday
9693,MISSING PERSON,09,RICHMOND,2,Monday
9694,MISSING PERSON,09,RICHMOND,2,Thursday
9695,MISSING PERSON,09,RICHMOND,2,Tuesday
9696,MISSING PERSON,09,RICHMOND,5,Wednesday
9697,MISSING PERSON,09,SOUTHERN,6,Friday
9698,MISSING PERSON,09,SOUTHERN,9,Monday
9699,MISSING PERSON,09,SOUTHERN,1,Saturday
9700,MISSING PERSON,09,SOUTHERN,2,Sunday
9701,MISSING PERSON,09,SOUTHERN,2,Thursday
9702,MISSING PERSON,09,SOUTHERN,15,Tuesday
9703,MISSING PERSON,09,SOUTHERN,15,Wednesday
9704,MISSING PERSON,09,TARAVAL,1,Friday
9705,MISSING PERSON,09,TARAVAL,1,Monday
9706,MISSING PERSON,09,TARAVAL,2,Saturday
9707,MISSING PERSON,09,TARAVAL,4,Sunday
9708,MISSING PERSON,09,TARAVAL,2,Thursday
9709,MISSING PERSON,09,TARAVAL,2,Tuesday
9710,MISSING PERSON,09,TARAVAL,4,Wednesday
9711,MISSING PERSON,09,TENDERLOIN,5,Friday
9712,MISSING PERSON,09,TENDERLOIN,1,Monday
9713,MISSING PERSON,09,TENDERLOIN,2,Thursday
9714,MISSING PERSON,10,BAYVIEW,4,Friday
9715,MISSING PERSON,10,BAYVIEW,1,Monday
9716,MISSING PERSON,10,BAYVIEW,2,Saturday
9717,MISSING PERSON,10,BAYVIEW,1,Sunday
9718,MISSING PERSON,10,BAYVIEW,2,Thursday
9719,MISSING PERSON,10,BAYVIEW,3,Wednesday
9720,MISSING PERSON,10,CENTRAL,2,Friday
9721,MISSING PERSON,10,CENTRAL,3,Monday
9722,MISSING PERSON,10,CENTRAL,2,Thursday
9723,MISSING PERSON,10,CENTRAL,5,Tuesday
9724,MISSING PERSON,10,CENTRAL,2,Wednesday
9725,MISSING PERSON,10,INGLESIDE,5,Friday
9726,MISSING PERSON,10,INGLESIDE,6,Monday
9727,MISSING PERSON,10,INGLESIDE,5,Saturday
9728,MISSING PERSON,10,INGLESIDE,2,Sunday
9729,MISSING PERSON,10,INGLESIDE,2,Thursday
9730,MISSING PERSON,10,MISSION,3,Friday
9731,MISSING PERSON,10,MISSION,8,Monday
9732,MISSING PERSON,10,MISSION,8,Saturday
9733,MISSING PERSON,10,MISSION,5,Sunday
9734,MISSING PERSON,10,MISSION,11,Thursday
9735,MISSING PERSON,10,MISSION,5,Tuesday
9736,MISSING PERSON,10,MISSION,5,Wednesday
9737,MISSING PERSON,10,NORTHERN,9,Friday
9738,MISSING PERSON,10,NORTHERN,8,Monday
9739,MISSING PERSON,10,NORTHERN,2,Saturday
9740,MISSING PERSON,10,NORTHERN,3,Sunday
9741,MISSING PERSON,10,NORTHERN,4,Tuesday
9742,MISSING PERSON,10,NORTHERN,6,Wednesday
9743,MISSING PERSON,10,PARK,9,Friday
9744,MISSING PERSON,10,PARK,12,Monday
9745,MISSING PERSON,10,PARK,8,Saturday
9746,MISSING PERSON,10,PARK,6,Sunday
9747,MISSING PERSON,10,PARK,3,Thursday
9748,MISSING PERSON,10,PARK,6,Tuesday
9749,MISSING PERSON,10,PARK,5,Wednesday
9750,MISSING PERSON,10,RICHMOND,3,Friday
9751,MISSING PERSON,10,RICHMOND,4,Monday
9752,MISSING PERSON,10,RICHMOND,2,Saturday
9753,MISSING PERSON,10,RICHMOND,1,Thursday
9754,MISSING PERSON,10,RICHMOND,6,Tuesday
9755,MISSING PERSON,10,SOUTHERN,1,Friday
9756,MISSING PERSON,10,SOUTHERN,3,Monday
9757,MISSING PERSON,10,SOUTHERN,4,Saturday
9758,MISSING PERSON,10,SOUTHERN,2,Sunday
9759,MISSING PERSON,10,SOUTHERN,8,Thursday
9760,MISSING PERSON,10,SOUTHERN,1,Tuesday
9761,MISSING PERSON,10,SOUTHERN,6,Wednesday
9762,MISSING PERSON,10,TARAVAL,3,Friday
9763,MISSING PERSON,10,TARAVAL,5,Monday
9764,MISSING PERSON,10,TARAVAL,5,Sunday
9765,MISSING PERSON,10,TARAVAL,2,Thursday
9766,MISSING PERSON,10,TARAVAL,6,Tuesday
9767,MISSING PERSON,10,TARAVAL,6,Wednesday
9768,MISSING PERSON,10,TENDERLOIN,2,Monday
9769,MISSING PERSON,10,TENDERLOIN,1,Sunday
9770,MISSING PERSON,10,TENDERLOIN,1,Thursday
9771,MISSING PERSON,10,TENDERLOIN,2,Tuesday
9772,MISSING PERSON,11,BAYVIEW,5,Saturday
9773,MISSING PERSON,11,BAYVIEW,3,Sunday
9774,MISSING PERSON,11,BAYVIEW,4,Thursday
9775,MISSING PERSON,11,BAYVIEW,1,Tuesday
9776,MISSING PERSON,11,BAYVIEW,1,Wednesday
9777,MISSING PERSON,11,CENTRAL,3,Friday
9778,MISSING PERSON,11,CENTRAL,2,Monday
9779,MISSING PERSON,11,CENTRAL,2,Saturday
9780,MISSING PERSON,11,CENTRAL,4,Sunday
9781,MISSING PERSON,11,CENTRAL,2,Thursday
9782,MISSING PERSON,11,CENTRAL,2,Tuesday
9783,MISSING PERSON,11,INGLESIDE,4,Friday
9784,MISSING PERSON,11,INGLESIDE,9,Monday
9785,MISSING PERSON,11,INGLESIDE,3,Saturday
9786,MISSING PERSON,11,INGLESIDE,4,Sunday
9787,MISSING PERSON,11,INGLESIDE,2,Thursday
9788,MISSING PERSON,11,INGLESIDE,5,Tuesday
9789,MISSING PERSON,11,INGLESIDE,2,Wednesday
9790,MISSING PERSON,11,MISSION,3,Friday
9791,MISSING PERSON,11,MISSION,2,Monday
9792,MISSING PERSON,11,MISSION,3,Saturday
9793,MISSING PERSON,11,MISSION,2,Sunday
9794,MISSING PERSON,11,MISSION,4,Thursday
9795,MISSING PERSON,11,MISSION,4,Tuesday
9796,MISSING PERSON,11,MISSION,4,Wednesday
9797,MISSING PERSON,11,NORTHERN,8,Friday
9798,MISSING PERSON,11,NORTHERN,3,Monday
9799,MISSING PERSON,11,NORTHERN,7,Saturday
9800,MISSING PERSON,11,NORTHERN,4,Sunday
9801,MISSING PERSON,11,NORTHERN,3,Tuesday
9802,MISSING PERSON,11,NORTHERN,11,Wednesday
9803,MISSING PERSON,11,PARK,4,Friday
9804,MISSING PERSON,11,PARK,11,Monday
9805,MISSING PERSON,11,PARK,15,Saturday
9806,MISSING PERSON,11,PARK,7,Sunday
9807,MISSING PERSON,11,PARK,2,Thursday
9808,MISSING PERSON,11,PARK,7,Tuesday
9809,MISSING PERSON,11,PARK,5,Wednesday
9810,MISSING PERSON,11,RICHMOND,1,Thursday
9811,MISSING PERSON,11,SOUTHERN,5,Friday
9812,MISSING PERSON,11,SOUTHERN,2,Saturday
9813,MISSING PERSON,11,SOUTHERN,6,Sunday
9814,MISSING PERSON,11,SOUTHERN,7,Thursday
9815,MISSING PERSON,11,SOUTHERN,2,Tuesday
9816,MISSING PERSON,11,SOUTHERN,6,Wednesday
9817,MISSING PERSON,11,TARAVAL,4,Friday
9818,MISSING PERSON,11,TARAVAL,2,Saturday
9819,MISSING PERSON,11,TARAVAL,2,Sunday
9820,MISSING PERSON,11,TARAVAL,5,Thursday
9821,MISSING PERSON,11,TARAVAL,2,Wednesday
9822,MISSING PERSON,11,TENDERLOIN,3,Friday
9823,MISSING PERSON,11,TENDERLOIN,2,Monday
9824,MISSING PERSON,11,TENDERLOIN,3,Sunday
9825,MISSING PERSON,11,TENDERLOIN,9,Thursday
9826,MISSING PERSON,11,TENDERLOIN,1,Wednesday
9827,MISSING PERSON,12,BAYVIEW,3,Friday
9828,MISSING PERSON,12,BAYVIEW,10,Monday
9829,MISSING PERSON,12,BAYVIEW,10,Saturday
9830,MISSING PERSON,12,BAYVIEW,14,Sunday
9831,MISSING PERSON,12,BAYVIEW,7,Thursday
9832,MISSING PERSON,12,BAYVIEW,2,Tuesday
9833,MISSING PERSON,12,BAYVIEW,6,Wednesday
9834,MISSING PERSON,12,CENTRAL,3,Friday
9835,MISSING PERSON,12,CENTRAL,3,Monday
9836,MISSING PERSON,12,CENTRAL,5,Sunday
9837,MISSING PERSON,12,CENTRAL,5,Thursday
9838,MISSING PERSON,12,CENTRAL,8,Tuesday
9839,MISSING PERSON,12,CENTRAL,1,Wednesday
9840,MISSING PERSON,12,INGLESIDE,12,Friday
9841,MISSING PERSON,12,INGLESIDE,2,Monday
9842,MISSING PERSON,12,INGLESIDE,10,Saturday
9843,MISSING PERSON,12,INGLESIDE,3,Sunday
9844,MISSING PERSON,12,INGLESIDE,1,Thursday
9845,MISSING PERSON,12,INGLESIDE,6,Tuesday
9846,MISSING PERSON,12,MISSION,8,Friday
9847,MISSING PERSON,12,MISSION,7,Monday
9848,MISSING PERSON,12,MISSION,9,Saturday
9849,MISSING PERSON,12,MISSION,1,Sunday
9850,MISSING PERSON,12,MISSION,5,Thursday
9851,MISSING PERSON,12,MISSION,2,Tuesday
9852,MISSING PERSON,12,MISSION,8,Wednesday
9853,MISSING PERSON,12,NORTHERN,1,Friday
9854,MISSING PERSON,12,NORTHERN,5,Monday
9855,MISSING PERSON,12,NORTHERN,6,Saturday
9856,MISSING PERSON,12,NORTHERN,2,Sunday
9857,MISSING PERSON,12,NORTHERN,3,Thursday
9858,MISSING PERSON,12,NORTHERN,2,Tuesday
9859,MISSING PERSON,12,NORTHERN,3,Wednesday
9860,MISSING PERSON,12,PARK,10,Friday
9861,MISSING PERSON,12,PARK,6,Monday
9862,MISSING PERSON,12,PARK,4,Saturday
9863,MISSING PERSON,12,PARK,4,Sunday
9864,MISSING PERSON,12,PARK,1,Thursday
9865,MISSING PERSON,12,PARK,6,Tuesday
9866,MISSING PERSON,12,PARK,12,Wednesday
9867,MISSING PERSON,12,RICHMOND,1,Monday
9868,MISSING PERSON,12,RICHMOND,2,Saturday
9869,MISSING PERSON,12,RICHMOND,5,Sunday
9870,MISSING PERSON,12,RICHMOND,8,Thursday
9871,MISSING PERSON,12,RICHMOND,2,Tuesday
9872,MISSING PERSON,12,SOUTHERN,9,Friday
9873,MISSING PERSON,12,SOUTHERN,5,Monday
9874,MISSING PERSON,12,SOUTHERN,9,Saturday
9875,MISSING PERSON,12,SOUTHERN,7,Sunday
9876,MISSING PERSON,12,SOUTHERN,10,Thursday
9877,MISSING PERSON,12,SOUTHERN,3,Tuesday
9878,MISSING PERSON,12,SOUTHERN,4,Wednesday
9879,MISSING PERSON,12,TARAVAL,3,Friday
9880,MISSING PERSON,12,TARAVAL,6,Monday
9881,MISSING PERSON,12,TARAVAL,8,Saturday
9882,MISSING PERSON,12,TARAVAL,4,Sunday
9883,MISSING PERSON,12,TARAVAL,10,Thursday
9884,MISSING PERSON,12,TARAVAL,7,Tuesday
9885,MISSING PERSON,12,TARAVAL,5,Wednesday
9886,MISSING PERSON,12,TENDERLOIN,1,Friday
9887,MISSING PERSON,12,TENDERLOIN,3,Monday
9888,MISSING PERSON,12,TENDERLOIN,8,Saturday
9889,MISSING PERSON,12,TENDERLOIN,5,Sunday
9890,MISSING PERSON,12,TENDERLOIN,5,Tuesday
9891,MISSING PERSON,12,TENDERLOIN,2,Wednesday
9892,MISSING PERSON,13,BAYVIEW,4,Friday
9893,MISSING PERSON,13,BAYVIEW,4,Saturday
9894,MISSING PERSON,13,BAYVIEW,2,Sunday
9895,MISSING PERSON,13,BAYVIEW,2,Thursday
9896,MISSING PERSON,13,BAYVIEW,7,Tuesday
9897,MISSING PERSON,13,BAYVIEW,3,Wednesday
9898,MISSING PERSON,13,CENTRAL,4,Friday
9899,MISSING PERSON,13,CENTRAL,2,Saturday
9900,MISSING PERSON,13,CENTRAL,1,Sunday
9901,MISSING PERSON,13,CENTRAL,2,Thursday
9902,MISSING PERSON,13,CENTRAL,1,Wednesday
9903,MISSING PERSON,13,INGLESIDE,6,Friday
9904,MISSING PERSON,13,INGLESIDE,8,Saturday
9905,MISSING PERSON,13,INGLESIDE,1,Sunday
9906,MISSING PERSON,13,INGLESIDE,2,Tuesday
9907,MISSING PERSON,13,INGLESIDE,3,Wednesday
9908,MISSING PERSON,13,MISSION,8,Monday
9909,MISSING PERSON,13,MISSION,4,Saturday
9910,MISSING PERSON,13,MISSION,4,Sunday
9911,MISSING PERSON,13,MISSION,6,Tuesday
9912,MISSING PERSON,13,MISSION,4,Wednesday
9913,MISSING PERSON,13,NORTHERN,4,Friday
9914,MISSING PERSON,13,NORTHERN,3,Monday
9915,MISSING PERSON,13,NORTHERN,4,Saturday
9916,MISSING PERSON,13,NORTHERN,6,Sunday
9917,MISSING PERSON,13,NORTHERN,5,Thursday
9918,MISSING PERSON,13,NORTHERN,7,Tuesday
9919,MISSING PERSON,13,NORTHERN,3,Wednesday
9920,MISSING PERSON,13,PARK,8,Friday
9921,MISSING PERSON,13,PARK,7,Saturday
9922,MISSING PERSON,13,PARK,5,Thursday
9923,MISSING PERSON,13,PARK,4,Tuesday
9924,MISSING PERSON,13,PARK,6,Wednesday
9925,MISSING PERSON,13,RICHMOND,1,Friday
9926,MISSING PERSON,13,RICHMOND,1,Monday
9927,MISSING PERSON,13,RICHMOND,1,Saturday
9928,MISSING PERSON,13,RICHMOND,2,Thursday
9929,MISSING PERSON,13,RICHMOND,4,Wednesday
9930,MISSING PERSON,13,SOUTHERN,3,Friday
9931,MISSING PERSON,13,SOUTHERN,3,Monday
9932,MISSING PERSON,13,SOUTHERN,8,Saturday
9933,MISSING PERSON,13,SOUTHERN,5,Sunday
9934,MISSING PERSON,13,SOUTHERN,6,Thursday
9935,MISSING PERSON,13,SOUTHERN,2,Tuesday
9936,MISSING PERSON,13,SOUTHERN,2,Wednesday
9937,MISSING PERSON,13,TARAVAL,4,Friday
9938,MISSING PERSON,13,TARAVAL,2,Monday
9939,MISSING PERSON,13,TARAVAL,5,Saturday
9940,MISSING PERSON,13,TARAVAL,10,Sunday
9941,MISSING PERSON,13,TARAVAL,10,Thursday
9942,MISSING PERSON,13,TARAVAL,1,Tuesday
9943,MISSING PERSON,13,TARAVAL,4,Wednesday
9944,MISSING PERSON,13,TENDERLOIN,2,Monday
9945,MISSING PERSON,13,TENDERLOIN,2,Sunday
9946,MISSING PERSON,14,BAYVIEW,4,Friday
9947,MISSING PERSON,14,BAYVIEW,4,Monday
9948,MISSING PERSON,14,BAYVIEW,9,Sunday
9949,MISSING PERSON,14,BAYVIEW,5,Thursday
9950,MISSING PERSON,14,BAYVIEW,8,Tuesday
9951,MISSING PERSON,14,CENTRAL,5,Friday
9952,MISSING PERSON,14,CENTRAL,3,Saturday
9953,MISSING PERSON,14,CENTRAL,2,Sunday
9954,MISSING PERSON,14,CENTRAL,2,Thursday
9955,MISSING PERSON,14,CENTRAL,3,Tuesday
9956,MISSING PERSON,14,CENTRAL,2,Wednesday
9957,MISSING PERSON,14,INGLESIDE,9,Friday
9958,MISSING PERSON,14,INGLESIDE,2,Monday
9959,MISSING PERSON,14,INGLESIDE,3,Saturday
9960,MISSING PERSON,14,INGLESIDE,2,Sunday
9961,MISSING PERSON,14,INGLESIDE,5,Thursday
9962,MISSING PERSON,14,INGLESIDE,8,Tuesday
9963,MISSING PERSON,14,INGLESIDE,5,Wednesday
9964,MISSING PERSON,14,MISSION,1,Friday
9965,MISSING PERSON,14,MISSION,5,Monday
9966,MISSING PERSON,14,MISSION,8,Saturday
9967,MISSING PERSON,14,MISSION,2,Sunday
9968,MISSING PERSON,14,MISSION,4,Thursday
9969,MISSING PERSON,14,MISSION,5,Tuesday
9970,MISSING PERSON,14,MISSION,5,Wednesday
9971,MISSING PERSON,14,NORTHERN,5,Friday
9972,MISSING PERSON,14,NORTHERN,2,Saturday
9973,MISSING PERSON,14,NORTHERN,1,Sunday
9974,MISSING PERSON,14,NORTHERN,2,Thursday
9975,MISSING PERSON,14,NORTHERN,5,Tuesday
9976,MISSING PERSON,14,PARK,6,Friday
9977,MISSING PERSON,14,PARK,3,Monday
9978,MISSING PERSON,14,PARK,3,Saturday
9979,MISSING PERSON,14,PARK,5,Sunday
9980,MISSING PERSON,14,PARK,4,Thursday
9981,MISSING PERSON,14,PARK,10,Tuesday
9982,MISSING PERSON,14,PARK,10,Wednesday
9983,MISSING PERSON,14,RICHMOND,3,Friday
9984,MISSING PERSON,14,RICHMOND,2,Monday
9985,MISSING PERSON,14,RICHMOND,2,Sunday
9986,MISSING PERSON,14,RICHMOND,2,Thursday
9987,MISSING PERSON,14,RICHMOND,2,Tuesday
9988,MISSING PERSON,14,RICHMOND,2,Wednesday
9989,MISSING PERSON,14,SOUTHERN,8,Friday
9990,MISSING PERSON,14,SOUTHERN,5,Monday
9991,MISSING PERSON,14,SOUTHERN,10,Saturday
9992,MISSING PERSON,14,SOUTHERN,4,Sunday
9993,MISSING PERSON,14,SOUTHERN,3,Thursday
9994,MISSING PERSON,14,SOUTHERN,8,Tuesday
9995,MISSING PERSON,14,SOUTHERN,4,Wednesday
9996,MISSING PERSON,14,TARAVAL,10,Friday
9997,MISSING PERSON,14,TARAVAL,6,Monday
9998,MISSING PERSON,14,TARAVAL,2,Saturday
9999,MISSING PERSON,14,TARAVAL,4,Thursday
10000,MISSING PERSON,14,TARAVAL,6,Tuesday
10001,MISSING PERSON,14,TARAVAL,7,Wednesday
10002,MISSING PERSON,14,TENDERLOIN,3,Saturday
10003,MISSING PERSON,14,TENDERLOIN,3,Sunday
10004,MISSING PERSON,14,TENDERLOIN,1,Thursday
10005,MISSING PERSON,14,TENDERLOIN,2,Tuesday
10006,MISSING PERSON,15,BAYVIEW,6,Friday
10007,MISSING PERSON,15,BAYVIEW,1,Monday
10008,MISSING PERSON,15,BAYVIEW,3,Saturday
10009,MISSING PERSON,15,BAYVIEW,4,Sunday
10010,MISSING PERSON,15,BAYVIEW,1,Thursday
10011,MISSING PERSON,15,BAYVIEW,5,Tuesday
10012,MISSING PERSON,15,BAYVIEW,5,Wednesday
10013,MISSING PERSON,15,CENTRAL,13,Friday
10014,MISSING PERSON,15,CENTRAL,3,Monday
10015,MISSING PERSON,15,CENTRAL,4,Saturday
10016,MISSING PERSON,15,CENTRAL,2,Sunday
10017,MISSING PERSON,15,CENTRAL,3,Thursday
10018,MISSING PERSON,15,CENTRAL,4,Tuesday
10019,MISSING PERSON,15,CENTRAL,4,Wednesday
10020,MISSING PERSON,15,INGLESIDE,8,Friday
10021,MISSING PERSON,15,INGLESIDE,2,Monday
10022,MISSING PERSON,15,INGLESIDE,6,Saturday
10023,MISSING PERSON,15,INGLESIDE,2,Sunday
10024,MISSING PERSON,15,INGLESIDE,8,Thursday
10025,MISSING PERSON,15,INGLESIDE,1,Tuesday
10026,MISSING PERSON,15,INGLESIDE,2,Wednesday
10027,MISSING PERSON,15,MISSION,1,Friday
10028,MISSING PERSON,15,MISSION,2,Monday
10029,MISSING PERSON,15,MISSION,6,Saturday
10030,MISSING PERSON,15,MISSION,4,Sunday
10031,MISSING PERSON,15,MISSION,1,Thursday
10032,MISSING PERSON,15,MISSION,7,Tuesday
10033,MISSING PERSON,15,MISSION,5,Wednesday
10034,MISSING PERSON,15,NORTHERN,8,Friday
10035,MISSING PERSON,15,NORTHERN,4,Monday
10036,MISSING PERSON,15,NORTHERN,6,Saturday
10037,MISSING PERSON,15,NORTHERN,6,Sunday
10038,MISSING PERSON,15,NORTHERN,2,Thursday
10039,MISSING PERSON,15,NORTHERN,4,Tuesday
10040,MISSING PERSON,15,NORTHERN,2,Wednesday
10041,MISSING PERSON,15,PARK,1,Friday
10042,MISSING PERSON,15,PARK,10,Monday
10043,MISSING PERSON,15,PARK,2,Saturday
10044,MISSING PERSON,15,PARK,5,Sunday
10045,MISSING PERSON,15,PARK,11,Thursday
10046,MISSING PERSON,15,PARK,8,Tuesday
10047,MISSING PERSON,15,PARK,3,Wednesday
10048,MISSING PERSON,15,RICHMOND,4,Friday
10049,MISSING PERSON,15,RICHMOND,4,Monday
10050,MISSING PERSON,15,RICHMOND,1,Saturday
10051,MISSING PERSON,15,RICHMOND,1,Sunday
10052,MISSING PERSON,15,RICHMOND,4,Thursday
10053,MISSING PERSON,15,RICHMOND,4,Tuesday
10054,MISSING PERSON,15,RICHMOND,4,Wednesday
10055,MISSING PERSON,15,SOUTHERN,14,Friday
10056,MISSING PERSON,15,SOUTHERN,4,Monday
10057,MISSING PERSON,15,SOUTHERN,7,Saturday
10058,MISSING PERSON,15,SOUTHERN,6,Sunday
10059,MISSING PERSON,15,SOUTHERN,6,Thursday
10060,MISSING PERSON,15,SOUTHERN,3,Tuesday
10061,MISSING PERSON,15,SOUTHERN,6,Wednesday
10062,MISSING PERSON,15,TARAVAL,8,Friday
10063,MISSING PERSON,15,TARAVAL,3,Monday
10064,MISSING PERSON,15,TARAVAL,5,Saturday
10065,MISSING PERSON,15,TARAVAL,4,Sunday
10066,MISSING PERSON,15,TARAVAL,1,Thursday
10067,MISSING PERSON,15,TARAVAL,3,Tuesday
10068,MISSING PERSON,15,TARAVAL,3,Wednesday
10069,MISSING PERSON,15,TENDERLOIN,3,Friday
10070,MISSING PERSON,15,TENDERLOIN,2,Monday
10071,MISSING PERSON,15,TENDERLOIN,1,Saturday
10072,MISSING PERSON,15,TENDERLOIN,2,Sunday
10073,MISSING PERSON,15,TENDERLOIN,2,Thursday
10074,MISSING PERSON,15,TENDERLOIN,2,Tuesday
10075,MISSING PERSON,16,BAYVIEW,5,Monday
10076,MISSING PERSON,16,BAYVIEW,5,Saturday
10077,MISSING PERSON,16,BAYVIEW,7,Sunday
10078,MISSING PERSON,16,BAYVIEW,5,Thursday
10079,MISSING PERSON,16,BAYVIEW,2,Tuesday
10080,MISSING PERSON,16,CENTRAL,3,Friday
10081,MISSING PERSON,16,CENTRAL,1,Monday
10082,MISSING PERSON,16,CENTRAL,1,Saturday
10083,MISSING PERSON,16,CENTRAL,4,Sunday
10084,MISSING PERSON,16,CENTRAL,4,Thursday
10085,MISSING PERSON,16,CENTRAL,4,Tuesday
10086,MISSING PERSON,16,INGLESIDE,4,Friday
10087,MISSING PERSON,16,INGLESIDE,6,Monday
10088,MISSING PERSON,16,INGLESIDE,3,Saturday
10089,MISSING PERSON,16,INGLESIDE,6,Sunday
10090,MISSING PERSON,16,INGLESIDE,3,Thursday
10091,MISSING PERSON,16,INGLESIDE,1,Tuesday
10092,MISSING PERSON,16,INGLESIDE,5,Wednesday
10093,MISSING PERSON,16,MISSION,10,Friday
10094,MISSING PERSON,16,MISSION,5,Monday
10095,MISSING PERSON,16,MISSION,4,Saturday
10096,MISSING PERSON,16,MISSION,1,Sunday
10097,MISSING PERSON,16,MISSION,1,Thursday
10098,MISSING PERSON,16,MISSION,7,Tuesday
10099,MISSING PERSON,16,MISSION,7,Wednesday
10100,MISSING PERSON,16,NORTHERN,7,Friday
10101,MISSING PERSON,16,NORTHERN,2,Monday
10102,MISSING PERSON,16,NORTHERN,3,Saturday
10103,MISSING PERSON,16,NORTHERN,7,Sunday
10104,MISSING PERSON,16,NORTHERN,4,Thursday
10105,MISSING PERSON,16,NORTHERN,2,Tuesday
10106,MISSING PERSON,16,NORTHERN,1,Wednesday
10107,MISSING PERSON,16,PARK,5,Friday
10108,MISSING PERSON,16,PARK,3,Monday
10109,MISSING PERSON,16,PARK,2,Saturday
10110,MISSING PERSON,16,PARK,8,Thursday
10111,MISSING PERSON,16,PARK,5,Tuesday
10112,MISSING PERSON,16,PARK,8,Wednesday
10113,MISSING PERSON,16,RICHMOND,2,Friday
10114,MISSING PERSON,16,RICHMOND,1,Monday
10115,MISSING PERSON,16,RICHMOND,1,Saturday
10116,MISSING PERSON,16,RICHMOND,3,Sunday
10117,MISSING PERSON,16,RICHMOND,7,Thursday
10118,MISSING PERSON,16,RICHMOND,6,Tuesday
10119,MISSING PERSON,16,RICHMOND,3,Wednesday
10120,MISSING PERSON,16,SOUTHERN,1,Friday
10121,MISSING PERSON,16,SOUTHERN,4,Monday
10122,MISSING PERSON,16,SOUTHERN,3,Saturday
10123,MISSING PERSON,16,SOUTHERN,3,Sunday
10124,MISSING PERSON,16,SOUTHERN,2,Thursday
10125,MISSING PERSON,16,SOUTHERN,8,Tuesday
10126,MISSING PERSON,16,SOUTHERN,3,Wednesday
10127,MISSING PERSON,16,TARAVAL,9,Friday
10128,MISSING PERSON,16,TARAVAL,7,Monday
10129,MISSING PERSON,16,TARAVAL,1,Saturday
10130,MISSING PERSON,16,TARAVAL,6,Thursday
10131,MISSING PERSON,16,TARAVAL,7,Tuesday
10132,MISSING PERSON,16,TARAVAL,4,Wednesday
10133,MISSING PERSON,16,TENDERLOIN,1,Monday
10134,MISSING PERSON,16,TENDERLOIN,4,Saturday
10135,MISSING PERSON,16,TENDERLOIN,1,Sunday
10136,MISSING PERSON,16,TENDERLOIN,2,Thursday
10137,MISSING PERSON,16,TENDERLOIN,1,Tuesday
10138,MISSING PERSON,17,BAYVIEW,5,Friday
10139,MISSING PERSON,17,BAYVIEW,2,Monday
10140,MISSING PERSON,17,BAYVIEW,6,Saturday
10141,MISSING PERSON,17,BAYVIEW,2,Sunday
10142,MISSING PERSON,17,BAYVIEW,7,Thursday
10143,MISSING PERSON,17,BAYVIEW,5,Tuesday
10144,MISSING PERSON,17,CENTRAL,3,Saturday
10145,MISSING PERSON,17,CENTRAL,3,Sunday
10146,MISSING PERSON,17,CENTRAL,1,Thursday
10147,MISSING PERSON,17,CENTRAL,2,Tuesday
10148,MISSING PERSON,17,CENTRAL,2,Wednesday
10149,MISSING PERSON,17,INGLESIDE,1,Friday
10150,MISSING PERSON,17,INGLESIDE,2,Saturday
10151,MISSING PERSON,17,INGLESIDE,1,Sunday
10152,MISSING PERSON,17,INGLESIDE,8,Thursday
10153,MISSING PERSON,17,INGLESIDE,4,Tuesday
10154,MISSING PERSON,17,INGLESIDE,1,Wednesday
10155,MISSING PERSON,17,MISSION,1,Friday
10156,MISSING PERSON,17,MISSION,8,Monday
10157,MISSING PERSON,17,MISSION,7,Sunday
10158,MISSING PERSON,17,MISSION,8,Thursday
10159,MISSING PERSON,17,MISSION,2,Tuesday
10160,MISSING PERSON,17,MISSION,2,Wednesday
10161,MISSING PERSON,17,NORTHERN,3,Friday
10162,MISSING PERSON,17,NORTHERN,6,Saturday
10163,MISSING PERSON,17,NORTHERN,5,Sunday
10164,MISSING PERSON,17,NORTHERN,1,Thursday
10165,MISSING PERSON,17,NORTHERN,3,Tuesday
10166,MISSING PERSON,17,NORTHERN,3,Wednesday
10167,MISSING PERSON,17,PARK,6,Friday
10168,MISSING PERSON,17,PARK,2,Monday
10169,MISSING PERSON,17,PARK,4,Saturday
10170,MISSING PERSON,17,PARK,2,Sunday
10171,MISSING PERSON,17,PARK,2,Thursday
10172,MISSING PERSON,17,PARK,3,Tuesday
10173,MISSING PERSON,17,PARK,9,Wednesday
10174,MISSING PERSON,17,RICHMOND,1,Friday
10175,MISSING PERSON,17,RICHMOND,8,Monday
10176,MISSING PERSON,17,SOUTHERN,4,Friday
10177,MISSING PERSON,17,SOUTHERN,6,Monday
10178,MISSING PERSON,17,SOUTHERN,12,Saturday
10179,MISSING PERSON,17,SOUTHERN,2,Sunday
10180,MISSING PERSON,17,SOUTHERN,11,Thursday
10181,MISSING PERSON,17,SOUTHERN,2,Tuesday
10182,MISSING PERSON,17,SOUTHERN,5,Wednesday
10183,MISSING PERSON,17,TARAVAL,3,Friday
10184,MISSING PERSON,17,TARAVAL,1,Monday
10185,MISSING PERSON,17,TARAVAL,4,Saturday
10186,MISSING PERSON,17,TARAVAL,3,Sunday
10187,MISSING PERSON,17,TARAVAL,2,Thursday
10188,MISSING PERSON,17,TARAVAL,6,Tuesday
10189,MISSING PERSON,17,TARAVAL,6,Wednesday
10190,MISSING PERSON,17,TENDERLOIN,2,Friday
10191,MISSING PERSON,17,TENDERLOIN,1,Monday
10192,MISSING PERSON,17,TENDERLOIN,1,Saturday
10193,MISSING PERSON,17,TENDERLOIN,3,Thursday
10194,MISSING PERSON,17,TENDERLOIN,1,Tuesday
10195,MISSING PERSON,18,BAYVIEW,4,Friday
10196,MISSING PERSON,18,BAYVIEW,4,Monday
10197,MISSING PERSON,18,BAYVIEW,1,Saturday
10198,MISSING PERSON,18,BAYVIEW,5,Sunday
10199,MISSING PERSON,18,BAYVIEW,6,Thursday
10200,MISSING PERSON,18,BAYVIEW,4,Tuesday
10201,MISSING PERSON,18,BAYVIEW,3,Wednesday
10202,MISSING PERSON,18,CENTRAL,5,Friday
10203,MISSING PERSON,18,CENTRAL,6,Saturday
10204,MISSING PERSON,18,CENTRAL,2,Thursday
10205,MISSING PERSON,18,CENTRAL,5,Tuesday
10206,MISSING PERSON,18,CENTRAL,4,Wednesday
10207,MISSING PERSON,18,INGLESIDE,14,Friday
10208,MISSING PERSON,18,INGLESIDE,4,Monday
10209,MISSING PERSON,18,INGLESIDE,3,Saturday
10210,MISSING PERSON,18,INGLESIDE,4,Sunday
10211,MISSING PERSON,18,INGLESIDE,2,Thursday
10212,MISSING PERSON,18,INGLESIDE,6,Tuesday
10213,MISSING PERSON,18,INGLESIDE,9,Wednesday
10214,MISSING PERSON,18,MISSION,3,Friday
10215,MISSING PERSON,18,MISSION,5,Monday
10216,MISSING PERSON,18,MISSION,8,Saturday
10217,MISSING PERSON,18,MISSION,6,Sunday
10218,MISSING PERSON,18,MISSION,4,Thursday
10219,MISSING PERSON,18,MISSION,2,Tuesday
10220,MISSING PERSON,18,MISSION,4,Wednesday
10221,MISSING PERSON,18,NORTHERN,1,Friday
10222,MISSING PERSON,18,NORTHERN,3,Saturday
10223,MISSING PERSON,18,NORTHERN,4,Thursday
10224,MISSING PERSON,18,NORTHERN,1,Tuesday
10225,MISSING PERSON,18,NORTHERN,2,Wednesday
10226,MISSING PERSON,18,PARK,4,Friday
10227,MISSING PERSON,18,PARK,8,Monday
10228,MISSING PERSON,18,PARK,2,Saturday
10229,MISSING PERSON,18,PARK,3,Sunday
10230,MISSING PERSON,18,PARK,3,Tuesday
10231,MISSING PERSON,18,PARK,1,Wednesday
10232,MISSING PERSON,18,RICHMOND,4,Friday
10233,MISSING PERSON,18,RICHMOND,3,Monday
10234,MISSING PERSON,18,RICHMOND,2,Saturday
10235,MISSING PERSON,18,RICHMOND,3,Sunday
10236,MISSING PERSON,18,RICHMOND,3,Tuesday
10237,MISSING PERSON,18,SOUTHERN,12,Friday
10238,MISSING PERSON,18,SOUTHERN,1,Monday
10239,MISSING PERSON,18,SOUTHERN,9,Saturday
10240,MISSING PERSON,18,SOUTHERN,6,Sunday
10241,MISSING PERSON,18,SOUTHERN,2,Thursday
10242,MISSING PERSON,18,SOUTHERN,2,Tuesday
10243,MISSING PERSON,18,SOUTHERN,9,Wednesday
10244,MISSING PERSON,18,TARAVAL,4,Monday
10245,MISSING PERSON,18,TARAVAL,1,Saturday
10246,MISSING PERSON,18,TARAVAL,2,Sunday
10247,MISSING PERSON,18,TARAVAL,4,Tuesday
10248,MISSING PERSON,18,TARAVAL,11,Wednesday
10249,MISSING PERSON,18,TENDERLOIN,1,Friday
10250,MISSING PERSON,18,TENDERLOIN,2,Tuesday
10251,MISSING PERSON,18,TENDERLOIN,3,Wednesday
10252,MISSING PERSON,19,BAYVIEW,2,Friday
10253,MISSING PERSON,19,BAYVIEW,3,Sunday
10254,MISSING PERSON,19,BAYVIEW,2,Thursday
10255,MISSING PERSON,19,BAYVIEW,6,Tuesday
10256,MISSING PERSON,19,BAYVIEW,3,Wednesday
10257,MISSING PERSON,19,CENTRAL,1,Sunday
10258,MISSING PERSON,19,CENTRAL,1,Thursday
10259,MISSING PERSON,19,CENTRAL,1,Tuesday
10260,MISSING PERSON,19,CENTRAL,2,Wednesday
10261,MISSING PERSON,19,INGLESIDE,8,Friday
10262,MISSING PERSON,19,INGLESIDE,6,Saturday
10263,MISSING PERSON,19,INGLESIDE,7,Sunday
10264,MISSING PERSON,19,INGLESIDE,2,Thursday
10265,MISSING PERSON,19,INGLESIDE,3,Tuesday
10266,MISSING PERSON,19,INGLESIDE,4,Wednesday
10267,MISSING PERSON,19,MISSION,2,Friday
10268,MISSING PERSON,19,MISSION,4,Monday
10269,MISSING PERSON,19,MISSION,2,Sunday
10270,MISSING PERSON,19,MISSION,3,Thursday
10271,MISSING PERSON,19,MISSION,1,Tuesday
10272,MISSING PERSON,19,MISSION,5,Wednesday
10273,MISSING PERSON,19,NORTHERN,2,Friday
10274,MISSING PERSON,19,NORTHERN,1,Monday
10275,MISSING PERSON,19,NORTHERN,5,Saturday
10276,MISSING PERSON,19,NORTHERN,2,Sunday
10277,MISSING PERSON,19,NORTHERN,5,Thursday
10278,MISSING PERSON,19,NORTHERN,3,Tuesday
10279,MISSING PERSON,19,NORTHERN,5,Wednesday
10280,MISSING PERSON,19,PARK,1,Friday
10281,MISSING PERSON,19,PARK,2,Monday
10282,MISSING PERSON,19,PARK,4,Saturday
10283,MISSING PERSON,19,PARK,4,Sunday
10284,MISSING PERSON,19,PARK,4,Thursday
10285,MISSING PERSON,19,PARK,6,Tuesday
10286,MISSING PERSON,19,PARK,4,Wednesday
10287,MISSING PERSON,19,RICHMOND,2,Friday
10288,MISSING PERSON,19,RICHMOND,1,Monday
10289,MISSING PERSON,19,RICHMOND,2,Saturday
10290,MISSING PERSON,19,RICHMOND,1,Sunday
10291,MISSING PERSON,19,RICHMOND,2,Thursday
10292,MISSING PERSON,19,RICHMOND,3,Tuesday
10293,MISSING PERSON,19,RICHMOND,2,Wednesday
10294,MISSING PERSON,19,SOUTHERN,6,Friday
10295,MISSING PERSON,19,SOUTHERN,2,Monday
10296,MISSING PERSON,19,SOUTHERN,5,Saturday
10297,MISSING PERSON,19,SOUTHERN,5,Sunday
10298,MISSING PERSON,19,SOUTHERN,2,Thursday
10299,MISSING PERSON,19,SOUTHERN,7,Tuesday
10300,MISSING PERSON,19,SOUTHERN,2,Wednesday
10301,MISSING PERSON,19,TARAVAL,3,Friday
10302,MISSING PERSON,19,TARAVAL,10,Sunday
10303,MISSING PERSON,19,TARAVAL,5,Thursday
10304,MISSING PERSON,19,TENDERLOIN,2,Friday
10305,MISSING PERSON,19,TENDERLOIN,2,Monday
10306,MISSING PERSON,19,TENDERLOIN,2,Saturday
10307,MISSING PERSON,19,TENDERLOIN,3,Sunday
10308,MISSING PERSON,19,TENDERLOIN,2,Thursday
10309,MISSING PERSON,19,TENDERLOIN,2,Wednesday
10310,MISSING PERSON,20,BAYVIEW,1,Friday
10311,MISSING PERSON,20,BAYVIEW,7,Monday
10312,MISSING PERSON,20,BAYVIEW,3,Saturday
10313,MISSING PERSON,20,BAYVIEW,1,Sunday
10314,MISSING PERSON,20,BAYVIEW,4,Thursday
10315,MISSING PERSON,20,BAYVIEW,3,Tuesday
10316,MISSING PERSON,20,BAYVIEW,5,Wednesday
10317,MISSING PERSON,20,CENTRAL,2,Monday
10318,MISSING PERSON,20,CENTRAL,1,Wednesday
10319,MISSING PERSON,20,INGLESIDE,7,Friday
10320,MISSING PERSON,20,INGLESIDE,7,Monday
10321,MISSING PERSON,20,INGLESIDE,5,Saturday
10322,MISSING PERSON,20,INGLESIDE,3,Sunday
10323,MISSING PERSON,20,INGLESIDE,5,Thursday
10324,MISSING PERSON,20,INGLESIDE,4,Tuesday
10325,MISSING PERSON,20,INGLESIDE,5,Wednesday
10326,MISSING PERSON,20,MISSION,5,Friday
10327,MISSING PERSON,20,MISSION,4,Monday
10328,MISSING PERSON,20,MISSION,2,Saturday
10329,MISSING PERSON,20,MISSION,4,Sunday
10330,MISSING PERSON,20,MISSION,3,Thursday
10331,MISSING PERSON,20,MISSION,5,Tuesday
10332,MISSING PERSON,20,MISSION,4,Wednesday
10333,MISSING PERSON,20,NORTHERN,1,Friday
10334,MISSING PERSON,20,NORTHERN,4,Monday
10335,MISSING PERSON,20,NORTHERN,2,Saturday
10336,MISSING PERSON,20,NORTHERN,2,Sunday
10337,MISSING PERSON,20,NORTHERN,6,Wednesday
10338,MISSING PERSON,20,PARK,2,Friday
10339,MISSING PERSON,20,PARK,5,Monday
10340,MISSING PERSON,20,PARK,5,Saturday
10341,MISSING PERSON,20,PARK,3,Sunday
10342,MISSING PERSON,20,PARK,5,Thursday
10343,MISSING PERSON,20,PARK,2,Tuesday
10344,MISSING PERSON,20,PARK,4,Wednesday
10345,MISSING PERSON,20,RICHMOND,5,Friday
10346,MISSING PERSON,20,RICHMOND,1,Monday
10347,MISSING PERSON,20,RICHMOND,6,Saturday
10348,MISSING PERSON,20,RICHMOND,3,Sunday
10349,MISSING PERSON,20,RICHMOND,3,Thursday
10350,MISSING PERSON,20,RICHMOND,2,Wednesday
10351,MISSING PERSON,20,SOUTHERN,4,Friday
10352,MISSING PERSON,20,SOUTHERN,2,Monday
10353,MISSING PERSON,20,SOUTHERN,5,Sunday
10354,MISSING PERSON,20,SOUTHERN,4,Thursday
10355,MISSING PERSON,20,SOUTHERN,3,Tuesday
10356,MISSING PERSON,20,SOUTHERN,3,Wednesday
10357,MISSING PERSON,20,TARAVAL,2,Friday
10358,MISSING PERSON,20,TARAVAL,1,Monday
10359,MISSING PERSON,20,TARAVAL,2,Saturday
10360,MISSING PERSON,20,TARAVAL,3,Sunday
10361,MISSING PERSON,20,TARAVAL,3,Thursday
10362,MISSING PERSON,20,TARAVAL,6,Wednesday
10363,MISSING PERSON,20,TENDERLOIN,1,Saturday
10364,MISSING PERSON,20,TENDERLOIN,2,Sunday
10365,MISSING PERSON,20,TENDERLOIN,4,Tuesday
10366,MISSING PERSON,20,TENDERLOIN,2,Wednesday
10367,MISSING PERSON,21,BAYVIEW,2,Friday
10368,MISSING PERSON,21,BAYVIEW,3,Monday
10369,MISSING PERSON,21,BAYVIEW,1,Saturday
10370,MISSING PERSON,21,BAYVIEW,5,Sunday
10371,MISSING PERSON,21,BAYVIEW,3,Thursday
10372,MISSING PERSON,21,BAYVIEW,2,Tuesday
10373,MISSING PERSON,21,BAYVIEW,11,Wednesday
10374,MISSING PERSON,21,CENTRAL,2,Friday
10375,MISSING PERSON,21,CENTRAL,5,Saturday
10376,MISSING PERSON,21,CENTRAL,1,Thursday
10377,MISSING PERSON,21,INGLESIDE,5,Friday
10378,MISSING PERSON,21,INGLESIDE,1,Monday
10379,MISSING PERSON,21,INGLESIDE,6,Sunday
10380,MISSING PERSON,21,INGLESIDE,2,Thursday
10381,MISSING PERSON,21,INGLESIDE,4,Tuesday
10382,MISSING PERSON,21,INGLESIDE,1,Wednesday
10383,MISSING PERSON,21,MISSION,1,Friday
10384,MISSING PERSON,21,MISSION,2,Monday
10385,MISSING PERSON,21,MISSION,2,Saturday
10386,MISSING PERSON,21,MISSION,5,Sunday
10387,MISSING PERSON,21,MISSION,2,Thursday
10388,MISSING PERSON,21,MISSION,4,Tuesday
10389,MISSING PERSON,21,MISSION,3,Wednesday
10390,MISSING PERSON,21,NORTHERN,2,Friday
10391,MISSING PERSON,21,NORTHERN,2,Monday
10392,MISSING PERSON,21,NORTHERN,1,Sunday
10393,MISSING PERSON,21,NORTHERN,1,Thursday
10394,MISSING PERSON,21,NORTHERN,1,Tuesday
10395,MISSING PERSON,21,NORTHERN,1,Wednesday
10396,MISSING PERSON,21,PARK,4,Friday
10397,MISSING PERSON,21,PARK,11,Monday
10398,MISSING PERSON,21,PARK,3,Sunday
10399,MISSING PERSON,21,PARK,2,Thursday
10400,MISSING PERSON,21,PARK,2,Tuesday
10401,MISSING PERSON,21,PARK,1,Wednesday
10402,MISSING PERSON,21,RICHMOND,2,Friday
10403,MISSING PERSON,21,RICHMOND,2,Sunday
10404,MISSING PERSON,21,RICHMOND,2,Thursday
10405,MISSING PERSON,21,SOUTHERN,4,Friday
10406,MISSING PERSON,21,SOUTHERN,2,Monday
10407,MISSING PERSON,21,SOUTHERN,2,Saturday
10408,MISSING PERSON,21,SOUTHERN,2,Sunday
10409,MISSING PERSON,21,SOUTHERN,4,Thursday
10410,MISSING PERSON,21,SOUTHERN,2,Tuesday
10411,MISSING PERSON,21,SOUTHERN,1,Wednesday
10412,MISSING PERSON,21,TARAVAL,1,Friday
10413,MISSING PERSON,21,TARAVAL,2,Monday
10414,MISSING PERSON,21,TARAVAL,2,Saturday
10415,MISSING PERSON,21,TARAVAL,6,Sunday
10416,MISSING PERSON,21,TARAVAL,3,Tuesday
10417,MISSING PERSON,21,TARAVAL,4,Wednesday
10418,MISSING PERSON,22,BAYVIEW,4,Friday
10419,MISSING PERSON,22,BAYVIEW,3,Monday
10420,MISSING PERSON,22,BAYVIEW,4,Saturday
10421,MISSING PERSON,22,BAYVIEW,4,Sunday
10422,MISSING PERSON,22,BAYVIEW,3,Thursday
10423,MISSING PERSON,22,BAYVIEW,5,Tuesday
10424,MISSING PERSON,22,BAYVIEW,1,Wednesday
10425,MISSING PERSON,22,CENTRAL,6,Friday
10426,MISSING PERSON,22,CENTRAL,2,Monday
10427,MISSING PERSON,22,CENTRAL,1,Saturday
10428,MISSING PERSON,22,CENTRAL,2,Thursday
10429,MISSING PERSON,22,CENTRAL,1,Tuesday
10430,MISSING PERSON,22,INGLESIDE,2,Monday
10431,MISSING PERSON,22,INGLESIDE,2,Sunday
10432,MISSING PERSON,22,INGLESIDE,6,Thursday
10433,MISSING PERSON,22,INGLESIDE,5,Tuesday
10434,MISSING PERSON,22,INGLESIDE,2,Wednesday
10435,MISSING PERSON,22,MISSION,3,Saturday
10436,MISSING PERSON,22,MISSION,1,Sunday
10437,MISSING PERSON,22,MISSION,4,Thursday
10438,MISSING PERSON,22,MISSION,2,Tuesday
10439,MISSING PERSON,22,MISSION,1,Wednesday
10440,MISSING PERSON,22,NORTHERN,2,Friday
10441,MISSING PERSON,22,NORTHERN,2,Saturday
10442,MISSING PERSON,22,NORTHERN,5,Sunday
10443,MISSING PERSON,22,NORTHERN,4,Thursday
10444,MISSING PERSON,22,NORTHERN,1,Tuesday
10445,MISSING PERSON,22,NORTHERN,2,Wednesday
10446,MISSING PERSON,22,PARK,1,Friday
10447,MISSING PERSON,22,PARK,1,Monday
10448,MISSING PERSON,22,PARK,8,Saturday
10449,MISSING PERSON,22,PARK,4,Sunday
10450,MISSING PERSON,22,PARK,5,Thursday
10451,MISSING PERSON,22,PARK,3,Tuesday
10452,MISSING PERSON,22,RICHMOND,2,Friday
10453,MISSING PERSON,22,RICHMOND,4,Monday
10454,MISSING PERSON,22,RICHMOND,1,Tuesday
10455,MISSING PERSON,22,RICHMOND,1,Wednesday
10456,MISSING PERSON,22,SOUTHERN,3,Friday
10457,MISSING PERSON,22,SOUTHERN,5,Saturday
10458,MISSING PERSON,22,SOUTHERN,2,Thursday
10459,MISSING PERSON,22,SOUTHERN,3,Tuesday
10460,MISSING PERSON,22,SOUTHERN,4,Wednesday
10461,MISSING PERSON,22,TARAVAL,2,Friday
10462,MISSING PERSON,22,TARAVAL,6,Saturday
10463,MISSING PERSON,22,TARAVAL,7,Sunday
10464,MISSING PERSON,22,TARAVAL,2,Thursday
10465,MISSING PERSON,22,TENDERLOIN,1,Friday
10466,MISSING PERSON,22,TENDERLOIN,1,Saturday
10467,MISSING PERSON,22,TENDERLOIN,1,Sunday
10468,MISSING PERSON,22,TENDERLOIN,1,Thursday
10469,MISSING PERSON,23,BAYVIEW,1,Friday
10470,MISSING PERSON,23,BAYVIEW,2,Monday
10471,MISSING PERSON,23,BAYVIEW,8,Saturday
10472,MISSING PERSON,23,BAYVIEW,2,Sunday
10473,MISSING PERSON,23,BAYVIEW,1,Thursday
10474,MISSING PERSON,23,BAYVIEW,2,Tuesday
10475,MISSING PERSON,23,BAYVIEW,3,Wednesday
10476,MISSING PERSON,23,CENTRAL,1,Friday
10477,MISSING PERSON,23,CENTRAL,3,Monday
10478,MISSING PERSON,23,CENTRAL,5,Saturday
10479,MISSING PERSON,23,CENTRAL,1,Sunday
10480,MISSING PERSON,23,CENTRAL,2,Thursday
10481,MISSING PERSON,23,CENTRAL,2,Wednesday
10482,MISSING PERSON,23,INGLESIDE,5,Friday
10483,MISSING PERSON,23,INGLESIDE,2,Thursday
10484,MISSING PERSON,23,INGLESIDE,1,Tuesday
10485,MISSING PERSON,23,INGLESIDE,2,Wednesday
10486,MISSING PERSON,23,MISSION,5,Friday
10487,MISSING PERSON,23,MISSION,4,Saturday
10488,MISSING PERSON,23,MISSION,2,Thursday
10489,MISSING PERSON,23,MISSION,4,Tuesday
10490,MISSING PERSON,23,NORTHERN,7,Friday
10491,MISSING PERSON,23,NORTHERN,1,Monday
10492,MISSING PERSON,23,NORTHERN,3,Saturday
10493,MISSING PERSON,23,NORTHERN,1,Sunday
10494,MISSING PERSON,23,NORTHERN,2,Thursday
10495,MISSING PERSON,23,PARK,3,Friday
10496,MISSING PERSON,23,PARK,2,Monday
10497,MISSING PERSON,23,PARK,4,Saturday
10498,MISSING PERSON,23,PARK,2,Sunday
10499,MISSING PERSON,23,PARK,3,Thursday
10500,MISSING PERSON,23,PARK,2,Tuesday
10501,MISSING PERSON,23,PARK,4,Wednesday
10502,MISSING PERSON,23,RICHMOND,2,Monday
10503,MISSING PERSON,23,RICHMOND,2,Sunday
10504,MISSING PERSON,23,SOUTHERN,11,Friday
10505,MISSING PERSON,23,SOUTHERN,3,Monday
10506,MISSING PERSON,23,SOUTHERN,3,Saturday
10507,MISSING PERSON,23,SOUTHERN,1,Thursday
10508,MISSING PERSON,23,SOUTHERN,3,Tuesday
10509,MISSING PERSON,23,SOUTHERN,3,Wednesday
10510,MISSING PERSON,23,TARAVAL,2,Friday
10511,MISSING PERSON,23,TARAVAL,2,Saturday
10512,MISSING PERSON,23,TARAVAL,5,Sunday
10513,MISSING PERSON,23,TARAVAL,2,Thursday
10514,MISSING PERSON,23,TARAVAL,5,Tuesday
10515,MISSING PERSON,23,TENDERLOIN,2,Friday
10516,MISSING PERSON,23,TENDERLOIN,1,Sunday
10517,MISSING PERSON,23,TENDERLOIN,1,Tuesday
10518,NON-CRIMINAL,00,BAYVIEW,9,Friday
10519,NON-CRIMINAL,00,BAYVIEW,5,Monday
10520,NON-CRIMINAL,00,BAYVIEW,13,Saturday
10521,NON-CRIMINAL,00,BAYVIEW,12,Sunday
10522,NON-CRIMINAL,00,BAYVIEW,8,Thursday
10523,NON-CRIMINAL,00,BAYVIEW,8,Tuesday
10524,NON-CRIMINAL,00,BAYVIEW,12,Wednesday
10525,NON-CRIMINAL,00,CENTRAL,17,Friday
10526,NON-CRIMINAL,00,CENTRAL,11,Monday
10527,NON-CRIMINAL,00,CENTRAL,25,Saturday
10528,NON-CRIMINAL,00,CENTRAL,11,Sunday
10529,NON-CRIMINAL,00,CENTRAL,5,Thursday
10530,NON-CRIMINAL,00,CENTRAL,9,Tuesday
10531,NON-CRIMINAL,00,CENTRAL,5,Wednesday
10532,NON-CRIMINAL,00,INGLESIDE,8,Friday
10533,NON-CRIMINAL,00,INGLESIDE,6,Monday
10534,NON-CRIMINAL,00,INGLESIDE,11,Saturday
10535,NON-CRIMINAL,00,INGLESIDE,9,Sunday
10536,NON-CRIMINAL,00,INGLESIDE,10,Thursday
10537,NON-CRIMINAL,00,INGLESIDE,5,Tuesday
10538,NON-CRIMINAL,00,INGLESIDE,5,Wednesday
10539,NON-CRIMINAL,00,MISSION,24,Friday
10540,NON-CRIMINAL,00,MISSION,17,Monday
10541,NON-CRIMINAL,00,MISSION,13,Saturday
10542,NON-CRIMINAL,00,MISSION,15,Sunday
10543,NON-CRIMINAL,00,MISSION,5,Thursday
10544,NON-CRIMINAL,00,MISSION,10,Tuesday
10545,NON-CRIMINAL,00,MISSION,18,Wednesday
10546,NON-CRIMINAL,00,NORTHERN,24,Friday
10547,NON-CRIMINAL,00,NORTHERN,7,Monday
10548,NON-CRIMINAL,00,NORTHERN,15,Saturday
10549,NON-CRIMINAL,00,NORTHERN,21,Sunday
10550,NON-CRIMINAL,00,NORTHERN,5,Thursday
10551,NON-CRIMINAL,00,NORTHERN,11,Tuesday
10552,NON-CRIMINAL,00,NORTHERN,2,Wednesday
10553,NON-CRIMINAL,00,PARK,4,Friday
10554,NON-CRIMINAL,00,PARK,1,Monday
10555,NON-CRIMINAL,00,PARK,1,Saturday
10556,NON-CRIMINAL,00,PARK,5,Sunday
10557,NON-CRIMINAL,00,PARK,3,Thursday
10558,NON-CRIMINAL,00,PARK,3,Tuesday
10559,NON-CRIMINAL,00,PARK,7,Wednesday
10560,NON-CRIMINAL,00,RICHMOND,6,Friday
10561,NON-CRIMINAL,00,RICHMOND,2,Monday
10562,NON-CRIMINAL,00,RICHMOND,9,Saturday
10563,NON-CRIMINAL,00,RICHMOND,5,Sunday
10564,NON-CRIMINAL,00,RICHMOND,7,Thursday
10565,NON-CRIMINAL,00,RICHMOND,2,Tuesday
10566,NON-CRIMINAL,00,RICHMOND,5,Wednesday
10567,NON-CRIMINAL,00,SOUTHERN,25,Friday
10568,NON-CRIMINAL,00,SOUTHERN,14,Monday
10569,NON-CRIMINAL,00,SOUTHERN,33,Saturday
10570,NON-CRIMINAL,00,SOUTHERN,30,Sunday
10571,NON-CRIMINAL,00,SOUTHERN,23,Thursday
10572,NON-CRIMINAL,00,SOUTHERN,14,Tuesday
10573,NON-CRIMINAL,00,SOUTHERN,12,Wednesday
10574,NON-CRIMINAL,00,TARAVAL,13,Friday
10575,NON-CRIMINAL,00,TARAVAL,5,Monday
10576,NON-CRIMINAL,00,TARAVAL,8,Saturday
10577,NON-CRIMINAL,00,TARAVAL,5,Sunday
10578,NON-CRIMINAL,00,TARAVAL,9,Thursday
10579,NON-CRIMINAL,00,TARAVAL,6,Tuesday
10580,NON-CRIMINAL,00,TARAVAL,7,Wednesday
10581,NON-CRIMINAL,00,TENDERLOIN,15,Friday
10582,NON-CRIMINAL,00,TENDERLOIN,6,Monday
10583,NON-CRIMINAL,00,TENDERLOIN,9,Saturday
10584,NON-CRIMINAL,00,TENDERLOIN,7,Sunday
10585,NON-CRIMINAL,00,TENDERLOIN,8,Thursday
10586,NON-CRIMINAL,00,TENDERLOIN,4,Tuesday
10587,NON-CRIMINAL,00,TENDERLOIN,10,Wednesday
10588,NON-CRIMINAL,01,BAYVIEW,3,Friday
10589,NON-CRIMINAL,01,BAYVIEW,3,Monday
10590,NON-CRIMINAL,01,BAYVIEW,4,Saturday
10591,NON-CRIMINAL,01,BAYVIEW,6,Sunday
10592,NON-CRIMINAL,01,BAYVIEW,3,Thursday
10593,NON-CRIMINAL,01,BAYVIEW,4,Tuesday
10594,NON-CRIMINAL,01,BAYVIEW,2,Wednesday
10595,NON-CRIMINAL,01,CENTRAL,12,Friday
10596,NON-CRIMINAL,01,CENTRAL,5,Monday
10597,NON-CRIMINAL,01,CENTRAL,13,Saturday
10598,NON-CRIMINAL,01,CENTRAL,19,Sunday
10599,NON-CRIMINAL,01,CENTRAL,6,Thursday
10600,NON-CRIMINAL,01,CENTRAL,3,Tuesday
10601,NON-CRIMINAL,01,CENTRAL,7,Wednesday
10602,NON-CRIMINAL,01,INGLESIDE,3,Friday
10603,NON-CRIMINAL,01,INGLESIDE,1,Monday
10604,NON-CRIMINAL,01,INGLESIDE,5,Saturday
10605,NON-CRIMINAL,01,INGLESIDE,4,Sunday
10606,NON-CRIMINAL,01,INGLESIDE,2,Tuesday
10607,NON-CRIMINAL,01,INGLESIDE,3,Wednesday
10608,NON-CRIMINAL,01,MISSION,11,Friday
10609,NON-CRIMINAL,01,MISSION,11,Monday
10610,NON-CRIMINAL,01,MISSION,5,Saturday
10611,NON-CRIMINAL,01,MISSION,13,Sunday
10612,NON-CRIMINAL,01,MISSION,7,Thursday
10613,NON-CRIMINAL,01,MISSION,5,Tuesday
10614,NON-CRIMINAL,01,MISSION,10,Wednesday
10615,NON-CRIMINAL,01,NORTHERN,3,Friday
10616,NON-CRIMINAL,01,NORTHERN,5,Monday
10617,NON-CRIMINAL,01,NORTHERN,13,Saturday
10618,NON-CRIMINAL,01,NORTHERN,17,Sunday
10619,NON-CRIMINAL,01,NORTHERN,4,Thursday
10620,NON-CRIMINAL,01,NORTHERN,7,Tuesday
10621,NON-CRIMINAL,01,NORTHERN,2,Wednesday
10622,NON-CRIMINAL,01,PARK,3,Friday
10623,NON-CRIMINAL,01,PARK,5,Saturday
10624,NON-CRIMINAL,01,PARK,4,Sunday
10625,NON-CRIMINAL,01,PARK,2,Tuesday
10626,NON-CRIMINAL,01,PARK,2,Wednesday
10627,NON-CRIMINAL,01,RICHMOND,4,Friday
10628,NON-CRIMINAL,01,RICHMOND,1,Monday
10629,NON-CRIMINAL,01,RICHMOND,6,Saturday
10630,NON-CRIMINAL,01,RICHMOND,2,Sunday
10631,NON-CRIMINAL,01,RICHMOND,2,Thursday
10632,NON-CRIMINAL,01,RICHMOND,3,Tuesday
10633,NON-CRIMINAL,01,RICHMOND,3,Wednesday
10634,NON-CRIMINAL,01,SOUTHERN,22,Friday
10635,NON-CRIMINAL,01,SOUTHERN,12,Monday
10636,NON-CRIMINAL,01,SOUTHERN,25,Saturday
10637,NON-CRIMINAL,01,SOUTHERN,22,Sunday
10638,NON-CRIMINAL,01,SOUTHERN,11,Thursday
10639,NON-CRIMINAL,01,SOUTHERN,8,Tuesday
10640,NON-CRIMINAL,01,SOUTHERN,5,Wednesday
10641,NON-CRIMINAL,01,TARAVAL,2,Friday
10642,NON-CRIMINAL,01,TARAVAL,3,Monday
10643,NON-CRIMINAL,01,TARAVAL,7,Saturday
10644,NON-CRIMINAL,01,TARAVAL,8,Sunday
10645,NON-CRIMINAL,01,TARAVAL,3,Thursday
10646,NON-CRIMINAL,01,TARAVAL,4,Tuesday
10647,NON-CRIMINAL,01,TARAVAL,2,Wednesday
10648,NON-CRIMINAL,01,TENDERLOIN,5,Friday
10649,NON-CRIMINAL,01,TENDERLOIN,6,Monday
10650,NON-CRIMINAL,01,TENDERLOIN,4,Saturday
10651,NON-CRIMINAL,01,TENDERLOIN,5,Sunday
10652,NON-CRIMINAL,01,TENDERLOIN,4,Thursday
10653,NON-CRIMINAL,01,TENDERLOIN,5,Tuesday
10654,NON-CRIMINAL,01,TENDERLOIN,3,Wednesday
10655,NON-CRIMINAL,02,BAYVIEW,3,Friday
10656,NON-CRIMINAL,02,BAYVIEW,3,Monday
10657,NON-CRIMINAL,02,BAYVIEW,4,Saturday
10658,NON-CRIMINAL,02,BAYVIEW,4,Sunday
10659,NON-CRIMINAL,02,BAYVIEW,4,Thursday
10660,NON-CRIMINAL,02,BAYVIEW,5,Tuesday
10661,NON-CRIMINAL,02,BAYVIEW,2,Wednesday
10662,NON-CRIMINAL,02,CENTRAL,7,Friday
10663,NON-CRIMINAL,02,CENTRAL,4,Monday
10664,NON-CRIMINAL,02,CENTRAL,8,Saturday
10665,NON-CRIMINAL,02,CENTRAL,10,Sunday
10666,NON-CRIMINAL,02,CENTRAL,7,Thursday
10667,NON-CRIMINAL,02,CENTRAL,8,Tuesday
10668,NON-CRIMINAL,02,CENTRAL,4,Wednesday
10669,NON-CRIMINAL,02,INGLESIDE,3,Friday
10670,NON-CRIMINAL,02,INGLESIDE,2,Monday
10671,NON-CRIMINAL,02,INGLESIDE,1,Saturday
10672,NON-CRIMINAL,02,INGLESIDE,3,Sunday
10673,NON-CRIMINAL,02,INGLESIDE,1,Thursday
10674,NON-CRIMINAL,02,INGLESIDE,3,Tuesday
10675,NON-CRIMINAL,02,INGLESIDE,1,Wednesday
10676,NON-CRIMINAL,02,MISSION,12,Friday
10677,NON-CRIMINAL,02,MISSION,2,Monday
10678,NON-CRIMINAL,02,MISSION,13,Saturday
10679,NON-CRIMINAL,02,MISSION,13,Sunday
10680,NON-CRIMINAL,02,MISSION,9,Thursday
10681,NON-CRIMINAL,02,MISSION,3,Tuesday
10682,NON-CRIMINAL,02,MISSION,4,Wednesday
10683,NON-CRIMINAL,02,NORTHERN,4,Friday
10684,NON-CRIMINAL,02,NORTHERN,8,Monday
10685,NON-CRIMINAL,02,NORTHERN,10,Saturday
10686,NON-CRIMINAL,02,NORTHERN,13,Sunday
10687,NON-CRIMINAL,02,NORTHERN,2,Thursday
10688,NON-CRIMINAL,02,NORTHERN,3,Tuesday
10689,NON-CRIMINAL,02,NORTHERN,4,Wednesday
10690,NON-CRIMINAL,02,PARK,2,Friday
10691,NON-CRIMINAL,02,PARK,2,Saturday
10692,NON-CRIMINAL,02,PARK,3,Sunday
10693,NON-CRIMINAL,02,RICHMOND,5,Friday
10694,NON-CRIMINAL,02,RICHMOND,4,Saturday
10695,NON-CRIMINAL,02,RICHMOND,1,Thursday
10696,NON-CRIMINAL,02,RICHMOND,2,Tuesday
10697,NON-CRIMINAL,02,RICHMOND,1,Wednesday
10698,NON-CRIMINAL,02,SOUTHERN,4,Friday
10699,NON-CRIMINAL,02,SOUTHERN,7,Monday
10700,NON-CRIMINAL,02,SOUTHERN,11,Saturday
10701,NON-CRIMINAL,02,SOUTHERN,24,Sunday
10702,NON-CRIMINAL,02,SOUTHERN,8,Thursday
10703,NON-CRIMINAL,02,SOUTHERN,4,Tuesday
10704,NON-CRIMINAL,02,SOUTHERN,7,Wednesday
10705,NON-CRIMINAL,02,TARAVAL,1,Friday
10706,NON-CRIMINAL,02,TARAVAL,3,Monday
10707,NON-CRIMINAL,02,TARAVAL,7,Saturday
10708,NON-CRIMINAL,02,TARAVAL,3,Sunday
10709,NON-CRIMINAL,02,TARAVAL,1,Tuesday
10710,NON-CRIMINAL,02,TARAVAL,3,Wednesday
10711,NON-CRIMINAL,02,TENDERLOIN,4,Monday
10712,NON-CRIMINAL,02,TENDERLOIN,2,Saturday
10713,NON-CRIMINAL,02,TENDERLOIN,10,Sunday
10714,NON-CRIMINAL,02,TENDERLOIN,2,Thursday
10715,NON-CRIMINAL,02,TENDERLOIN,4,Tuesday
10716,NON-CRIMINAL,02,TENDERLOIN,1,Wednesday
10717,NON-CRIMINAL,03,BAYVIEW,2,Friday
10718,NON-CRIMINAL,03,BAYVIEW,3,Monday
10719,NON-CRIMINAL,03,BAYVIEW,2,Saturday
10720,NON-CRIMINAL,03,BAYVIEW,3,Sunday
10721,NON-CRIMINAL,03,BAYVIEW,3,Thursday
10722,NON-CRIMINAL,03,BAYVIEW,5,Tuesday
10723,NON-CRIMINAL,03,BAYVIEW,4,Wednesday
10724,NON-CRIMINAL,03,CENTRAL,2,Monday
10725,NON-CRIMINAL,03,CENTRAL,5,Saturday
10726,NON-CRIMINAL,03,CENTRAL,3,Sunday
10727,NON-CRIMINAL,03,CENTRAL,1,Thursday
10728,NON-CRIMINAL,03,CENTRAL,3,Tuesday
10729,NON-CRIMINAL,03,CENTRAL,2,Wednesday
10730,NON-CRIMINAL,03,INGLESIDE,2,Friday
10731,NON-CRIMINAL,03,INGLESIDE,3,Monday
10732,NON-CRIMINAL,03,INGLESIDE,2,Saturday
10733,NON-CRIMINAL,03,INGLESIDE,3,Sunday
10734,NON-CRIMINAL,03,INGLESIDE,1,Thursday
10735,NON-CRIMINAL,03,INGLESIDE,5,Tuesday
10736,NON-CRIMINAL,03,INGLESIDE,4,Wednesday
10737,NON-CRIMINAL,03,MISSION,3,Friday
10738,NON-CRIMINAL,03,MISSION,2,Monday
10739,NON-CRIMINAL,03,MISSION,3,Saturday
10740,NON-CRIMINAL,03,MISSION,9,Sunday
10741,NON-CRIMINAL,03,MISSION,2,Thursday
10742,NON-CRIMINAL,03,MISSION,4,Tuesday
10743,NON-CRIMINAL,03,MISSION,4,Wednesday
10744,NON-CRIMINAL,03,NORTHERN,5,Friday
10745,NON-CRIMINAL,03,NORTHERN,7,Saturday
10746,NON-CRIMINAL,03,NORTHERN,1,Sunday
10747,NON-CRIMINAL,03,NORTHERN,4,Thursday
10748,NON-CRIMINAL,03,NORTHERN,7,Tuesday
10749,NON-CRIMINAL,03,NORTHERN,3,Wednesday
10750,NON-CRIMINAL,03,PARK,1,Friday
10751,NON-CRIMINAL,03,PARK,3,Monday
10752,NON-CRIMINAL,03,PARK,2,Saturday
10753,NON-CRIMINAL,03,PARK,3,Sunday
10754,NON-CRIMINAL,03,PARK,4,Thursday
10755,NON-CRIMINAL,03,PARK,2,Tuesday
10756,NON-CRIMINAL,03,PARK,1,Wednesday
10757,NON-CRIMINAL,03,RICHMOND,1,Friday
10758,NON-CRIMINAL,03,RICHMOND,5,Saturday
10759,NON-CRIMINAL,03,RICHMOND,1,Sunday
10760,NON-CRIMINAL,03,RICHMOND,3,Thursday
10761,NON-CRIMINAL,03,RICHMOND,2,Tuesday
10762,NON-CRIMINAL,03,RICHMOND,3,Wednesday
10763,NON-CRIMINAL,03,SOUTHERN,5,Friday
10764,NON-CRIMINAL,03,SOUTHERN,9,Monday
10765,NON-CRIMINAL,03,SOUTHERN,8,Saturday
10766,NON-CRIMINAL,03,SOUTHERN,8,Sunday
10767,NON-CRIMINAL,03,SOUTHERN,4,Thursday
10768,NON-CRIMINAL,03,SOUTHERN,4,Tuesday
10769,NON-CRIMINAL,03,SOUTHERN,5,Wednesday
10770,NON-CRIMINAL,03,TARAVAL,1,Friday
10771,NON-CRIMINAL,03,TARAVAL,4,Saturday
10772,NON-CRIMINAL,03,TARAVAL,5,Sunday
10773,NON-CRIMINAL,03,TARAVAL,2,Thursday
10774,NON-CRIMINAL,03,TARAVAL,1,Tuesday
10775,NON-CRIMINAL,03,TARAVAL,5,Wednesday
10776,NON-CRIMINAL,03,TENDERLOIN,7,Friday
10777,NON-CRIMINAL,03,TENDERLOIN,1,Monday
10778,NON-CRIMINAL,03,TENDERLOIN,5,Saturday
10779,NON-CRIMINAL,03,TENDERLOIN,1,Sunday
10780,NON-CRIMINAL,03,TENDERLOIN,4,Tuesday
10781,NON-CRIMINAL,03,TENDERLOIN,2,Wednesday
10782,NON-CRIMINAL,04,BAYVIEW,3,Friday
10783,NON-CRIMINAL,04,BAYVIEW,1,Monday
10784,NON-CRIMINAL,04,BAYVIEW,1,Saturday
10785,NON-CRIMINAL,04,BAYVIEW,2,Sunday
10786,NON-CRIMINAL,04,BAYVIEW,3,Thursday
10787,NON-CRIMINAL,04,BAYVIEW,1,Tuesday
10788,NON-CRIMINAL,04,BAYVIEW,2,Wednesday
10789,NON-CRIMINAL,04,CENTRAL,3,Friday
10790,NON-CRIMINAL,04,CENTRAL,1,Monday
10791,NON-CRIMINAL,04,CENTRAL,4,Saturday
10792,NON-CRIMINAL,04,CENTRAL,2,Sunday
10793,NON-CRIMINAL,04,CENTRAL,2,Tuesday
10794,NON-CRIMINAL,04,CENTRAL,4,Wednesday
10795,NON-CRIMINAL,04,INGLESIDE,1,Friday
10796,NON-CRIMINAL,04,INGLESIDE,1,Monday
10797,NON-CRIMINAL,04,INGLESIDE,2,Saturday
10798,NON-CRIMINAL,04,INGLESIDE,1,Sunday
10799,NON-CRIMINAL,04,INGLESIDE,2,Thursday
10800,NON-CRIMINAL,04,INGLESIDE,2,Wednesday
10801,NON-CRIMINAL,04,MISSION,8,Friday
10802,NON-CRIMINAL,04,MISSION,3,Monday
10803,NON-CRIMINAL,04,MISSION,2,Saturday
10804,NON-CRIMINAL,04,MISSION,2,Sunday
10805,NON-CRIMINAL,04,MISSION,2,Thursday
10806,NON-CRIMINAL,04,MISSION,5,Tuesday
10807,NON-CRIMINAL,04,MISSION,3,Wednesday
10808,NON-CRIMINAL,04,NORTHERN,4,Friday
10809,NON-CRIMINAL,04,NORTHERN,1,Monday
10810,NON-CRIMINAL,04,NORTHERN,3,Saturday
10811,NON-CRIMINAL,04,NORTHERN,3,Sunday
10812,NON-CRIMINAL,04,NORTHERN,2,Thursday
10813,NON-CRIMINAL,04,NORTHERN,2,Tuesday
10814,NON-CRIMINAL,04,PARK,1,Friday
10815,NON-CRIMINAL,04,PARK,2,Tuesday
10816,NON-CRIMINAL,04,PARK,4,Wednesday
10817,NON-CRIMINAL,04,RICHMOND,1,Monday
10818,NON-CRIMINAL,04,RICHMOND,3,Saturday
10819,NON-CRIMINAL,04,RICHMOND,2,Sunday
10820,NON-CRIMINAL,04,RICHMOND,1,Thursday
10821,NON-CRIMINAL,04,RICHMOND,1,Tuesday
10822,NON-CRIMINAL,04,RICHMOND,1,Wednesday
10823,NON-CRIMINAL,04,SOUTHERN,4,Friday
10824,NON-CRIMINAL,04,SOUTHERN,6,Monday
10825,NON-CRIMINAL,04,SOUTHERN,7,Saturday
10826,NON-CRIMINAL,04,SOUTHERN,7,Sunday
10827,NON-CRIMINAL,04,SOUTHERN,4,Thursday
10828,NON-CRIMINAL,04,SOUTHERN,4,Tuesday
10829,NON-CRIMINAL,04,SOUTHERN,5,Wednesday
10830,NON-CRIMINAL,04,TARAVAL,3,Friday
10831,NON-CRIMINAL,04,TARAVAL,1,Saturday
10832,NON-CRIMINAL,04,TARAVAL,5,Sunday
10833,NON-CRIMINAL,04,TARAVAL,2,Thursday
10834,NON-CRIMINAL,04,TARAVAL,1,Wednesday
10835,NON-CRIMINAL,04,TENDERLOIN,2,Friday
10836,NON-CRIMINAL,04,TENDERLOIN,1,Monday
10837,NON-CRIMINAL,04,TENDERLOIN,2,Saturday
10838,NON-CRIMINAL,04,TENDERLOIN,3,Sunday
10839,NON-CRIMINAL,04,TENDERLOIN,1,Tuesday
10840,NON-CRIMINAL,04,TENDERLOIN,2,Wednesday
10841,NON-CRIMINAL,05,BAYVIEW,4,Friday
10842,NON-CRIMINAL,05,BAYVIEW,1,Monday
10843,NON-CRIMINAL,05,BAYVIEW,4,Saturday
10844,NON-CRIMINAL,05,BAYVIEW,3,Sunday
10845,NON-CRIMINAL,05,BAYVIEW,3,Thursday
10846,NON-CRIMINAL,05,BAYVIEW,6,Tuesday
10847,NON-CRIMINAL,05,BAYVIEW,1,Wednesday
10848,NON-CRIMINAL,05,CENTRAL,4,Friday
10849,NON-CRIMINAL,05,CENTRAL,6,Monday
10850,NON-CRIMINAL,05,CENTRAL,4,Saturday
10851,NON-CRIMINAL,05,CENTRAL,2,Sunday
10852,NON-CRIMINAL,05,CENTRAL,4,Tuesday
10853,NON-CRIMINAL,05,CENTRAL,5,Wednesday
10854,NON-CRIMINAL,05,INGLESIDE,1,Friday
10855,NON-CRIMINAL,05,INGLESIDE,1,Monday
10856,NON-CRIMINAL,05,INGLESIDE,4,Saturday
10857,NON-CRIMINAL,05,INGLESIDE,2,Sunday
10858,NON-CRIMINAL,05,INGLESIDE,1,Thursday
10859,NON-CRIMINAL,05,INGLESIDE,1,Tuesday
10860,NON-CRIMINAL,05,INGLESIDE,2,Wednesday
10861,NON-CRIMINAL,05,MISSION,1,Friday
10862,NON-CRIMINAL,05,MISSION,5,Monday
10863,NON-CRIMINAL,05,MISSION,4,Saturday
10864,NON-CRIMINAL,05,MISSION,3,Sunday
10865,NON-CRIMINAL,05,MISSION,4,Thursday
10866,NON-CRIMINAL,05,MISSION,8,Tuesday
10867,NON-CRIMINAL,05,MISSION,3,Wednesday
10868,NON-CRIMINAL,05,NORTHERN,2,Friday
10869,NON-CRIMINAL,05,NORTHERN,8,Monday
10870,NON-CRIMINAL,05,NORTHERN,1,Saturday
10871,NON-CRIMINAL,05,NORTHERN,1,Thursday
10872,NON-CRIMINAL,05,NORTHERN,4,Tuesday
10873,NON-CRIMINAL,05,NORTHERN,4,Wednesday
10874,NON-CRIMINAL,05,PARK,1,Sunday
10875,NON-CRIMINAL,05,PARK,1,Thursday
10876,NON-CRIMINAL,05,PARK,1,Wednesday
10877,NON-CRIMINAL,05,RICHMOND,1,Friday
10878,NON-CRIMINAL,05,RICHMOND,5,Saturday
10879,NON-CRIMINAL,05,RICHMOND,3,Thursday
10880,NON-CRIMINAL,05,RICHMOND,1,Tuesday
10881,NON-CRIMINAL,05,RICHMOND,3,Wednesday
10882,NON-CRIMINAL,05,SOUTHERN,8,Friday
10883,NON-CRIMINAL,05,SOUTHERN,3,Monday
10884,NON-CRIMINAL,05,SOUTHERN,2,Saturday
10885,NON-CRIMINAL,05,SOUTHERN,9,Sunday
10886,NON-CRIMINAL,05,SOUTHERN,6,Thursday
10887,NON-CRIMINAL,05,SOUTHERN,6,Tuesday
10888,NON-CRIMINAL,05,SOUTHERN,3,Wednesday
10889,NON-CRIMINAL,05,TARAVAL,2,Friday
10890,NON-CRIMINAL,05,TARAVAL,1,Monday
10891,NON-CRIMINAL,05,TARAVAL,2,Saturday
10892,NON-CRIMINAL,05,TARAVAL,2,Thursday
10893,NON-CRIMINAL,05,TARAVAL,5,Tuesday
10894,NON-CRIMINAL,05,TARAVAL,2,Wednesday
10895,NON-CRIMINAL,05,TENDERLOIN,5,Friday
10896,NON-CRIMINAL,05,TENDERLOIN,2,Monday
10897,NON-CRIMINAL,05,TENDERLOIN,3,Saturday
10898,NON-CRIMINAL,05,TENDERLOIN,4,Sunday
10899,NON-CRIMINAL,05,TENDERLOIN,5,Wednesday
10900,NON-CRIMINAL,06,BAYVIEW,7,Friday
10901,NON-CRIMINAL,06,BAYVIEW,5,Monday
10902,NON-CRIMINAL,06,BAYVIEW,5,Saturday
10903,NON-CRIMINAL,06,BAYVIEW,2,Sunday
10904,NON-CRIMINAL,06,BAYVIEW,3,Thursday
10905,NON-CRIMINAL,06,BAYVIEW,5,Tuesday
10906,NON-CRIMINAL,06,BAYVIEW,3,Wednesday
10907,NON-CRIMINAL,06,CENTRAL,1,Friday
10908,NON-CRIMINAL,06,CENTRAL,2,Monday
10909,NON-CRIMINAL,06,CENTRAL,6,Saturday
10910,NON-CRIMINAL,06,CENTRAL,5,Sunday
10911,NON-CRIMINAL,06,CENTRAL,5,Thursday
10912,NON-CRIMINAL,06,CENTRAL,8,Tuesday
10913,NON-CRIMINAL,06,CENTRAL,4,Wednesday
10914,NON-CRIMINAL,06,INGLESIDE,1,Friday
10915,NON-CRIMINAL,06,INGLESIDE,4,Monday
10916,NON-CRIMINAL,06,INGLESIDE,1,Sunday
10917,NON-CRIMINAL,06,INGLESIDE,6,Thursday
10918,NON-CRIMINAL,06,INGLESIDE,5,Tuesday
10919,NON-CRIMINAL,06,INGLESIDE,7,Wednesday
10920,NON-CRIMINAL,06,MISSION,8,Friday
10921,NON-CRIMINAL,06,MISSION,16,Monday
10922,NON-CRIMINAL,06,MISSION,5,Saturday
10923,NON-CRIMINAL,06,MISSION,6,Sunday
10924,NON-CRIMINAL,06,MISSION,2,Thursday
10925,NON-CRIMINAL,06,MISSION,9,Tuesday
10926,NON-CRIMINAL,06,MISSION,12,Wednesday
10927,NON-CRIMINAL,06,NORTHERN,3,Friday
10928,NON-CRIMINAL,06,NORTHERN,6,Monday
10929,NON-CRIMINAL,06,NORTHERN,4,Saturday
10930,NON-CRIMINAL,06,NORTHERN,6,Sunday
10931,NON-CRIMINAL,06,NORTHERN,13,Thursday
10932,NON-CRIMINAL,06,NORTHERN,11,Tuesday
10933,NON-CRIMINAL,06,NORTHERN,9,Wednesday
10934,NON-CRIMINAL,06,PARK,2,Friday
10935,NON-CRIMINAL,06,PARK,2,Monday
10936,NON-CRIMINAL,06,PARK,3,Saturday
10937,NON-CRIMINAL,06,PARK,2,Sunday
10938,NON-CRIMINAL,06,PARK,1,Thursday
10939,NON-CRIMINAL,06,PARK,3,Tuesday
10940,NON-CRIMINAL,06,PARK,4,Wednesday
10941,NON-CRIMINAL,06,RICHMOND,6,Friday
10942,NON-CRIMINAL,06,RICHMOND,5,Monday
10943,NON-CRIMINAL,06,RICHMOND,3,Saturday
10944,NON-CRIMINAL,06,RICHMOND,2,Sunday
10945,NON-CRIMINAL,06,RICHMOND,6,Thursday
10946,NON-CRIMINAL,06,RICHMOND,2,Tuesday
10947,NON-CRIMINAL,06,RICHMOND,4,Wednesday
10948,NON-CRIMINAL,06,SOUTHERN,10,Friday
10949,NON-CRIMINAL,06,SOUTHERN,10,Monday
10950,NON-CRIMINAL,06,SOUTHERN,10,Saturday
10951,NON-CRIMINAL,06,SOUTHERN,2,Sunday
10952,NON-CRIMINAL,06,SOUTHERN,14,Thursday
10953,NON-CRIMINAL,06,SOUTHERN,2,Tuesday
10954,NON-CRIMINAL,06,SOUTHERN,4,Wednesday
10955,NON-CRIMINAL,06,TARAVAL,6,Friday
10956,NON-CRIMINAL,06,TARAVAL,4,Monday
10957,NON-CRIMINAL,06,TARAVAL,5,Saturday
10958,NON-CRIMINAL,06,TARAVAL,2,Sunday
10959,NON-CRIMINAL,06,TARAVAL,2,Thursday
10960,NON-CRIMINAL,06,TARAVAL,4,Tuesday
10961,NON-CRIMINAL,06,TARAVAL,6,Wednesday
10962,NON-CRIMINAL,06,TENDERLOIN,9,Friday
10963,NON-CRIMINAL,06,TENDERLOIN,6,Monday
10964,NON-CRIMINAL,06,TENDERLOIN,5,Saturday
10965,NON-CRIMINAL,06,TENDERLOIN,7,Sunday
10966,NON-CRIMINAL,06,TENDERLOIN,6,Thursday
10967,NON-CRIMINAL,06,TENDERLOIN,9,Tuesday
10968,NON-CRIMINAL,06,TENDERLOIN,9,Wednesday
10969,NON-CRIMINAL,07,BAYVIEW,4,Friday
10970,NON-CRIMINAL,07,BAYVIEW,1,Monday
10971,NON-CRIMINAL,07,BAYVIEW,4,Saturday
10972,NON-CRIMINAL,07,BAYVIEW,4,Sunday
10973,NON-CRIMINAL,07,BAYVIEW,7,Thursday
10974,NON-CRIMINAL,07,BAYVIEW,8,Tuesday
10975,NON-CRIMINAL,07,BAYVIEW,5,Wednesday
10976,NON-CRIMINAL,07,CENTRAL,7,Friday
10977,NON-CRIMINAL,07,CENTRAL,8,Monday
10978,NON-CRIMINAL,07,CENTRAL,13,Saturday
10979,NON-CRIMINAL,07,CENTRAL,5,Sunday
10980,NON-CRIMINAL,07,CENTRAL,9,Thursday
10981,NON-CRIMINAL,07,CENTRAL,6,Tuesday
10982,NON-CRIMINAL,07,CENTRAL,11,Wednesday
10983,NON-CRIMINAL,07,INGLESIDE,8,Friday
10984,NON-CRIMINAL,07,INGLESIDE,4,Monday
10985,NON-CRIMINAL,07,INGLESIDE,4,Saturday
10986,NON-CRIMINAL,07,INGLESIDE,3,Sunday
10987,NON-CRIMINAL,07,INGLESIDE,6,Thursday
10988,NON-CRIMINAL,07,INGLESIDE,9,Tuesday
10989,NON-CRIMINAL,07,INGLESIDE,4,Wednesday
10990,NON-CRIMINAL,07,MISSION,9,Friday
10991,NON-CRIMINAL,07,MISSION,6,Monday
10992,NON-CRIMINAL,07,MISSION,7,Saturday
10993,NON-CRIMINAL,07,MISSION,3,Sunday
10994,NON-CRIMINAL,07,MISSION,9,Thursday
10995,NON-CRIMINAL,07,MISSION,7,Tuesday
10996,NON-CRIMINAL,07,MISSION,9,Wednesday
10997,NON-CRIMINAL,07,NORTHERN,6,Friday
10998,NON-CRIMINAL,07,NORTHERN,5,Monday
10999,NON-CRIMINAL,07,NORTHERN,13,Saturday
11000,NON-CRIMINAL,07,NORTHERN,8,Sunday
11001,NON-CRIMINAL,07,NORTHERN,11,Thursday
11002,NON-CRIMINAL,07,NORTHERN,5,Tuesday
11003,NON-CRIMINAL,07,NORTHERN,6,Wednesday
11004,NON-CRIMINAL,07,PARK,11,Friday
11005,NON-CRIMINAL,07,PARK,7,Monday
11006,NON-CRIMINAL,07,PARK,4,Saturday
11007,NON-CRIMINAL,07,PARK,1,Sunday
11008,NON-CRIMINAL,07,PARK,7,Thursday
11009,NON-CRIMINAL,07,PARK,6,Tuesday
11010,NON-CRIMINAL,07,PARK,9,Wednesday
11011,NON-CRIMINAL,07,RICHMOND,9,Friday
11012,NON-CRIMINAL,07,RICHMOND,4,Monday
11013,NON-CRIMINAL,07,RICHMOND,12,Saturday
11014,NON-CRIMINAL,07,RICHMOND,4,Sunday
11015,NON-CRIMINAL,07,RICHMOND,5,Thursday
11016,NON-CRIMINAL,07,RICHMOND,4,Tuesday
11017,NON-CRIMINAL,07,RICHMOND,8,Wednesday
11018,NON-CRIMINAL,07,SOUTHERN,15,Friday
11019,NON-CRIMINAL,07,SOUTHERN,14,Monday
11020,NON-CRIMINAL,07,SOUTHERN,9,Saturday
11021,NON-CRIMINAL,07,SOUTHERN,10,Sunday
11022,NON-CRIMINAL,07,SOUTHERN,15,Thursday
11023,NON-CRIMINAL,07,SOUTHERN,15,Tuesday
11024,NON-CRIMINAL,07,SOUTHERN,15,Wednesday
11025,NON-CRIMINAL,07,TARAVAL,2,Friday
11026,NON-CRIMINAL,07,TARAVAL,4,Monday
11027,NON-CRIMINAL,07,TARAVAL,5,Saturday
11028,NON-CRIMINAL,07,TARAVAL,4,Sunday
11029,NON-CRIMINAL,07,TARAVAL,5,Thursday
11030,NON-CRIMINAL,07,TARAVAL,7,Tuesday
11031,NON-CRIMINAL,07,TARAVAL,1,Wednesday
11032,NON-CRIMINAL,07,TENDERLOIN,7,Friday
11033,NON-CRIMINAL,07,TENDERLOIN,3,Monday
11034,NON-CRIMINAL,07,TENDERLOIN,5,Saturday
11035,NON-CRIMINAL,07,TENDERLOIN,4,Sunday
11036,NON-CRIMINAL,07,TENDERLOIN,5,Thursday
11037,NON-CRIMINAL,07,TENDERLOIN,4,Tuesday
11038,NON-CRIMINAL,07,TENDERLOIN,4,Wednesday
11039,NON-CRIMINAL,08,BAYVIEW,15,Friday
11040,NON-CRIMINAL,08,BAYVIEW,10,Monday
11041,NON-CRIMINAL,08,BAYVIEW,9,Saturday
11042,NON-CRIMINAL,08,BAYVIEW,4,Sunday
11043,NON-CRIMINAL,08,BAYVIEW,12,Thursday
11044,NON-CRIMINAL,08,BAYVIEW,8,Tuesday
11045,NON-CRIMINAL,08,BAYVIEW,14,Wednesday
11046,NON-CRIMINAL,08,CENTRAL,17,Friday
11047,NON-CRIMINAL,08,CENTRAL,23,Monday
11048,NON-CRIMINAL,08,CENTRAL,7,Saturday
11049,NON-CRIMINAL,08,CENTRAL,11,Sunday
11050,NON-CRIMINAL,08,CENTRAL,12,Thursday
11051,NON-CRIMINAL,08,CENTRAL,13,Tuesday
11052,NON-CRIMINAL,08,CENTRAL,9,Wednesday
11053,NON-CRIMINAL,08,INGLESIDE,11,Friday
11054,NON-CRIMINAL,08,INGLESIDE,6,Monday
11055,NON-CRIMINAL,08,INGLESIDE,4,Saturday
11056,NON-CRIMINAL,08,INGLESIDE,11,Sunday
11057,NON-CRIMINAL,08,INGLESIDE,10,Thursday
11058,NON-CRIMINAL,08,INGLESIDE,9,Tuesday
11059,NON-CRIMINAL,08,INGLESIDE,3,Wednesday
11060,NON-CRIMINAL,08,MISSION,15,Friday
11061,NON-CRIMINAL,08,MISSION,11,Monday
11062,NON-CRIMINAL,08,MISSION,14,Saturday
11063,NON-CRIMINAL,08,MISSION,9,Sunday
11064,NON-CRIMINAL,08,MISSION,14,Thursday
11065,NON-CRIMINAL,08,MISSION,13,Tuesday
11066,NON-CRIMINAL,08,MISSION,13,Wednesday
11067,NON-CRIMINAL,08,NORTHERN,10,Friday
11068,NON-CRIMINAL,08,NORTHERN,15,Monday
11069,NON-CRIMINAL,08,NORTHERN,11,Saturday
11070,NON-CRIMINAL,08,NORTHERN,18,Sunday
11071,NON-CRIMINAL,08,NORTHERN,16,Thursday
11072,NON-CRIMINAL,08,NORTHERN,16,Tuesday
11073,NON-CRIMINAL,08,NORTHERN,13,Wednesday
11074,NON-CRIMINAL,08,PARK,8,Friday
11075,NON-CRIMINAL,08,PARK,2,Monday
11076,NON-CRIMINAL,08,PARK,12,Saturday
11077,NON-CRIMINAL,08,PARK,5,Sunday
11078,NON-CRIMINAL,08,PARK,10,Thursday
11079,NON-CRIMINAL,08,PARK,9,Tuesday
11080,NON-CRIMINAL,08,PARK,7,Wednesday
11081,NON-CRIMINAL,08,RICHMOND,9,Friday
11082,NON-CRIMINAL,08,RICHMOND,4,Monday
11083,NON-CRIMINAL,08,RICHMOND,12,Saturday
11084,NON-CRIMINAL,08,RICHMOND,3,Sunday
11085,NON-CRIMINAL,08,RICHMOND,4,Thursday
11086,NON-CRIMINAL,08,RICHMOND,5,Tuesday
11087,NON-CRIMINAL,08,RICHMOND,8,Wednesday
11088,NON-CRIMINAL,08,SOUTHERN,28,Friday
11089,NON-CRIMINAL,08,SOUTHERN,19,Monday
11090,NON-CRIMINAL,08,SOUTHERN,18,Saturday
11091,NON-CRIMINAL,08,SOUTHERN,9,Sunday
11092,NON-CRIMINAL,08,SOUTHERN,23,Thursday
11093,NON-CRIMINAL,08,SOUTHERN,24,Tuesday
11094,NON-CRIMINAL,08,SOUTHERN,29,Wednesday
11095,NON-CRIMINAL,08,TARAVAL,12,Friday
11096,NON-CRIMINAL,08,TARAVAL,10,Monday
11097,NON-CRIMINAL,08,TARAVAL,8,Saturday
11098,NON-CRIMINAL,08,TARAVAL,9,Sunday
11099,NON-CRIMINAL,08,TARAVAL,12,Thursday
11100,NON-CRIMINAL,08,TARAVAL,10,Tuesday
11101,NON-CRIMINAL,08,TARAVAL,11,Wednesday
11102,NON-CRIMINAL,08,TENDERLOIN,8,Friday
11103,NON-CRIMINAL,08,TENDERLOIN,12,Monday
11104,NON-CRIMINAL,08,TENDERLOIN,11,Saturday
11105,NON-CRIMINAL,08,TENDERLOIN,5,Sunday
11106,NON-CRIMINAL,08,TENDERLOIN,9,Thursday
11107,NON-CRIMINAL,08,TENDERLOIN,8,Tuesday
11108,NON-CRIMINAL,08,TENDERLOIN,8,Wednesday
11109,NON-CRIMINAL,09,BAYVIEW,18,Friday
11110,NON-CRIMINAL,09,BAYVIEW,9,Monday
11111,NON-CRIMINAL,09,BAYVIEW,8,Saturday
11112,NON-CRIMINAL,09,BAYVIEW,4,Sunday
11113,NON-CRIMINAL,09,BAYVIEW,9,Thursday
11114,NON-CRIMINAL,09,BAYVIEW,7,Tuesday
11115,NON-CRIMINAL,09,BAYVIEW,11,Wednesday
11116,NON-CRIMINAL,09,CENTRAL,19,Friday
11117,NON-CRIMINAL,09,CENTRAL,14,Monday
11118,NON-CRIMINAL,09,CENTRAL,14,Saturday
11119,NON-CRIMINAL,09,CENTRAL,20,Sunday
11120,NON-CRIMINAL,09,CENTRAL,17,Thursday
11121,NON-CRIMINAL,09,CENTRAL,14,Tuesday
11122,NON-CRIMINAL,09,CENTRAL,16,Wednesday
11123,NON-CRIMINAL,09,INGLESIDE,12,Friday
11124,NON-CRIMINAL,09,INGLESIDE,8,Monday
11125,NON-CRIMINAL,09,INGLESIDE,7,Saturday
11126,NON-CRIMINAL,09,INGLESIDE,7,Sunday
11127,NON-CRIMINAL,09,INGLESIDE,14,Thursday
11128,NON-CRIMINAL,09,INGLESIDE,9,Tuesday
11129,NON-CRIMINAL,09,INGLESIDE,5,Wednesday
11130,NON-CRIMINAL,09,MISSION,22,Friday
11131,NON-CRIMINAL,09,MISSION,11,Monday
11132,NON-CRIMINAL,09,MISSION,10,Saturday
11133,NON-CRIMINAL,09,MISSION,9,Sunday
11134,NON-CRIMINAL,09,MISSION,11,Thursday
11135,NON-CRIMINAL,09,MISSION,21,Tuesday
11136,NON-CRIMINAL,09,MISSION,22,Wednesday
11137,NON-CRIMINAL,09,NORTHERN,13,Friday
11138,NON-CRIMINAL,09,NORTHERN,16,Monday
11139,NON-CRIMINAL,09,NORTHERN,12,Saturday
11140,NON-CRIMINAL,09,NORTHERN,7,Sunday
11141,NON-CRIMINAL,09,NORTHERN,14,Thursday
11142,NON-CRIMINAL,09,NORTHERN,15,Tuesday
11143,NON-CRIMINAL,09,NORTHERN,16,Wednesday
11144,NON-CRIMINAL,09,PARK,9,Friday
11145,NON-CRIMINAL,09,PARK,9,Monday
11146,NON-CRIMINAL,09,PARK,5,Saturday
11147,NON-CRIMINAL,09,PARK,8,Sunday
11148,NON-CRIMINAL,09,PARK,7,Thursday
11149,NON-CRIMINAL,09,PARK,12,Tuesday
11150,NON-CRIMINAL,09,PARK,7,Wednesday
11151,NON-CRIMINAL,09,RICHMOND,11,Friday
11152,NON-CRIMINAL,09,RICHMOND,3,Monday
11153,NON-CRIMINAL,09,RICHMOND,10,Saturday
11154,NON-CRIMINAL,09,RICHMOND,5,Sunday
11155,NON-CRIMINAL,09,RICHMOND,9,Thursday
11156,NON-CRIMINAL,09,RICHMOND,13,Tuesday
11157,NON-CRIMINAL,09,RICHMOND,9,Wednesday
11158,NON-CRIMINAL,09,SOUTHERN,25,Friday
11159,NON-CRIMINAL,09,SOUTHERN,26,Monday
11160,NON-CRIMINAL,09,SOUTHERN,24,Saturday
11161,NON-CRIMINAL,09,SOUTHERN,13,Sunday
11162,NON-CRIMINAL,09,SOUTHERN,33,Thursday
11163,NON-CRIMINAL,09,SOUTHERN,24,Tuesday
11164,NON-CRIMINAL,09,SOUTHERN,26,Wednesday
11165,NON-CRIMINAL,09,TARAVAL,10,Friday
11166,NON-CRIMINAL,09,TARAVAL,13,Monday
11167,NON-CRIMINAL,09,TARAVAL,12,Saturday
11168,NON-CRIMINAL,09,TARAVAL,15,Sunday
11169,NON-CRIMINAL,09,TARAVAL,9,Thursday
11170,NON-CRIMINAL,09,TARAVAL,5,Tuesday
11171,NON-CRIMINAL,09,TARAVAL,7,Wednesday
11172,NON-CRIMINAL,09,TENDERLOIN,11,Friday
11173,NON-CRIMINAL,09,TENDERLOIN,3,Monday
11174,NON-CRIMINAL,09,TENDERLOIN,8,Saturday
11175,NON-CRIMINAL,09,TENDERLOIN,3,Sunday
11176,NON-CRIMINAL,09,TENDERLOIN,7,Thursday
11177,NON-CRIMINAL,09,TENDERLOIN,10,Tuesday
11178,NON-CRIMINAL,09,TENDERLOIN,5,Wednesday
11179,NON-CRIMINAL,10,BAYVIEW,17,Friday
11180,NON-CRIMINAL,10,BAYVIEW,7,Monday
11181,NON-CRIMINAL,10,BAYVIEW,12,Saturday
11182,NON-CRIMINAL,10,BAYVIEW,6,Sunday
11183,NON-CRIMINAL,10,BAYVIEW,12,Thursday
11184,NON-CRIMINAL,10,BAYVIEW,10,Tuesday
11185,NON-CRIMINAL,10,BAYVIEW,8,Wednesday
11186,NON-CRIMINAL,10,CENTRAL,23,Friday
11187,NON-CRIMINAL,10,CENTRAL,14,Monday
11188,NON-CRIMINAL,10,CENTRAL,15,Saturday
11189,NON-CRIMINAL,10,CENTRAL,19,Sunday
11190,NON-CRIMINAL,10,CENTRAL,18,Thursday
11191,NON-CRIMINAL,10,CENTRAL,8,Tuesday
11192,NON-CRIMINAL,10,CENTRAL,12,Wednesday
11193,NON-CRIMINAL,10,INGLESIDE,12,Friday
11194,NON-CRIMINAL,10,INGLESIDE,10,Monday
11195,NON-CRIMINAL,10,INGLESIDE,13,Saturday
11196,NON-CRIMINAL,10,INGLESIDE,14,Sunday
11197,NON-CRIMINAL,10,INGLESIDE,10,Thursday
11198,NON-CRIMINAL,10,INGLESIDE,5,Tuesday
11199,NON-CRIMINAL,10,INGLESIDE,11,Wednesday
11200,NON-CRIMINAL,10,MISSION,21,Friday
11201,NON-CRIMINAL,10,MISSION,21,Monday
11202,NON-CRIMINAL,10,MISSION,16,Saturday
11203,NON-CRIMINAL,10,MISSION,17,Sunday
11204,NON-CRIMINAL,10,MISSION,16,Thursday
11205,NON-CRIMINAL,10,MISSION,10,Tuesday
11206,NON-CRIMINAL,10,MISSION,24,Wednesday
11207,NON-CRIMINAL,10,NORTHERN,15,Friday
11208,NON-CRIMINAL,10,NORTHERN,9,Monday
11209,NON-CRIMINAL,10,NORTHERN,24,Saturday
11210,NON-CRIMINAL,10,NORTHERN,23,Sunday
11211,NON-CRIMINAL,10,NORTHERN,14,Thursday
11212,NON-CRIMINAL,10,NORTHERN,19,Tuesday
11213,NON-CRIMINAL,10,NORTHERN,17,Wednesday
11214,NON-CRIMINAL,10,PARK,10,Friday
11215,NON-CRIMINAL,10,PARK,9,Monday
11216,NON-CRIMINAL,10,PARK,5,Saturday
11217,NON-CRIMINAL,10,PARK,8,Sunday
11218,NON-CRIMINAL,10,PARK,11,Thursday
11219,NON-CRIMINAL,10,PARK,6,Tuesday
11220,NON-CRIMINAL,10,PARK,4,Wednesday
11221,NON-CRIMINAL,10,RICHMOND,7,Friday
11222,NON-CRIMINAL,10,RICHMOND,10,Monday
11223,NON-CRIMINAL,10,RICHMOND,8,Saturday
11224,NON-CRIMINAL,10,RICHMOND,15,Sunday
11225,NON-CRIMINAL,10,RICHMOND,14,Thursday
11226,NON-CRIMINAL,10,RICHMOND,16,Tuesday
11227,NON-CRIMINAL,10,RICHMOND,19,Wednesday
11228,NON-CRIMINAL,10,SOUTHERN,30,Friday
11229,NON-CRIMINAL,10,SOUTHERN,37,Monday
11230,NON-CRIMINAL,10,SOUTHERN,22,Saturday
11231,NON-CRIMINAL,10,SOUTHERN,18,Sunday
11232,NON-CRIMINAL,10,SOUTHERN,25,Thursday
11233,NON-CRIMINAL,10,SOUTHERN,29,Tuesday
11234,NON-CRIMINAL,10,SOUTHERN,21,Wednesday
11235,NON-CRIMINAL,10,TARAVAL,12,Friday
11236,NON-CRIMINAL,10,TARAVAL,12,Monday
11237,NON-CRIMINAL,10,TARAVAL,8,Saturday
11238,NON-CRIMINAL,10,TARAVAL,16,Sunday
11239,NON-CRIMINAL,10,TARAVAL,6,Thursday
11240,NON-CRIMINAL,10,TARAVAL,10,Tuesday
11241,NON-CRIMINAL,10,TARAVAL,8,Wednesday
11242,NON-CRIMINAL,10,TENDERLOIN,16,Friday
11243,NON-CRIMINAL,10,TENDERLOIN,10,Monday
11244,NON-CRIMINAL,10,TENDERLOIN,6,Saturday
11245,NON-CRIMINAL,10,TENDERLOIN,9,Sunday
11246,NON-CRIMINAL,10,TENDERLOIN,13,Thursday
11247,NON-CRIMINAL,10,TENDERLOIN,16,Tuesday
11248,NON-CRIMINAL,10,TENDERLOIN,14,Wednesday
11249,NON-CRIMINAL,11,BAYVIEW,14,Friday
11250,NON-CRIMINAL,11,BAYVIEW,4,Monday
11251,NON-CRIMINAL,11,BAYVIEW,6,Saturday
11252,NON-CRIMINAL,11,BAYVIEW,12,Sunday
11253,NON-CRIMINAL,11,BAYVIEW,12,Thursday
11254,NON-CRIMINAL,11,BAYVIEW,9,Tuesday
11255,NON-CRIMINAL,11,BAYVIEW,12,Wednesday
11256,NON-CRIMINAL,11,CENTRAL,25,Friday
11257,NON-CRIMINAL,11,CENTRAL,20,Monday
11258,NON-CRIMINAL,11,CENTRAL,20,Saturday
11259,NON-CRIMINAL,11,CENTRAL,17,Sunday
11260,NON-CRIMINAL,11,CENTRAL,27,Thursday
11261,NON-CRIMINAL,11,CENTRAL,9,Tuesday
11262,NON-CRIMINAL,11,CENTRAL,14,Wednesday
11263,NON-CRIMINAL,11,INGLESIDE,11,Friday
11264,NON-CRIMINAL,11,INGLESIDE,12,Monday
11265,NON-CRIMINAL,11,INGLESIDE,12,Saturday
11266,NON-CRIMINAL,11,INGLESIDE,5,Sunday
11267,NON-CRIMINAL,11,INGLESIDE,10,Thursday
11268,NON-CRIMINAL,11,INGLESIDE,11,Tuesday
11269,NON-CRIMINAL,11,INGLESIDE,7,Wednesday
11270,NON-CRIMINAL,11,MISSION,19,Friday
11271,NON-CRIMINAL,11,MISSION,24,Monday
11272,NON-CRIMINAL,11,MISSION,14,Saturday
11273,NON-CRIMINAL,11,MISSION,9,Sunday
11274,NON-CRIMINAL,11,MISSION,18,Thursday
11275,NON-CRIMINAL,11,MISSION,20,Tuesday
11276,NON-CRIMINAL,11,MISSION,28,Wednesday
11277,NON-CRIMINAL,11,NORTHERN,16,Friday
11278,NON-CRIMINAL,11,NORTHERN,15,Monday
11279,NON-CRIMINAL,11,NORTHERN,14,Saturday
11280,NON-CRIMINAL,11,NORTHERN,16,Sunday
11281,NON-CRIMINAL,11,NORTHERN,14,Thursday
11282,NON-CRIMINAL,11,NORTHERN,11,Tuesday
11283,NON-CRIMINAL,11,NORTHERN,15,Wednesday
11284,NON-CRIMINAL,11,PARK,13,Friday
11285,NON-CRIMINAL,11,PARK,11,Monday
11286,NON-CRIMINAL,11,PARK,8,Saturday
11287,NON-CRIMINAL,11,PARK,19,Sunday
11288,NON-CRIMINAL,11,PARK,12,Thursday
11289,NON-CRIMINAL,11,PARK,12,Tuesday
11290,NON-CRIMINAL,11,PARK,11,Wednesday
11291,NON-CRIMINAL,11,RICHMOND,7,Friday
11292,NON-CRIMINAL,11,RICHMOND,14,Monday
11293,NON-CRIMINAL,11,RICHMOND,16,Saturday
11294,NON-CRIMINAL,11,RICHMOND,8,Sunday
11295,NON-CRIMINAL,11,RICHMOND,3,Thursday
11296,NON-CRIMINAL,11,RICHMOND,11,Tuesday
11297,NON-CRIMINAL,11,RICHMOND,14,Wednesday
11298,NON-CRIMINAL,11,SOUTHERN,22,Friday
11299,NON-CRIMINAL,11,SOUTHERN,24,Monday
11300,NON-CRIMINAL,11,SOUTHERN,32,Saturday
11301,NON-CRIMINAL,11,SOUTHERN,21,Sunday
11302,NON-CRIMINAL,11,SOUTHERN,27,Thursday
11303,NON-CRIMINAL,11,SOUTHERN,22,Tuesday
11304,NON-CRIMINAL,11,SOUTHERN,26,Wednesday
11305,NON-CRIMINAL,11,TARAVAL,7,Friday
11306,NON-CRIMINAL,11,TARAVAL,10,Monday
11307,NON-CRIMINAL,11,TARAVAL,13,Saturday
11308,NON-CRIMINAL,11,TARAVAL,13,Sunday
11309,NON-CRIMINAL,11,TARAVAL,10,Thursday
11310,NON-CRIMINAL,11,TARAVAL,11,Tuesday
11311,NON-CRIMINAL,11,TARAVAL,10,Wednesday
11312,NON-CRIMINAL,11,TENDERLOIN,15,Friday
11313,NON-CRIMINAL,11,TENDERLOIN,10,Monday
11314,NON-CRIMINAL,11,TENDERLOIN,8,Saturday
11315,NON-CRIMINAL,11,TENDERLOIN,9,Sunday
11316,NON-CRIMINAL,11,TENDERLOIN,10,Thursday
11317,NON-CRIMINAL,11,TENDERLOIN,21,Tuesday
11318,NON-CRIMINAL,11,TENDERLOIN,10,Wednesday
11319,NON-CRIMINAL,12,BAYVIEW,14,Friday
11320,NON-CRIMINAL,12,BAYVIEW,11,Monday
11321,NON-CRIMINAL,12,BAYVIEW,18,Saturday
11322,NON-CRIMINAL,12,BAYVIEW,10,Sunday
11323,NON-CRIMINAL,12,BAYVIEW,16,Thursday
11324,NON-CRIMINAL,12,BAYVIEW,16,Tuesday
11325,NON-CRIMINAL,12,BAYVIEW,21,Wednesday
11326,NON-CRIMINAL,12,CENTRAL,25,Friday
11327,NON-CRIMINAL,12,CENTRAL,30,Monday
11328,NON-CRIMINAL,12,CENTRAL,35,Saturday
11329,NON-CRIMINAL,12,CENTRAL,23,Sunday
11330,NON-CRIMINAL,12,CENTRAL,20,Thursday
11331,NON-CRIMINAL,12,CENTRAL,23,Tuesday
11332,NON-CRIMINAL,12,CENTRAL,17,Wednesday
11333,NON-CRIMINAL,12,INGLESIDE,12,Friday
11334,NON-CRIMINAL,12,INGLESIDE,14,Monday
11335,NON-CRIMINAL,12,INGLESIDE,13,Saturday
11336,NON-CRIMINAL,12,INGLESIDE,14,Sunday
11337,NON-CRIMINAL,12,INGLESIDE,23,Thursday
11338,NON-CRIMINAL,12,INGLESIDE,7,Tuesday
11339,NON-CRIMINAL,12,INGLESIDE,10,Wednesday
11340,NON-CRIMINAL,12,MISSION,32,Friday
11341,NON-CRIMINAL,12,MISSION,19,Monday
11342,NON-CRIMINAL,12,MISSION,19,Saturday
11343,NON-CRIMINAL,12,MISSION,22,Sunday
11344,NON-CRIMINAL,12,MISSION,25,Thursday
11345,NON-CRIMINAL,12,MISSION,23,Tuesday
11346,NON-CRIMINAL,12,MISSION,27,Wednesday
11347,NON-CRIMINAL,12,NORTHERN,25,Friday
11348,NON-CRIMINAL,12,NORTHERN,27,Monday
11349,NON-CRIMINAL,12,NORTHERN,21,Saturday
11350,NON-CRIMINAL,12,NORTHERN,21,Sunday
11351,NON-CRIMINAL,12,NORTHERN,10,Thursday
11352,NON-CRIMINAL,12,NORTHERN,28,Tuesday
11353,NON-CRIMINAL,12,NORTHERN,15,Wednesday
11354,NON-CRIMINAL,12,PARK,11,Friday
11355,NON-CRIMINAL,12,PARK,13,Monday
11356,NON-CRIMINAL,12,PARK,16,Saturday
11357,NON-CRIMINAL,12,PARK,17,Sunday
11358,NON-CRIMINAL,12,PARK,18,Thursday
11359,NON-CRIMINAL,12,PARK,10,Tuesday
11360,NON-CRIMINAL,12,PARK,31,Wednesday
11361,NON-CRIMINAL,12,RICHMOND,13,Friday
11362,NON-CRIMINAL,12,RICHMOND,8,Monday
11363,NON-CRIMINAL,12,RICHMOND,19,Saturday
11364,NON-CRIMINAL,12,RICHMOND,9,Sunday
11365,NON-CRIMINAL,12,RICHMOND,9,Thursday
11366,NON-CRIMINAL,12,RICHMOND,11,Tuesday
11367,NON-CRIMINAL,12,RICHMOND,13,Wednesday
11368,NON-CRIMINAL,12,SOUTHERN,31,Friday
11369,NON-CRIMINAL,12,SOUTHERN,34,Monday
11370,NON-CRIMINAL,12,SOUTHERN,26,Saturday
11371,NON-CRIMINAL,12,SOUTHERN,30,Sunday
11372,NON-CRIMINAL,12,SOUTHERN,32,Thursday
11373,NON-CRIMINAL,12,SOUTHERN,47,Tuesday
11374,NON-CRIMINAL,12,SOUTHERN,41,Wednesday
11375,NON-CRIMINAL,12,TARAVAL,20,Friday
11376,NON-CRIMINAL,12,TARAVAL,19,Monday
11377,NON-CRIMINAL,12,TARAVAL,14,Saturday
11378,NON-CRIMINAL,12,TARAVAL,20,Sunday
11379,NON-CRIMINAL,12,TARAVAL,12,Thursday
11380,NON-CRIMINAL,12,TARAVAL,17,Tuesday
11381,NON-CRIMINAL,12,TARAVAL,22,Wednesday
11382,NON-CRIMINAL,12,TENDERLOIN,9,Friday
11383,NON-CRIMINAL,12,TENDERLOIN,14,Monday
11384,NON-CRIMINAL,12,TENDERLOIN,7,Saturday
11385,NON-CRIMINAL,12,TENDERLOIN,9,Sunday
11386,NON-CRIMINAL,12,TENDERLOIN,13,Thursday
11387,NON-CRIMINAL,12,TENDERLOIN,12,Tuesday
11388,NON-CRIMINAL,12,TENDERLOIN,16,Wednesday
11389,NON-CRIMINAL,13,BAYVIEW,13,Friday
11390,NON-CRIMINAL,13,BAYVIEW,11,Monday
11391,NON-CRIMINAL,13,BAYVIEW,8,Saturday
11392,NON-CRIMINAL,13,BAYVIEW,5,Sunday
11393,NON-CRIMINAL,13,BAYVIEW,7,Thursday
11394,NON-CRIMINAL,13,BAYVIEW,14,Tuesday
11395,NON-CRIMINAL,13,BAYVIEW,13,Wednesday
11396,NON-CRIMINAL,13,CENTRAL,29,Friday
11397,NON-CRIMINAL,13,CENTRAL,21,Monday
11398,NON-CRIMINAL,13,CENTRAL,22,Saturday
11399,NON-CRIMINAL,13,CENTRAL,18,Sunday
11400,NON-CRIMINAL,13,CENTRAL,20,Thursday
11401,NON-CRIMINAL,13,CENTRAL,22,Tuesday
11402,NON-CRIMINAL,13,CENTRAL,22,Wednesday
11403,NON-CRIMINAL,13,INGLESIDE,8,Friday
11404,NON-CRIMINAL,13,INGLESIDE,7,Monday
11405,NON-CRIMINAL,13,INGLESIDE,9,Saturday
11406,NON-CRIMINAL,13,INGLESIDE,7,Sunday
11407,NON-CRIMINAL,13,INGLESIDE,12,Thursday
11408,NON-CRIMINAL,13,INGLESIDE,6,Tuesday
11409,NON-CRIMINAL,13,INGLESIDE,12,Wednesday
11410,NON-CRIMINAL,13,MISSION,21,Friday
11411,NON-CRIMINAL,13,MISSION,13,Monday
11412,NON-CRIMINAL,13,MISSION,23,Saturday
11413,NON-CRIMINAL,13,MISSION,12,Sunday
11414,NON-CRIMINAL,13,MISSION,30,Thursday
11415,NON-CRIMINAL,13,MISSION,13,Tuesday
11416,NON-CRIMINAL,13,MISSION,18,Wednesday
11417,NON-CRIMINAL,13,NORTHERN,17,Friday
11418,NON-CRIMINAL,13,NORTHERN,10,Monday
11419,NON-CRIMINAL,13,NORTHERN,12,Saturday
11420,NON-CRIMINAL,13,NORTHERN,22,Sunday
11421,NON-CRIMINAL,13,NORTHERN,13,Thursday
11422,NON-CRIMINAL,13,NORTHERN,16,Tuesday
11423,NON-CRIMINAL,13,NORTHERN,16,Wednesday
11424,NON-CRIMINAL,13,PARK,10,Friday
11425,NON-CRIMINAL,13,PARK,10,Monday
11426,NON-CRIMINAL,13,PARK,13,Saturday
11427,NON-CRIMINAL,13,PARK,11,Sunday
11428,NON-CRIMINAL,13,PARK,13,Thursday
11429,NON-CRIMINAL,13,PARK,14,Tuesday
11430,NON-CRIMINAL,13,PARK,12,Wednesday
11431,NON-CRIMINAL,13,RICHMOND,15,Friday
11432,NON-CRIMINAL,13,RICHMOND,9,Monday
11433,NON-CRIMINAL,13,RICHMOND,8,Saturday
11434,NON-CRIMINAL,13,RICHMOND,9,Sunday
11435,NON-CRIMINAL,13,RICHMOND,13,Thursday
11436,NON-CRIMINAL,13,RICHMOND,6,Tuesday
11437,NON-CRIMINAL,13,RICHMOND,8,Wednesday
11438,NON-CRIMINAL,13,SOUTHERN,16,Friday
11439,NON-CRIMINAL,13,SOUTHERN,24,Monday
11440,NON-CRIMINAL,13,SOUTHERN,26,Saturday
11441,NON-CRIMINAL,13,SOUTHERN,37,Sunday
11442,NON-CRIMINAL,13,SOUTHERN,25,Thursday
11443,NON-CRIMINAL,13,SOUTHERN,31,Tuesday
11444,NON-CRIMINAL,13,SOUTHERN,24,Wednesday
11445,NON-CRIMINAL,13,TARAVAL,9,Friday
11446,NON-CRIMINAL,13,TARAVAL,13,Monday
11447,NON-CRIMINAL,13,TARAVAL,8,Saturday
11448,NON-CRIMINAL,13,TARAVAL,5,Sunday
11449,NON-CRIMINAL,13,TARAVAL,13,Thursday
11450,NON-CRIMINAL,13,TARAVAL,11,Tuesday
11451,NON-CRIMINAL,13,TARAVAL,10,Wednesday
11452,NON-CRIMINAL,13,TENDERLOIN,14,Friday
11453,NON-CRIMINAL,13,TENDERLOIN,14,Monday
11454,NON-CRIMINAL,13,TENDERLOIN,8,Saturday
11455,NON-CRIMINAL,13,TENDERLOIN,12,Sunday
11456,NON-CRIMINAL,13,TENDERLOIN,13,Thursday
11457,NON-CRIMINAL,13,TENDERLOIN,17,Tuesday
11458,NON-CRIMINAL,13,TENDERLOIN,19,Wednesday
11459,NON-CRIMINAL,14,BAYVIEW,8,Friday
11460,NON-CRIMINAL,14,BAYVIEW,7,Monday
11461,NON-CRIMINAL,14,BAYVIEW,14,Saturday
11462,NON-CRIMINAL,14,BAYVIEW,5,Sunday
11463,NON-CRIMINAL,14,BAYVIEW,11,Thursday
11464,NON-CRIMINAL,14,BAYVIEW,13,Tuesday
11465,NON-CRIMINAL,14,BAYVIEW,8,Wednesday
11466,NON-CRIMINAL,14,CENTRAL,30,Friday
11467,NON-CRIMINAL,14,CENTRAL,22,Monday
11468,NON-CRIMINAL,14,CENTRAL,23,Saturday
11469,NON-CRIMINAL,14,CENTRAL,17,Sunday
11470,NON-CRIMINAL,14,CENTRAL,23,Thursday
11471,NON-CRIMINAL,14,CENTRAL,6,Tuesday
11472,NON-CRIMINAL,14,CENTRAL,10,Wednesday
11473,NON-CRIMINAL,14,INGLESIDE,12,Friday
11474,NON-CRIMINAL,14,INGLESIDE,15,Monday
11475,NON-CRIMINAL,14,INGLESIDE,12,Saturday
11476,NON-CRIMINAL,14,INGLESIDE,6,Sunday
11477,NON-CRIMINAL,14,INGLESIDE,12,Thursday
11478,NON-CRIMINAL,14,INGLESIDE,11,Tuesday
11479,NON-CRIMINAL,14,INGLESIDE,12,Wednesday
11480,NON-CRIMINAL,14,MISSION,26,Friday
11481,NON-CRIMINAL,14,MISSION,11,Monday
11482,NON-CRIMINAL,14,MISSION,10,Saturday
11483,NON-CRIMINAL,14,MISSION,17,Sunday
11484,NON-CRIMINAL,14,MISSION,10,Thursday
11485,NON-CRIMINAL,14,MISSION,25,Tuesday
11486,NON-CRIMINAL,14,MISSION,14,Wednesday
11487,NON-CRIMINAL,14,NORTHERN,22,Friday
11488,NON-CRIMINAL,14,NORTHERN,22,Monday
11489,NON-CRIMINAL,14,NORTHERN,14,Saturday
11490,NON-CRIMINAL,14,NORTHERN,14,Sunday
11491,NON-CRIMINAL,14,NORTHERN,17,Thursday
11492,NON-CRIMINAL,14,NORTHERN,13,Tuesday
11493,NON-CRIMINAL,14,NORTHERN,13,Wednesday
11494,NON-CRIMINAL,14,PARK,14,Friday
11495,NON-CRIMINAL,14,PARK,12,Monday
11496,NON-CRIMINAL,14,PARK,13,Saturday
11497,NON-CRIMINAL,14,PARK,12,Sunday
11498,NON-CRIMINAL,14,PARK,7,Thursday
11499,NON-CRIMINAL,14,PARK,9,Tuesday
11500,NON-CRIMINAL,14,PARK,13,Wednesday
11501,NON-CRIMINAL,14,RICHMOND,7,Friday
11502,NON-CRIMINAL,14,RICHMOND,11,Monday
11503,NON-CRIMINAL,14,RICHMOND,14,Saturday
11504,NON-CRIMINAL,14,RICHMOND,5,Sunday
11505,NON-CRIMINAL,14,RICHMOND,9,Thursday
11506,NON-CRIMINAL,14,RICHMOND,11,Tuesday
11507,NON-CRIMINAL,14,RICHMOND,6,Wednesday
11508,NON-CRIMINAL,14,SOUTHERN,32,Friday
11509,NON-CRIMINAL,14,SOUTHERN,25,Monday
11510,NON-CRIMINAL,14,SOUTHERN,25,Saturday
11511,NON-CRIMINAL,14,SOUTHERN,22,Sunday
11512,NON-CRIMINAL,14,SOUTHERN,23,Thursday
11513,NON-CRIMINAL,14,SOUTHERN,38,Tuesday
11514,NON-CRIMINAL,14,SOUTHERN,30,Wednesday
11515,NON-CRIMINAL,14,TARAVAL,14,Friday
11516,NON-CRIMINAL,14,TARAVAL,8,Monday
11517,NON-CRIMINAL,14,TARAVAL,17,Saturday
11518,NON-CRIMINAL,14,TARAVAL,12,Sunday
11519,NON-CRIMINAL,14,TARAVAL,15,Thursday
11520,NON-CRIMINAL,14,TARAVAL,9,Tuesday
11521,NON-CRIMINAL,14,TARAVAL,8,Wednesday
11522,NON-CRIMINAL,14,TENDERLOIN,16,Friday
11523,NON-CRIMINAL,14,TENDERLOIN,9,Monday
11524,NON-CRIMINAL,14,TENDERLOIN,8,Saturday
11525,NON-CRIMINAL,14,TENDERLOIN,10,Sunday
11526,NON-CRIMINAL,14,TENDERLOIN,8,Thursday
11527,NON-CRIMINAL,14,TENDERLOIN,8,Tuesday
11528,NON-CRIMINAL,14,TENDERLOIN,13,Wednesday
11529,NON-CRIMINAL,15,BAYVIEW,11,Friday
11530,NON-CRIMINAL,15,BAYVIEW,9,Monday
11531,NON-CRIMINAL,15,BAYVIEW,16,Saturday
11532,NON-CRIMINAL,15,BAYVIEW,9,Sunday
11533,NON-CRIMINAL,15,BAYVIEW,9,Thursday
11534,NON-CRIMINAL,15,BAYVIEW,7,Tuesday
11535,NON-CRIMINAL,15,BAYVIEW,12,Wednesday
11536,NON-CRIMINAL,15,CENTRAL,17,Friday
11537,NON-CRIMINAL,15,CENTRAL,27,Monday
11538,NON-CRIMINAL,15,CENTRAL,21,Saturday
11539,NON-CRIMINAL,15,CENTRAL,24,Sunday
11540,NON-CRIMINAL,15,CENTRAL,23,Thursday
11541,NON-CRIMINAL,15,CENTRAL,20,Tuesday
11542,NON-CRIMINAL,15,CENTRAL,22,Wednesday
11543,NON-CRIMINAL,15,INGLESIDE,15,Friday
11544,NON-CRIMINAL,15,INGLESIDE,4,Monday
11545,NON-CRIMINAL,15,INGLESIDE,11,Saturday
11546,NON-CRIMINAL,15,INGLESIDE,4,Sunday
11547,NON-CRIMINAL,15,INGLESIDE,10,Thursday
11548,NON-CRIMINAL,15,INGLESIDE,10,Tuesday
11549,NON-CRIMINAL,15,INGLESIDE,9,Wednesday
11550,NON-CRIMINAL,15,MISSION,23,Friday
11551,NON-CRIMINAL,15,MISSION,21,Monday
11552,NON-CRIMINAL,15,MISSION,14,Saturday
11553,NON-CRIMINAL,15,MISSION,17,Sunday
11554,NON-CRIMINAL,15,MISSION,15,Thursday
11555,NON-CRIMINAL,15,MISSION,24,Tuesday
11556,NON-CRIMINAL,15,MISSION,16,Wednesday
11557,NON-CRIMINAL,15,NORTHERN,16,Friday
11558,NON-CRIMINAL,15,NORTHERN,13,Monday
11559,NON-CRIMINAL,15,NORTHERN,16,Saturday
11560,NON-CRIMINAL,15,NORTHERN,20,Sunday
11561,NON-CRIMINAL,15,NORTHERN,15,Thursday
11562,NON-CRIMINAL,15,NORTHERN,22,Tuesday
11563,NON-CRIMINAL,15,NORTHERN,12,Wednesday
11564,NON-CRIMINAL,15,PARK,10,Friday
11565,NON-CRIMINAL,15,PARK,7,Monday
11566,NON-CRIMINAL,15,PARK,14,Saturday
11567,NON-CRIMINAL,15,PARK,16,Sunday
11568,NON-CRIMINAL,15,PARK,14,Thursday
11569,NON-CRIMINAL,15,PARK,10,Tuesday
11570,NON-CRIMINAL,15,PARK,12,Wednesday
11571,NON-CRIMINAL,15,RICHMOND,22,Friday
11572,NON-CRIMINAL,15,RICHMOND,15,Monday
11573,NON-CRIMINAL,15,RICHMOND,13,Saturday
11574,NON-CRIMINAL,15,RICHMOND,18,Sunday
11575,NON-CRIMINAL,15,RICHMOND,15,Thursday
11576,NON-CRIMINAL,15,RICHMOND,11,Tuesday
11577,NON-CRIMINAL,15,RICHMOND,13,Wednesday
11578,NON-CRIMINAL,15,SOUTHERN,29,Friday
11579,NON-CRIMINAL,15,SOUTHERN,26,Monday
11580,NON-CRIMINAL,15,SOUTHERN,28,Saturday
11581,NON-CRIMINAL,15,SOUTHERN,27,Sunday
11582,NON-CRIMINAL,15,SOUTHERN,44,Thursday
11583,NON-CRIMINAL,15,SOUTHERN,24,Tuesday
11584,NON-CRIMINAL,15,SOUTHERN,32,Wednesday
11585,NON-CRIMINAL,15,TARAVAL,16,Friday
11586,NON-CRIMINAL,15,TARAVAL,10,Monday
11587,NON-CRIMINAL,15,TARAVAL,13,Saturday
11588,NON-CRIMINAL,15,TARAVAL,17,Sunday
11589,NON-CRIMINAL,15,TARAVAL,20,Thursday
11590,NON-CRIMINAL,15,TARAVAL,17,Tuesday
11591,NON-CRIMINAL,15,TARAVAL,18,Wednesday
11592,NON-CRIMINAL,15,TENDERLOIN,16,Friday
11593,NON-CRIMINAL,15,TENDERLOIN,11,Monday
11594,NON-CRIMINAL,15,TENDERLOIN,7,Saturday
11595,NON-CRIMINAL,15,TENDERLOIN,10,Sunday
11596,NON-CRIMINAL,15,TENDERLOIN,16,Thursday
11597,NON-CRIMINAL,15,TENDERLOIN,7,Tuesday
11598,NON-CRIMINAL,15,TENDERLOIN,11,Wednesday
11599,NON-CRIMINAL,16,BAYVIEW,14,Friday
11600,NON-CRIMINAL,16,BAYVIEW,12,Monday
11601,NON-CRIMINAL,16,BAYVIEW,7,Saturday
11602,NON-CRIMINAL,16,BAYVIEW,10,Sunday
11603,NON-CRIMINAL,16,BAYVIEW,13,Thursday
11604,NON-CRIMINAL,16,BAYVIEW,12,Tuesday
11605,NON-CRIMINAL,16,BAYVIEW,16,Wednesday
11606,NON-CRIMINAL,16,CENTRAL,21,Friday
11607,NON-CRIMINAL,16,CENTRAL,24,Monday
11608,NON-CRIMINAL,16,CENTRAL,27,Saturday
11609,NON-CRIMINAL,16,CENTRAL,17,Sunday
11610,NON-CRIMINAL,16,CENTRAL,23,Thursday
11611,NON-CRIMINAL,16,CENTRAL,27,Tuesday
11612,NON-CRIMINAL,16,CENTRAL,18,Wednesday
11613,NON-CRIMINAL,16,INGLESIDE,7,Friday
11614,NON-CRIMINAL,16,INGLESIDE,12,Monday
11615,NON-CRIMINAL,16,INGLESIDE,8,Saturday
11616,NON-CRIMINAL,16,INGLESIDE,13,Sunday
11617,NON-CRIMINAL,16,INGLESIDE,11,Thursday
11618,NON-CRIMINAL,16,INGLESIDE,9,Tuesday
11619,NON-CRIMINAL,16,INGLESIDE,13,Wednesday
11620,NON-CRIMINAL,16,MISSION,22,Friday
11621,NON-CRIMINAL,16,MISSION,8,Monday
11622,NON-CRIMINAL,16,MISSION,10,Saturday
11623,NON-CRIMINAL,16,MISSION,19,Sunday
11624,NON-CRIMINAL,16,MISSION,21,Thursday
11625,NON-CRIMINAL,16,MISSION,17,Tuesday
11626,NON-CRIMINAL,16,MISSION,31,Wednesday
11627,NON-CRIMINAL,16,NORTHERN,17,Friday
11628,NON-CRIMINAL,16,NORTHERN,20,Monday
11629,NON-CRIMINAL,16,NORTHERN,21,Saturday
11630,NON-CRIMINAL,16,NORTHERN,17,Sunday
11631,NON-CRIMINAL,16,NORTHERN,14,Thursday
11632,NON-CRIMINAL,16,NORTHERN,11,Tuesday
11633,NON-CRIMINAL,16,NORTHERN,15,Wednesday
11634,NON-CRIMINAL,16,PARK,11,Friday
11635,NON-CRIMINAL,16,PARK,12,Monday
11636,NON-CRIMINAL,16,PARK,13,Saturday
11637,NON-CRIMINAL,16,PARK,17,Sunday
11638,NON-CRIMINAL,16,PARK,13,Thursday
11639,NON-CRIMINAL,16,PARK,10,Tuesday
11640,NON-CRIMINAL,16,PARK,15,Wednesday
11641,NON-CRIMINAL,16,RICHMOND,13,Friday
11642,NON-CRIMINAL,16,RICHMOND,12,Monday
11643,NON-CRIMINAL,16,RICHMOND,16,Saturday
11644,NON-CRIMINAL,16,RICHMOND,15,Sunday
11645,NON-CRIMINAL,16,RICHMOND,16,Thursday
11646,NON-CRIMINAL,16,RICHMOND,12,Tuesday
11647,NON-CRIMINAL,16,RICHMOND,15,Wednesday
11648,NON-CRIMINAL,16,SOUTHERN,30,Friday
11649,NON-CRIMINAL,16,SOUTHERN,19,Monday
11650,NON-CRIMINAL,16,SOUTHERN,26,Saturday
11651,NON-CRIMINAL,16,SOUTHERN,29,Sunday
11652,NON-CRIMINAL,16,SOUTHERN,27,Thursday
11653,NON-CRIMINAL,16,SOUTHERN,28,Tuesday
11654,NON-CRIMINAL,16,SOUTHERN,25,Wednesday
11655,NON-CRIMINAL,16,TARAVAL,14,Friday
11656,NON-CRIMINAL,16,TARAVAL,17,Monday
11657,NON-CRIMINAL,16,TARAVAL,10,Saturday
11658,NON-CRIMINAL,16,TARAVAL,13,Sunday
11659,NON-CRIMINAL,16,TARAVAL,13,Thursday
11660,NON-CRIMINAL,16,TARAVAL,8,Tuesday
11661,NON-CRIMINAL,16,TARAVAL,6,Wednesday
11662,NON-CRIMINAL,16,TENDERLOIN,9,Friday
11663,NON-CRIMINAL,16,TENDERLOIN,22,Monday
11664,NON-CRIMINAL,16,TENDERLOIN,10,Saturday
11665,NON-CRIMINAL,16,TENDERLOIN,9,Sunday
11666,NON-CRIMINAL,16,TENDERLOIN,10,Thursday
11667,NON-CRIMINAL,16,TENDERLOIN,11,Tuesday
11668,NON-CRIMINAL,16,TENDERLOIN,16,Wednesday
11669,NON-CRIMINAL,17,BAYVIEW,8,Friday
11670,NON-CRIMINAL,17,BAYVIEW,14,Monday
11671,NON-CRIMINAL,17,BAYVIEW,11,Saturday
11672,NON-CRIMINAL,17,BAYVIEW,10,Sunday
11673,NON-CRIMINAL,17,BAYVIEW,13,Thursday
11674,NON-CRIMINAL,17,BAYVIEW,10,Tuesday
11675,NON-CRIMINAL,17,BAYVIEW,6,Wednesday
11676,NON-CRIMINAL,17,CENTRAL,20,Friday
11677,NON-CRIMINAL,17,CENTRAL,24,Monday
11678,NON-CRIMINAL,17,CENTRAL,29,Saturday
11679,NON-CRIMINAL,17,CENTRAL,14,Sunday
11680,NON-CRIMINAL,17,CENTRAL,20,Thursday
11681,NON-CRIMINAL,17,CENTRAL,29,Tuesday
11682,NON-CRIMINAL,17,CENTRAL,9,Wednesday
11683,NON-CRIMINAL,17,INGLESIDE,12,Friday
11684,NON-CRIMINAL,17,INGLESIDE,15,Monday
11685,NON-CRIMINAL,17,INGLESIDE,10,Saturday
11686,NON-CRIMINAL,17,INGLESIDE,13,Sunday
11687,NON-CRIMINAL,17,INGLESIDE,10,Thursday
11688,NON-CRIMINAL,17,INGLESIDE,11,Tuesday
11689,NON-CRIMINAL,17,INGLESIDE,13,Wednesday
11690,NON-CRIMINAL,17,MISSION,24,Friday
11691,NON-CRIMINAL,17,MISSION,25,Monday
11692,NON-CRIMINAL,17,MISSION,15,Saturday
11693,NON-CRIMINAL,17,MISSION,9,Sunday
11694,NON-CRIMINAL,17,MISSION,25,Thursday
11695,NON-CRIMINAL,17,MISSION,11,Tuesday
11696,NON-CRIMINAL,17,MISSION,18,Wednesday
11697,NON-CRIMINAL,17,NORTHERN,15,Friday
11698,NON-CRIMINAL,17,NORTHERN,12,Monday
11699,NON-CRIMINAL,17,NORTHERN,14,Saturday
11700,NON-CRIMINAL,17,NORTHERN,19,Sunday
11701,NON-CRIMINAL,17,NORTHERN,19,Thursday
11702,NON-CRIMINAL,17,NORTHERN,22,Tuesday
11703,NON-CRIMINAL,17,NORTHERN,17,Wednesday
11704,NON-CRIMINAL,17,PARK,11,Friday
11705,NON-CRIMINAL,17,PARK,19,Monday
11706,NON-CRIMINAL,17,PARK,14,Saturday
11707,NON-CRIMINAL,17,PARK,10,Sunday
11708,NON-CRIMINAL,17,PARK,15,Thursday
11709,NON-CRIMINAL,17,PARK,11,Tuesday
11710,NON-CRIMINAL,17,PARK,14,Wednesday
11711,NON-CRIMINAL,17,RICHMOND,7,Friday
11712,NON-CRIMINAL,17,RICHMOND,10,Monday
11713,NON-CRIMINAL,17,RICHMOND,10,Saturday
11714,NON-CRIMINAL,17,RICHMOND,13,Sunday
11715,NON-CRIMINAL,17,RICHMOND,13,Thursday
11716,NON-CRIMINAL,17,RICHMOND,11,Tuesday
11717,NON-CRIMINAL,17,RICHMOND,8,Wednesday
11718,NON-CRIMINAL,17,SOUTHERN,37,Friday
11719,NON-CRIMINAL,17,SOUTHERN,26,Monday
11720,NON-CRIMINAL,17,SOUTHERN,36,Saturday
11721,NON-CRIMINAL,17,SOUTHERN,27,Sunday
11722,NON-CRIMINAL,17,SOUTHERN,27,Thursday
11723,NON-CRIMINAL,17,SOUTHERN,34,Tuesday
11724,NON-CRIMINAL,17,SOUTHERN,33,Wednesday
11725,NON-CRIMINAL,17,TARAVAL,14,Friday
11726,NON-CRIMINAL,17,TARAVAL,21,Monday
11727,NON-CRIMINAL,17,TARAVAL,14,Saturday
11728,NON-CRIMINAL,17,TARAVAL,14,Sunday
11729,NON-CRIMINAL,17,TARAVAL,11,Thursday
11730,NON-CRIMINAL,17,TARAVAL,17,Tuesday
11731,NON-CRIMINAL,17,TARAVAL,10,Wednesday
11732,NON-CRIMINAL,17,TENDERLOIN,20,Friday
11733,NON-CRIMINAL,17,TENDERLOIN,11,Monday
11734,NON-CRIMINAL,17,TENDERLOIN,11,Saturday
11735,NON-CRIMINAL,17,TENDERLOIN,16,Sunday
11736,NON-CRIMINAL,17,TENDERLOIN,10,Thursday
11737,NON-CRIMINAL,17,TENDERLOIN,10,Tuesday
11738,NON-CRIMINAL,17,TENDERLOIN,13,Wednesday
11739,NON-CRIMINAL,18,BAYVIEW,12,Friday
11740,NON-CRIMINAL,18,BAYVIEW,9,Monday
11741,NON-CRIMINAL,18,BAYVIEW,9,Saturday
11742,NON-CRIMINAL,18,BAYVIEW,7,Sunday
11743,NON-CRIMINAL,18,BAYVIEW,7,Thursday
11744,NON-CRIMINAL,18,BAYVIEW,8,Tuesday
11745,NON-CRIMINAL,18,BAYVIEW,9,Wednesday
11746,NON-CRIMINAL,18,CENTRAL,19,Friday
11747,NON-CRIMINAL,18,CENTRAL,12,Monday
11748,NON-CRIMINAL,18,CENTRAL,27,Saturday
11749,NON-CRIMINAL,18,CENTRAL,14,Sunday
11750,NON-CRIMINAL,18,CENTRAL,18,Thursday
11751,NON-CRIMINAL,18,CENTRAL,12,Tuesday
11752,NON-CRIMINAL,18,CENTRAL,14,Wednesday
11753,NON-CRIMINAL,18,INGLESIDE,8,Friday
11754,NON-CRIMINAL,18,INGLESIDE,16,Monday
11755,NON-CRIMINAL,18,INGLESIDE,9,Saturday
11756,NON-CRIMINAL,18,INGLESIDE,6,Sunday
11757,NON-CRIMINAL,18,INGLESIDE,14,Thursday
11758,NON-CRIMINAL,18,INGLESIDE,10,Tuesday
11759,NON-CRIMINAL,18,INGLESIDE,6,Wednesday
11760,NON-CRIMINAL,18,MISSION,30,Friday
11761,NON-CRIMINAL,18,MISSION,9,Monday
11762,NON-CRIMINAL,18,MISSION,9,Saturday
11763,NON-CRIMINAL,18,MISSION,15,Sunday
11764,NON-CRIMINAL,18,MISSION,17,Thursday
11765,NON-CRIMINAL,18,MISSION,17,Tuesday
11766,NON-CRIMINAL,18,MISSION,20,Wednesday
11767,NON-CRIMINAL,18,NORTHERN,13,Friday
11768,NON-CRIMINAL,18,NORTHERN,22,Monday
11769,NON-CRIMINAL,18,NORTHERN,15,Saturday
11770,NON-CRIMINAL,18,NORTHERN,20,Sunday
11771,NON-CRIMINAL,18,NORTHERN,18,Thursday
11772,NON-CRIMINAL,18,NORTHERN,14,Tuesday
11773,NON-CRIMINAL,18,NORTHERN,9,Wednesday
11774,NON-CRIMINAL,18,PARK,12,Friday
11775,NON-CRIMINAL,18,PARK,6,Monday
11776,NON-CRIMINAL,18,PARK,11,Saturday
11777,NON-CRIMINAL,18,PARK,8,Sunday
11778,NON-CRIMINAL,18,PARK,8,Thursday
11779,NON-CRIMINAL,18,PARK,8,Tuesday
11780,NON-CRIMINAL,18,PARK,16,Wednesday
11781,NON-CRIMINAL,18,RICHMOND,14,Friday
11782,NON-CRIMINAL,18,RICHMOND,6,Monday
11783,NON-CRIMINAL,18,RICHMOND,9,Saturday
11784,NON-CRIMINAL,18,RICHMOND,9,Sunday
11785,NON-CRIMINAL,18,RICHMOND,7,Thursday
11786,NON-CRIMINAL,18,RICHMOND,8,Tuesday
11787,NON-CRIMINAL,18,RICHMOND,13,Wednesday
11788,NON-CRIMINAL,18,SOUTHERN,32,Friday
11789,NON-CRIMINAL,18,SOUTHERN,30,Monday
11790,NON-CRIMINAL,18,SOUTHERN,28,Saturday
11791,NON-CRIMINAL,18,SOUTHERN,22,Sunday
11792,NON-CRIMINAL,18,SOUTHERN,28,Thursday
11793,NON-CRIMINAL,18,SOUTHERN,28,Tuesday
11794,NON-CRIMINAL,18,SOUTHERN,26,Wednesday
11795,NON-CRIMINAL,18,TARAVAL,17,Friday
11796,NON-CRIMINAL,18,TARAVAL,11,Monday
11797,NON-CRIMINAL,18,TARAVAL,8,Saturday
11798,NON-CRIMINAL,18,TARAVAL,5,Sunday
11799,NON-CRIMINAL,18,TARAVAL,15,Thursday
11800,NON-CRIMINAL,18,TARAVAL,6,Tuesday
11801,NON-CRIMINAL,18,TARAVAL,10,Wednesday
11802,NON-CRIMINAL,18,TENDERLOIN,10,Friday
11803,NON-CRIMINAL,18,TENDERLOIN,13,Monday
11804,NON-CRIMINAL,18,TENDERLOIN,11,Saturday
11805,NON-CRIMINAL,18,TENDERLOIN,5,Sunday
11806,NON-CRIMINAL,18,TENDERLOIN,17,Thursday
11807,NON-CRIMINAL,18,TENDERLOIN,14,Tuesday
11808,NON-CRIMINAL,18,TENDERLOIN,7,Wednesday
11809,NON-CRIMINAL,19,BAYVIEW,5,Friday
11810,NON-CRIMINAL,19,BAYVIEW,6,Monday
11811,NON-CRIMINAL,19,BAYVIEW,8,Saturday
11812,NON-CRIMINAL,19,BAYVIEW,6,Sunday
11813,NON-CRIMINAL,19,BAYVIEW,5,Thursday
11814,NON-CRIMINAL,19,BAYVIEW,6,Tuesday
11815,NON-CRIMINAL,19,BAYVIEW,13,Wednesday
11816,NON-CRIMINAL,19,CENTRAL,18,Friday
11817,NON-CRIMINAL,19,CENTRAL,12,Monday
11818,NON-CRIMINAL,19,CENTRAL,23,Saturday
11819,NON-CRIMINAL,19,CENTRAL,17,Sunday
11820,NON-CRIMINAL,19,CENTRAL,13,Thursday
11821,NON-CRIMINAL,19,CENTRAL,10,Tuesday
11822,NON-CRIMINAL,19,CENTRAL,15,Wednesday
11823,NON-CRIMINAL,19,INGLESIDE,2,Friday
11824,NON-CRIMINAL,19,INGLESIDE,8,Monday
11825,NON-CRIMINAL,19,INGLESIDE,10,Saturday
11826,NON-CRIMINAL,19,INGLESIDE,11,Sunday
11827,NON-CRIMINAL,19,INGLESIDE,10,Thursday
11828,NON-CRIMINAL,19,INGLESIDE,9,Tuesday
11829,NON-CRIMINAL,19,INGLESIDE,11,Wednesday
11830,NON-CRIMINAL,19,MISSION,11,Friday
11831,NON-CRIMINAL,19,MISSION,12,Monday
11832,NON-CRIMINAL,19,MISSION,14,Saturday
11833,NON-CRIMINAL,19,MISSION,15,Sunday
11834,NON-CRIMINAL,19,MISSION,14,Thursday
11835,NON-CRIMINAL,19,MISSION,20,Tuesday
11836,NON-CRIMINAL,19,MISSION,15,Wednesday
11837,NON-CRIMINAL,19,NORTHERN,20,Friday
11838,NON-CRIMINAL,19,NORTHERN,10,Monday
11839,NON-CRIMINAL,19,NORTHERN,17,Saturday
11840,NON-CRIMINAL,19,NORTHERN,15,Sunday
11841,NON-CRIMINAL,19,NORTHERN,17,Thursday
11842,NON-CRIMINAL,19,NORTHERN,14,Tuesday
11843,NON-CRIMINAL,19,NORTHERN,15,Wednesday
11844,NON-CRIMINAL,19,PARK,3,Friday
11845,NON-CRIMINAL,19,PARK,11,Monday
11846,NON-CRIMINAL,19,PARK,11,Saturday
11847,NON-CRIMINAL,19,PARK,11,Sunday
11848,NON-CRIMINAL,19,PARK,11,Thursday
11849,NON-CRIMINAL,19,PARK,17,Tuesday
11850,NON-CRIMINAL,19,PARK,4,Wednesday
11851,NON-CRIMINAL,19,RICHMOND,11,Friday
11852,NON-CRIMINAL,19,RICHMOND,7,Monday
11853,NON-CRIMINAL,19,RICHMOND,8,Saturday
11854,NON-CRIMINAL,19,RICHMOND,10,Sunday
11855,NON-CRIMINAL,19,RICHMOND,10,Thursday
11856,NON-CRIMINAL,19,RICHMOND,5,Tuesday
11857,NON-CRIMINAL,19,RICHMOND,7,Wednesday
11858,NON-CRIMINAL,19,SOUTHERN,29,Friday
11859,NON-CRIMINAL,19,SOUTHERN,27,Monday
11860,NON-CRIMINAL,19,SOUTHERN,28,Saturday
11861,NON-CRIMINAL,19,SOUTHERN,15,Sunday
11862,NON-CRIMINAL,19,SOUTHERN,25,Thursday
11863,NON-CRIMINAL,19,SOUTHERN,14,Tuesday
11864,NON-CRIMINAL,19,SOUTHERN,27,Wednesday
11865,NON-CRIMINAL,19,TARAVAL,8,Friday
11866,NON-CRIMINAL,19,TARAVAL,11,Monday
11867,NON-CRIMINAL,19,TARAVAL,8,Saturday
11868,NON-CRIMINAL,19,TARAVAL,9,Sunday
11869,NON-CRIMINAL,19,TARAVAL,8,Thursday
11870,NON-CRIMINAL,19,TARAVAL,10,Tuesday
11871,NON-CRIMINAL,19,TARAVAL,16,Wednesday
11872,NON-CRIMINAL,19,TENDERLOIN,7,Friday
11873,NON-CRIMINAL,19,TENDERLOIN,9,Monday
11874,NON-CRIMINAL,19,TENDERLOIN,7,Saturday
11875,NON-CRIMINAL,19,TENDERLOIN,14,Sunday
11876,NON-CRIMINAL,19,TENDERLOIN,8,Thursday
11877,NON-CRIMINAL,19,TENDERLOIN,8,Tuesday
11878,NON-CRIMINAL,19,TENDERLOIN,6,Wednesday
11879,NON-CRIMINAL,20,BAYVIEW,9,Friday
11880,NON-CRIMINAL,20,BAYVIEW,10,Monday
11881,NON-CRIMINAL,20,BAYVIEW,5,Saturday
11882,NON-CRIMINAL,20,BAYVIEW,6,Sunday
11883,NON-CRIMINAL,20,BAYVIEW,8,Thursday
11884,NON-CRIMINAL,20,BAYVIEW,6,Tuesday
11885,NON-CRIMINAL,20,BAYVIEW,12,Wednesday
11886,NON-CRIMINAL,20,CENTRAL,17,Friday
11887,NON-CRIMINAL,20,CENTRAL,9,Monday
11888,NON-CRIMINAL,20,CENTRAL,22,Saturday
11889,NON-CRIMINAL,20,CENTRAL,9,Sunday
11890,NON-CRIMINAL,20,CENTRAL,8,Thursday
11891,NON-CRIMINAL,20,CENTRAL,8,Tuesday
11892,NON-CRIMINAL,20,CENTRAL,16,Wednesday
11893,NON-CRIMINAL,20,INGLESIDE,9,Friday
11894,NON-CRIMINAL,20,INGLESIDE,13,Monday
11895,NON-CRIMINAL,20,INGLESIDE,5,Saturday
11896,NON-CRIMINAL,20,INGLESIDE,10,Sunday
11897,NON-CRIMINAL,20,INGLESIDE,14,Thursday
11898,NON-CRIMINAL,20,INGLESIDE,9,Tuesday
11899,NON-CRIMINAL,20,INGLESIDE,4,Wednesday
11900,NON-CRIMINAL,20,MISSION,18,Friday
11901,NON-CRIMINAL,20,MISSION,10,Monday
11902,NON-CRIMINAL,20,MISSION,16,Saturday
11903,NON-CRIMINAL,20,MISSION,18,Sunday
11904,NON-CRIMINAL,20,MISSION,8,Thursday
11905,NON-CRIMINAL,20,MISSION,21,Tuesday
11906,NON-CRIMINAL,20,MISSION,11,Wednesday
11907,NON-CRIMINAL,20,NORTHERN,15,Friday
11908,NON-CRIMINAL,20,NORTHERN,13,Monday
11909,NON-CRIMINAL,20,NORTHERN,15,Saturday
11910,NON-CRIMINAL,20,NORTHERN,11,Sunday
11911,NON-CRIMINAL,20,NORTHERN,12,Thursday
11912,NON-CRIMINAL,20,NORTHERN,13,Tuesday
11913,NON-CRIMINAL,20,NORTHERN,12,Wednesday
11914,NON-CRIMINAL,20,PARK,4,Friday
11915,NON-CRIMINAL,20,PARK,4,Monday
11916,NON-CRIMINAL,20,PARK,13,Saturday
11917,NON-CRIMINAL,20,PARK,11,Sunday
11918,NON-CRIMINAL,20,PARK,6,Thursday
11919,NON-CRIMINAL,20,PARK,6,Tuesday
11920,NON-CRIMINAL,20,PARK,4,Wednesday
11921,NON-CRIMINAL,20,RICHMOND,5,Friday
11922,NON-CRIMINAL,20,RICHMOND,10,Monday
11923,NON-CRIMINAL,20,RICHMOND,7,Saturday
11924,NON-CRIMINAL,20,RICHMOND,5,Sunday
11925,NON-CRIMINAL,20,RICHMOND,5,Thursday
11926,NON-CRIMINAL,20,RICHMOND,9,Tuesday
11927,NON-CRIMINAL,20,RICHMOND,4,Wednesday
11928,NON-CRIMINAL,20,SOUTHERN,26,Friday
11929,NON-CRIMINAL,20,SOUTHERN,17,Monday
11930,NON-CRIMINAL,20,SOUTHERN,14,Saturday
11931,NON-CRIMINAL,20,SOUTHERN,20,Sunday
11932,NON-CRIMINAL,20,SOUTHERN,25,Thursday
11933,NON-CRIMINAL,20,SOUTHERN,21,Tuesday
11934,NON-CRIMINAL,20,SOUTHERN,21,Wednesday
11935,NON-CRIMINAL,20,TARAVAL,8,Friday
11936,NON-CRIMINAL,20,TARAVAL,8,Monday
11937,NON-CRIMINAL,20,TARAVAL,13,Saturday
11938,NON-CRIMINAL,20,TARAVAL,12,Sunday
11939,NON-CRIMINAL,20,TARAVAL,12,Thursday
11940,NON-CRIMINAL,20,TARAVAL,7,Tuesday
11941,NON-CRIMINAL,20,TARAVAL,10,Wednesday
11942,NON-CRIMINAL,20,TENDERLOIN,7,Friday
11943,NON-CRIMINAL,20,TENDERLOIN,8,Monday
11944,NON-CRIMINAL,20,TENDERLOIN,10,Saturday
11945,NON-CRIMINAL,20,TENDERLOIN,7,Sunday
11946,NON-CRIMINAL,20,TENDERLOIN,9,Thursday
11947,NON-CRIMINAL,20,TENDERLOIN,9,Tuesday
11948,NON-CRIMINAL,20,TENDERLOIN,7,Wednesday
11949,NON-CRIMINAL,21,BAYVIEW,7,Friday
11950,NON-CRIMINAL,21,BAYVIEW,9,Monday
11951,NON-CRIMINAL,21,BAYVIEW,6,Saturday
11952,NON-CRIMINAL,21,BAYVIEW,6,Sunday
11953,NON-CRIMINAL,21,BAYVIEW,9,Thursday
11954,NON-CRIMINAL,21,BAYVIEW,8,Tuesday
11955,NON-CRIMINAL,21,BAYVIEW,6,Wednesday
11956,NON-CRIMINAL,21,CENTRAL,20,Friday
11957,NON-CRIMINAL,21,CENTRAL,18,Monday
11958,NON-CRIMINAL,21,CENTRAL,17,Saturday
11959,NON-CRIMINAL,21,CENTRAL,10,Sunday
11960,NON-CRIMINAL,21,CENTRAL,15,Thursday
11961,NON-CRIMINAL,21,CENTRAL,9,Tuesday
11962,NON-CRIMINAL,21,CENTRAL,8,Wednesday
11963,NON-CRIMINAL,21,INGLESIDE,8,Friday
11964,NON-CRIMINAL,21,INGLESIDE,6,Monday
11965,NON-CRIMINAL,21,INGLESIDE,11,Saturday
11966,NON-CRIMINAL,21,INGLESIDE,6,Sunday
11967,NON-CRIMINAL,21,INGLESIDE,5,Thursday
11968,NON-CRIMINAL,21,INGLESIDE,8,Tuesday
11969,NON-CRIMINAL,21,INGLESIDE,8,Wednesday
11970,NON-CRIMINAL,21,MISSION,10,Friday
11971,NON-CRIMINAL,21,MISSION,23,Monday
11972,NON-CRIMINAL,21,MISSION,11,Saturday
11973,NON-CRIMINAL,21,MISSION,11,Sunday
11974,NON-CRIMINAL,21,MISSION,9,Thursday
11975,NON-CRIMINAL,21,MISSION,13,Tuesday
11976,NON-CRIMINAL,21,MISSION,15,Wednesday
11977,NON-CRIMINAL,21,NORTHERN,13,Friday
11978,NON-CRIMINAL,21,NORTHERN,8,Monday
11979,NON-CRIMINAL,21,NORTHERN,17,Saturday
11980,NON-CRIMINAL,21,NORTHERN,16,Sunday
11981,NON-CRIMINAL,21,NORTHERN,11,Thursday
11982,NON-CRIMINAL,21,NORTHERN,12,Tuesday
11983,NON-CRIMINAL,21,NORTHERN,9,Wednesday
11984,NON-CRIMINAL,21,PARK,9,Friday
11985,NON-CRIMINAL,21,PARK,7,Monday
11986,NON-CRIMINAL,21,PARK,7,Saturday
11987,NON-CRIMINAL,21,PARK,6,Sunday
11988,NON-CRIMINAL,21,PARK,7,Thursday
11989,NON-CRIMINAL,21,PARK,9,Tuesday
11990,NON-CRIMINAL,21,PARK,10,Wednesday
11991,NON-CRIMINAL,21,RICHMOND,14,Friday
11992,NON-CRIMINAL,21,RICHMOND,6,Monday
11993,NON-CRIMINAL,21,RICHMOND,3,Saturday
11994,NON-CRIMINAL,21,RICHMOND,12,Sunday
11995,NON-CRIMINAL,21,RICHMOND,3,Thursday
11996,NON-CRIMINAL,21,RICHMOND,3,Tuesday
11997,NON-CRIMINAL,21,RICHMOND,13,Wednesday
11998,NON-CRIMINAL,21,SOUTHERN,19,Friday
11999,NON-CRIMINAL,21,SOUTHERN,13,Monday
12000,NON-CRIMINAL,21,SOUTHERN,32,Saturday
12001,NON-CRIMINAL,21,SOUTHERN,22,Sunday
12002,NON-CRIMINAL,21,SOUTHERN,26,Thursday
12003,NON-CRIMINAL,21,SOUTHERN,16,Tuesday
12004,NON-CRIMINAL,21,SOUTHERN,23,Wednesday
12005,NON-CRIMINAL,21,TARAVAL,13,Friday
12006,NON-CRIMINAL,21,TARAVAL,10,Monday
12007,NON-CRIMINAL,21,TARAVAL,7,Saturday
12008,NON-CRIMINAL,21,TARAVAL,10,Sunday
12009,NON-CRIMINAL,21,TARAVAL,7,Thursday
12010,NON-CRIMINAL,21,TARAVAL,11,Tuesday
12011,NON-CRIMINAL,21,TARAVAL,12,Wednesday
12012,NON-CRIMINAL,21,TENDERLOIN,8,Friday
12013,NON-CRIMINAL,21,TENDERLOIN,9,Monday
12014,NON-CRIMINAL,21,TENDERLOIN,7,Saturday
12015,NON-CRIMINAL,21,TENDERLOIN,8,Sunday
12016,NON-CRIMINAL,21,TENDERLOIN,2,Thursday
12017,NON-CRIMINAL,21,TENDERLOIN,11,Tuesday
12018,NON-CRIMINAL,21,TENDERLOIN,5,Wednesday
12019,NON-CRIMINAL,22,BAYVIEW,12,Friday
12020,NON-CRIMINAL,22,BAYVIEW,11,Monday
12021,NON-CRIMINAL,22,BAYVIEW,10,Saturday
12022,NON-CRIMINAL,22,BAYVIEW,10,Sunday
12023,NON-CRIMINAL,22,BAYVIEW,7,Thursday
12024,NON-CRIMINAL,22,BAYVIEW,8,Tuesday
12025,NON-CRIMINAL,22,BAYVIEW,8,Wednesday
12026,NON-CRIMINAL,22,CENTRAL,14,Friday
12027,NON-CRIMINAL,22,CENTRAL,16,Monday
12028,NON-CRIMINAL,22,CENTRAL,19,Saturday
12029,NON-CRIMINAL,22,CENTRAL,14,Sunday
12030,NON-CRIMINAL,22,CENTRAL,15,Thursday
12031,NON-CRIMINAL,22,CENTRAL,8,Tuesday
12032,NON-CRIMINAL,22,CENTRAL,11,Wednesday
12033,NON-CRIMINAL,22,INGLESIDE,8,Friday
12034,NON-CRIMINAL,22,INGLESIDE,4,Monday
12035,NON-CRIMINAL,22,INGLESIDE,9,Saturday
12036,NON-CRIMINAL,22,INGLESIDE,9,Sunday
12037,NON-CRIMINAL,22,INGLESIDE,4,Thursday
12038,NON-CRIMINAL,22,INGLESIDE,7,Tuesday
12039,NON-CRIMINAL,22,INGLESIDE,10,Wednesday
12040,NON-CRIMINAL,22,MISSION,19,Friday
12041,NON-CRIMINAL,22,MISSION,17,Monday
12042,NON-CRIMINAL,22,MISSION,21,Saturday
12043,NON-CRIMINAL,22,MISSION,15,Sunday
12044,NON-CRIMINAL,22,MISSION,10,Thursday
12045,NON-CRIMINAL,22,MISSION,11,Tuesday
12046,NON-CRIMINAL,22,MISSION,11,Wednesday
12047,NON-CRIMINAL,22,NORTHERN,12,Friday
12048,NON-CRIMINAL,22,NORTHERN,5,Monday
12049,NON-CRIMINAL,22,NORTHERN,22,Saturday
12050,NON-CRIMINAL,22,NORTHERN,21,Sunday
12051,NON-CRIMINAL,22,NORTHERN,12,Thursday
12052,NON-CRIMINAL,22,NORTHERN,6,Tuesday
12053,NON-CRIMINAL,22,NORTHERN,7,Wednesday
12054,NON-CRIMINAL,22,PARK,11,Friday
12055,NON-CRIMINAL,22,PARK,3,Monday
12056,NON-CRIMINAL,22,PARK,4,Saturday
12057,NON-CRIMINAL,22,PARK,5,Sunday
12058,NON-CRIMINAL,22,PARK,6,Thursday
12059,NON-CRIMINAL,22,PARK,1,Tuesday
12060,NON-CRIMINAL,22,PARK,4,Wednesday
12061,NON-CRIMINAL,22,RICHMOND,12,Friday
12062,NON-CRIMINAL,22,RICHMOND,4,Monday
12063,NON-CRIMINAL,22,RICHMOND,16,Saturday
12064,NON-CRIMINAL,22,RICHMOND,4,Sunday
12065,NON-CRIMINAL,22,RICHMOND,11,Thursday
12066,NON-CRIMINAL,22,RICHMOND,6,Tuesday
12067,NON-CRIMINAL,22,RICHMOND,8,Wednesday
12068,NON-CRIMINAL,22,SOUTHERN,27,Friday
12069,NON-CRIMINAL,22,SOUTHERN,19,Monday
12070,NON-CRIMINAL,22,SOUTHERN,18,Saturday
12071,NON-CRIMINAL,22,SOUTHERN,12,Sunday
12072,NON-CRIMINAL,22,SOUTHERN,15,Thursday
12073,NON-CRIMINAL,22,SOUTHERN,24,Tuesday
12074,NON-CRIMINAL,22,SOUTHERN,12,Wednesday
12075,NON-CRIMINAL,22,TARAVAL,6,Friday
12076,NON-CRIMINAL,22,TARAVAL,6,Monday
12077,NON-CRIMINAL,22,TARAVAL,7,Saturday
12078,NON-CRIMINAL,22,TARAVAL,8,Sunday
12079,NON-CRIMINAL,22,TARAVAL,9,Thursday
12080,NON-CRIMINAL,22,TARAVAL,10,Tuesday
12081,NON-CRIMINAL,22,TARAVAL,4,Wednesday
12082,NON-CRIMINAL,22,TENDERLOIN,10,Friday
12083,NON-CRIMINAL,22,TENDERLOIN,10,Monday
12084,NON-CRIMINAL,22,TENDERLOIN,7,Saturday
12085,NON-CRIMINAL,22,TENDERLOIN,6,Sunday
12086,NON-CRIMINAL,22,TENDERLOIN,7,Thursday
12087,NON-CRIMINAL,22,TENDERLOIN,3,Tuesday
12088,NON-CRIMINAL,22,TENDERLOIN,9,Wednesday
12089,NON-CRIMINAL,23,BAYVIEW,7,Friday
12090,NON-CRIMINAL,23,BAYVIEW,3,Monday
12091,NON-CRIMINAL,23,BAYVIEW,10,Saturday
12092,NON-CRIMINAL,23,BAYVIEW,5,Sunday
12093,NON-CRIMINAL,23,BAYVIEW,8,Thursday
12094,NON-CRIMINAL,23,BAYVIEW,4,Tuesday
12095,NON-CRIMINAL,23,BAYVIEW,4,Wednesday
12096,NON-CRIMINAL,23,CENTRAL,21,Friday
12097,NON-CRIMINAL,23,CENTRAL,10,Monday
12098,NON-CRIMINAL,23,CENTRAL,21,Saturday
12099,NON-CRIMINAL,23,CENTRAL,9,Sunday
12100,NON-CRIMINAL,23,CENTRAL,13,Thursday
12101,NON-CRIMINAL,23,CENTRAL,16,Tuesday
12102,NON-CRIMINAL,23,CENTRAL,9,Wednesday
12103,NON-CRIMINAL,23,INGLESIDE,6,Friday
12104,NON-CRIMINAL,23,INGLESIDE,4,Monday
12105,NON-CRIMINAL,23,INGLESIDE,9,Saturday
12106,NON-CRIMINAL,23,INGLESIDE,3,Sunday
12107,NON-CRIMINAL,23,INGLESIDE,6,Thursday
12108,NON-CRIMINAL,23,INGLESIDE,3,Tuesday
12109,NON-CRIMINAL,23,INGLESIDE,6,Wednesday
12110,NON-CRIMINAL,23,MISSION,21,Friday
12111,NON-CRIMINAL,23,MISSION,12,Monday
12112,NON-CRIMINAL,23,MISSION,21,Saturday
12113,NON-CRIMINAL,23,MISSION,12,Sunday
12114,NON-CRIMINAL,23,MISSION,4,Thursday
12115,NON-CRIMINAL,23,MISSION,10,Tuesday
12116,NON-CRIMINAL,23,MISSION,10,Wednesday
12117,NON-CRIMINAL,23,NORTHERN,25,Friday
12118,NON-CRIMINAL,23,NORTHERN,8,Monday
12119,NON-CRIMINAL,23,NORTHERN,25,Saturday
12120,NON-CRIMINAL,23,NORTHERN,9,Sunday
12121,NON-CRIMINAL,23,NORTHERN,12,Thursday
12122,NON-CRIMINAL,23,NORTHERN,9,Tuesday
12123,NON-CRIMINAL,23,NORTHERN,7,Wednesday
12124,NON-CRIMINAL,23,PARK,4,Friday
12125,NON-CRIMINAL,23,PARK,6,Monday
12126,NON-CRIMINAL,23,PARK,5,Saturday
12127,NON-CRIMINAL,23,PARK,7,Sunday
12128,NON-CRIMINAL,23,PARK,10,Thursday
12129,NON-CRIMINAL,23,PARK,5,Tuesday
12130,NON-CRIMINAL,23,PARK,1,Wednesday
12131,NON-CRIMINAL,23,RICHMOND,5,Friday
12132,NON-CRIMINAL,23,RICHMOND,2,Monday
12133,NON-CRIMINAL,23,RICHMOND,2,Saturday
12134,NON-CRIMINAL,23,RICHMOND,3,Sunday
12135,NON-CRIMINAL,23,RICHMOND,5,Thursday
12136,NON-CRIMINAL,23,RICHMOND,1,Tuesday
12137,NON-CRIMINAL,23,RICHMOND,5,Wednesday
12138,NON-CRIMINAL,23,SOUTHERN,36,Friday
12139,NON-CRIMINAL,23,SOUTHERN,13,Monday
12140,NON-CRIMINAL,23,SOUTHERN,35,Saturday
12141,NON-CRIMINAL,23,SOUTHERN,8,Sunday
12142,NON-CRIMINAL,23,SOUTHERN,16,Thursday
12143,NON-CRIMINAL,23,SOUTHERN,12,Tuesday
12144,NON-CRIMINAL,23,SOUTHERN,8,Wednesday
12145,NON-CRIMINAL,23,TARAVAL,6,Friday
12146,NON-CRIMINAL,23,TARAVAL,4,Monday
12147,NON-CRIMINAL,23,TARAVAL,3,Saturday
12148,NON-CRIMINAL,23,TARAVAL,9,Sunday
12149,NON-CRIMINAL,23,TARAVAL,7,Thursday
12150,NON-CRIMINAL,23,TARAVAL,1,Tuesday
12151,NON-CRIMINAL,23,TARAVAL,3,Wednesday
12152,NON-CRIMINAL,23,TENDERLOIN,10,Friday
12153,NON-CRIMINAL,23,TENDERLOIN,6,Monday
12154,NON-CRIMINAL,23,TENDERLOIN,17,Saturday
12155,NON-CRIMINAL,23,TENDERLOIN,7,Thursday
12156,NON-CRIMINAL,23,TENDERLOIN,8,Tuesday
12157,NON-CRIMINAL,23,TENDERLOIN,9,Wednesday
12158,OTHER OFFENSES,00,BAYVIEW,23,Friday
12159,OTHER OFFENSES,00,BAYVIEW,22,Monday
12160,OTHER OFFENSES,00,BAYVIEW,17,Saturday
12161,OTHER OFFENSES,00,BAYVIEW,19,Sunday
12162,OTHER OFFENSES,00,BAYVIEW,28,Thursday
12163,OTHER OFFENSES,00,BAYVIEW,12,Tuesday
12164,OTHER OFFENSES,00,BAYVIEW,17,Wednesday
12165,OTHER OFFENSES,00,CENTRAL,23,Friday
12166,OTHER OFFENSES,00,CENTRAL,21,Monday
12167,OTHER OFFENSES,00,CENTRAL,35,Saturday
12168,OTHER OFFENSES,00,CENTRAL,21,Sunday
12169,OTHER OFFENSES,00,CENTRAL,7,Thursday
12170,OTHER OFFENSES,00,CENTRAL,18,Tuesday
12171,OTHER OFFENSES,00,CENTRAL,17,Wednesday
12172,OTHER OFFENSES,00,INGLESIDE,33,Friday
12173,OTHER OFFENSES,00,INGLESIDE,27,Monday
12174,OTHER OFFENSES,00,INGLESIDE,17,Saturday
12175,OTHER OFFENSES,00,INGLESIDE,11,Sunday
12176,OTHER OFFENSES,00,INGLESIDE,22,Thursday
12177,OTHER OFFENSES,00,INGLESIDE,22,Tuesday
12178,OTHER OFFENSES,00,INGLESIDE,19,Wednesday
12179,OTHER OFFENSES,00,MISSION,37,Friday
12180,OTHER OFFENSES,00,MISSION,22,Monday
12181,OTHER OFFENSES,00,MISSION,28,Saturday
12182,OTHER OFFENSES,00,MISSION,31,Sunday
12183,OTHER OFFENSES,00,MISSION,32,Thursday
12184,OTHER OFFENSES,00,MISSION,38,Tuesday
12185,OTHER OFFENSES,00,MISSION,33,Wednesday
12186,OTHER OFFENSES,00,NORTHERN,22,Friday
12187,OTHER OFFENSES,00,NORTHERN,26,Monday
12188,OTHER OFFENSES,00,NORTHERN,13,Saturday
12189,OTHER OFFENSES,00,NORTHERN,22,Sunday
12190,OTHER OFFENSES,00,NORTHERN,21,Thursday
12191,OTHER OFFENSES,00,NORTHERN,18,Tuesday
12192,OTHER OFFENSES,00,NORTHERN,16,Wednesday
12193,OTHER OFFENSES,00,PARK,8,Friday
12194,OTHER OFFENSES,00,PARK,11,Monday
12195,OTHER OFFENSES,00,PARK,7,Saturday
12196,OTHER OFFENSES,00,PARK,1,Sunday
12197,OTHER OFFENSES,00,PARK,7,Thursday
12198,OTHER OFFENSES,00,PARK,9,Tuesday
12199,OTHER OFFENSES,00,PARK,6,Wednesday
12200,OTHER OFFENSES,00,RICHMOND,15,Friday
12201,OTHER OFFENSES,00,RICHMOND,21,Monday
12202,OTHER OFFENSES,00,RICHMOND,7,Saturday
12203,OTHER OFFENSES,00,RICHMOND,12,Sunday
12204,OTHER OFFENSES,00,RICHMOND,15,Thursday
12205,OTHER OFFENSES,00,RICHMOND,18,Tuesday
12206,OTHER OFFENSES,00,RICHMOND,15,Wednesday
12207,OTHER OFFENSES,00,SOUTHERN,38,Friday
12208,OTHER OFFENSES,00,SOUTHERN,40,Monday
12209,OTHER OFFENSES,00,SOUTHERN,24,Saturday
12210,OTHER OFFENSES,00,SOUTHERN,20,Sunday
12211,OTHER OFFENSES,00,SOUTHERN,45,Thursday
12212,OTHER OFFENSES,00,SOUTHERN,33,Tuesday
12213,OTHER OFFENSES,00,SOUTHERN,34,Wednesday
12214,OTHER OFFENSES,00,TARAVAL,18,Friday
12215,OTHER OFFENSES,00,TARAVAL,8,Monday
12216,OTHER OFFENSES,00,TARAVAL,8,Saturday
12217,OTHER OFFENSES,00,TARAVAL,14,Sunday
12218,OTHER OFFENSES,00,TARAVAL,13,Thursday
12219,OTHER OFFENSES,00,TARAVAL,19,Tuesday
12220,OTHER OFFENSES,00,TARAVAL,8,Wednesday
12221,OTHER OFFENSES,00,TENDERLOIN,9,Friday
12222,OTHER OFFENSES,00,TENDERLOIN,11,Monday
12223,OTHER OFFENSES,00,TENDERLOIN,5,Saturday
12224,OTHER OFFENSES,00,TENDERLOIN,7,Sunday
12225,OTHER OFFENSES,00,TENDERLOIN,13,Thursday
12226,OTHER OFFENSES,00,TENDERLOIN,11,Tuesday
12227,OTHER OFFENSES,00,TENDERLOIN,11,Wednesday
12228,OTHER OFFENSES,01,BAYVIEW,10,Friday
12229,OTHER OFFENSES,01,BAYVIEW,16,Monday
12230,OTHER OFFENSES,01,BAYVIEW,3,Saturday
12231,OTHER OFFENSES,01,BAYVIEW,3,Sunday
12232,OTHER OFFENSES,01,BAYVIEW,6,Thursday
12233,OTHER OFFENSES,01,BAYVIEW,9,Tuesday
12234,OTHER OFFENSES,01,BAYVIEW,4,Wednesday
12235,OTHER OFFENSES,01,CENTRAL,9,Friday
12236,OTHER OFFENSES,01,CENTRAL,9,Monday
12237,OTHER OFFENSES,01,CENTRAL,8,Saturday
12238,OTHER OFFENSES,01,CENTRAL,14,Sunday
12239,OTHER OFFENSES,01,CENTRAL,2,Thursday
12240,OTHER OFFENSES,01,CENTRAL,8,Tuesday
12241,OTHER OFFENSES,01,CENTRAL,2,Wednesday
12242,OTHER OFFENSES,01,INGLESIDE,5,Friday
12243,OTHER OFFENSES,01,INGLESIDE,7,Monday
12244,OTHER OFFENSES,01,INGLESIDE,13,Saturday
12245,OTHER OFFENSES,01,INGLESIDE,12,Sunday
12246,OTHER OFFENSES,01,INGLESIDE,4,Thursday
12247,OTHER OFFENSES,01,INGLESIDE,9,Tuesday
12248,OTHER OFFENSES,01,INGLESIDE,7,Wednesday
12249,OTHER OFFENSES,01,MISSION,16,Friday
12250,OTHER OFFENSES,01,MISSION,6,Monday
12251,OTHER OFFENSES,01,MISSION,31,Saturday
12252,OTHER OFFENSES,01,MISSION,17,Sunday
12253,OTHER OFFENSES,01,MISSION,13,Thursday
12254,OTHER OFFENSES,01,MISSION,20,Tuesday
12255,OTHER OFFENSES,01,MISSION,16,Wednesday
12256,OTHER OFFENSES,01,NORTHERN,9,Friday
12257,OTHER OFFENSES,01,NORTHERN,11,Monday
12258,OTHER OFFENSES,01,NORTHERN,7,Saturday
12259,OTHER OFFENSES,01,NORTHERN,17,Sunday
12260,OTHER OFFENSES,01,NORTHERN,9,Thursday
12261,OTHER OFFENSES,01,NORTHERN,16,Tuesday
12262,OTHER OFFENSES,01,NORTHERN,8,Wednesday
12263,OTHER OFFENSES,01,PARK,3,Friday
12264,OTHER OFFENSES,01,PARK,4,Monday
12265,OTHER OFFENSES,01,PARK,2,Saturday
12266,OTHER OFFENSES,01,PARK,5,Sunday
12267,OTHER OFFENSES,01,PARK,4,Thursday
12268,OTHER OFFENSES,01,PARK,3,Tuesday
12269,OTHER OFFENSES,01,PARK,10,Wednesday
12270,OTHER OFFENSES,01,RICHMOND,6,Friday
12271,OTHER OFFENSES,01,RICHMOND,5,Monday
12272,OTHER OFFENSES,01,RICHMOND,4,Saturday
12273,OTHER OFFENSES,01,RICHMOND,4,Sunday
12274,OTHER OFFENSES,01,RICHMOND,2,Thursday
12275,OTHER OFFENSES,01,RICHMOND,2,Wednesday
12276,OTHER OFFENSES,01,SOUTHERN,8,Friday
12277,OTHER OFFENSES,01,SOUTHERN,13,Monday
12278,OTHER OFFENSES,01,SOUTHERN,12,Saturday
12279,OTHER OFFENSES,01,SOUTHERN,21,Sunday
12280,OTHER OFFENSES,01,SOUTHERN,12,Thursday
12281,OTHER OFFENSES,01,SOUTHERN,10,Tuesday
12282,OTHER OFFENSES,01,SOUTHERN,12,Wednesday
12283,OTHER OFFENSES,01,TARAVAL,4,Friday
12284,OTHER OFFENSES,01,TARAVAL,6,Monday
12285,OTHER OFFENSES,01,TARAVAL,10,Saturday
12286,OTHER OFFENSES,01,TARAVAL,5,Sunday
12287,OTHER OFFENSES,01,TARAVAL,8,Thursday
12288,OTHER OFFENSES,01,TARAVAL,3,Tuesday
12289,OTHER OFFENSES,01,TARAVAL,2,Wednesday
12290,OTHER OFFENSES,01,TENDERLOIN,9,Friday
12291,OTHER OFFENSES,01,TENDERLOIN,4,Monday
12292,OTHER OFFENSES,01,TENDERLOIN,3,Saturday
12293,OTHER OFFENSES,01,TENDERLOIN,6,Sunday
12294,OTHER OFFENSES,01,TENDERLOIN,3,Thursday
12295,OTHER OFFENSES,01,TENDERLOIN,8,Tuesday
12296,OTHER OFFENSES,01,TENDERLOIN,6,Wednesday
12297,OTHER OFFENSES,02,BAYVIEW,2,Friday
12298,OTHER OFFENSES,02,BAYVIEW,2,Monday
12299,OTHER OFFENSES,02,BAYVIEW,8,Saturday
12300,OTHER OFFENSES,02,BAYVIEW,2,Sunday
12301,OTHER OFFENSES,02,BAYVIEW,6,Thursday
12302,OTHER OFFENSES,02,BAYVIEW,3,Tuesday
12303,OTHER OFFENSES,02,BAYVIEW,3,Wednesday
12304,OTHER OFFENSES,02,CENTRAL,11,Friday
12305,OTHER OFFENSES,02,CENTRAL,4,Monday
12306,OTHER OFFENSES,02,CENTRAL,12,Saturday
12307,OTHER OFFENSES,02,CENTRAL,14,Sunday
12308,OTHER OFFENSES,02,CENTRAL,4,Thursday
12309,OTHER OFFENSES,02,CENTRAL,10,Tuesday
12310,OTHER OFFENSES,02,CENTRAL,9,Wednesday
12311,OTHER OFFENSES,02,INGLESIDE,4,Friday
12312,OTHER OFFENSES,02,INGLESIDE,4,Monday
12313,OTHER OFFENSES,02,INGLESIDE,1,Saturday
12314,OTHER OFFENSES,02,INGLESIDE,7,Sunday
12315,OTHER OFFENSES,02,INGLESIDE,8,Thursday
12316,OTHER OFFENSES,02,INGLESIDE,4,Tuesday
12317,OTHER OFFENSES,02,INGLESIDE,7,Wednesday
12318,OTHER OFFENSES,02,MISSION,9,Friday
12319,OTHER OFFENSES,02,MISSION,7,Monday
12320,OTHER OFFENSES,02,MISSION,15,Saturday
12321,OTHER OFFENSES,02,MISSION,11,Sunday
12322,OTHER OFFENSES,02,MISSION,11,Thursday
12323,OTHER OFFENSES,02,MISSION,14,Tuesday
12324,OTHER OFFENSES,02,MISSION,15,Wednesday
12325,OTHER OFFENSES,02,NORTHERN,14,Friday
12326,OTHER OFFENSES,02,NORTHERN,15,Monday
12327,OTHER OFFENSES,02,NORTHERN,10,Saturday
12328,OTHER OFFENSES,02,NORTHERN,12,Sunday
12329,OTHER OFFENSES,02,NORTHERN,9,Thursday
12330,OTHER OFFENSES,02,NORTHERN,5,Tuesday
12331,OTHER OFFENSES,02,NORTHERN,9,Wednesday
12332,OTHER OFFENSES,02,PARK,4,Friday
12333,OTHER OFFENSES,02,PARK,5,Monday
12334,OTHER OFFENSES,02,PARK,2,Saturday
12335,OTHER OFFENSES,02,PARK,3,Sunday
12336,OTHER OFFENSES,02,PARK,3,Thursday
12337,OTHER OFFENSES,02,PARK,2,Tuesday
12338,OTHER OFFENSES,02,PARK,2,Wednesday
12339,OTHER OFFENSES,02,RICHMOND,2,Friday
12340,OTHER OFFENSES,02,RICHMOND,9,Monday
12341,OTHER OFFENSES,02,RICHMOND,12,Saturday
12342,OTHER OFFENSES,02,RICHMOND,4,Sunday
12343,OTHER OFFENSES,02,RICHMOND,4,Thursday
12344,OTHER OFFENSES,02,RICHMOND,1,Tuesday
12345,OTHER OFFENSES,02,RICHMOND,2,Wednesday
12346,OTHER OFFENSES,02,SOUTHERN,6,Friday
12347,OTHER OFFENSES,02,SOUTHERN,5,Monday
12348,OTHER OFFENSES,02,SOUTHERN,12,Saturday
12349,OTHER OFFENSES,02,SOUTHERN,17,Sunday
12350,OTHER OFFENSES,02,SOUTHERN,8,Thursday
12351,OTHER OFFENSES,02,SOUTHERN,10,Tuesday
12352,OTHER OFFENSES,02,SOUTHERN,13,Wednesday
12353,OTHER OFFENSES,02,TARAVAL,1,Friday
12354,OTHER OFFENSES,02,TARAVAL,1,Monday
12355,OTHER OFFENSES,02,TARAVAL,2,Saturday
12356,OTHER OFFENSES,02,TARAVAL,7,Sunday
12357,OTHER OFFENSES,02,TARAVAL,4,Tuesday
12358,OTHER OFFENSES,02,TARAVAL,1,Wednesday
12359,OTHER OFFENSES,02,TENDERLOIN,9,Friday
12360,OTHER OFFENSES,02,TENDERLOIN,2,Monday
12361,OTHER OFFENSES,02,TENDERLOIN,4,Saturday
12362,OTHER OFFENSES,02,TENDERLOIN,4,Sunday
12363,OTHER OFFENSES,02,TENDERLOIN,2,Thursday
12364,OTHER OFFENSES,02,TENDERLOIN,7,Tuesday
12365,OTHER OFFENSES,02,TENDERLOIN,4,Wednesday
12366,OTHER OFFENSES,03,BAYVIEW,3,Friday
12367,OTHER OFFENSES,03,BAYVIEW,9,Monday
12368,OTHER OFFENSES,03,BAYVIEW,4,Saturday
12369,OTHER OFFENSES,03,BAYVIEW,3,Sunday
12370,OTHER OFFENSES,03,BAYVIEW,2,Thursday
12371,OTHER OFFENSES,03,BAYVIEW,3,Tuesday
12372,OTHER OFFENSES,03,BAYVIEW,5,Wednesday
12373,OTHER OFFENSES,03,CENTRAL,2,Friday
12374,OTHER OFFENSES,03,CENTRAL,8,Monday
12375,OTHER OFFENSES,03,CENTRAL,2,Saturday
12376,OTHER OFFENSES,03,CENTRAL,3,Sunday
12377,OTHER OFFENSES,03,CENTRAL,2,Thursday
12378,OTHER OFFENSES,03,CENTRAL,10,Tuesday
12379,OTHER OFFENSES,03,CENTRAL,3,Wednesday
12380,OTHER OFFENSES,03,INGLESIDE,3,Friday
12381,OTHER OFFENSES,03,INGLESIDE,3,Monday
12382,OTHER OFFENSES,03,INGLESIDE,11,Saturday
12383,OTHER OFFENSES,03,INGLESIDE,5,Sunday
12384,OTHER OFFENSES,03,INGLESIDE,3,Thursday
12385,OTHER OFFENSES,03,INGLESIDE,3,Tuesday
12386,OTHER OFFENSES,03,INGLESIDE,7,Wednesday
12387,OTHER OFFENSES,03,MISSION,5,Friday
12388,OTHER OFFENSES,03,MISSION,10,Monday
12389,OTHER OFFENSES,03,MISSION,12,Saturday
12390,OTHER OFFENSES,03,MISSION,15,Sunday
12391,OTHER OFFENSES,03,MISSION,8,Thursday
12392,OTHER OFFENSES,03,MISSION,16,Tuesday
12393,OTHER OFFENSES,03,MISSION,7,Wednesday
12394,OTHER OFFENSES,03,NORTHERN,12,Friday
12395,OTHER OFFENSES,03,NORTHERN,12,Monday
12396,OTHER OFFENSES,03,NORTHERN,16,Saturday
12397,OTHER OFFENSES,03,NORTHERN,7,Sunday
12398,OTHER OFFENSES,03,NORTHERN,9,Thursday
12399,OTHER OFFENSES,03,NORTHERN,11,Tuesday
12400,OTHER OFFENSES,03,NORTHERN,14,Wednesday
12401,OTHER OFFENSES,03,PARK,1,Friday
12402,OTHER OFFENSES,03,PARK,3,Monday
12403,OTHER OFFENSES,03,PARK,2,Saturday
12404,OTHER OFFENSES,03,PARK,4,Thursday
12405,OTHER OFFENSES,03,PARK,1,Tuesday
12406,OTHER OFFENSES,03,PARK,1,Wednesday
12407,OTHER OFFENSES,03,RICHMOND,5,Friday
12408,OTHER OFFENSES,03,RICHMOND,4,Saturday
12409,OTHER OFFENSES,03,RICHMOND,3,Thursday
12410,OTHER OFFENSES,03,RICHMOND,1,Tuesday
12411,OTHER OFFENSES,03,RICHMOND,3,Wednesday
12412,OTHER OFFENSES,03,SOUTHERN,5,Friday
12413,OTHER OFFENSES,03,SOUTHERN,8,Monday
12414,OTHER OFFENSES,03,SOUTHERN,5,Saturday
12415,OTHER OFFENSES,03,SOUTHERN,7,Sunday
12416,OTHER OFFENSES,03,SOUTHERN,6,Thursday
12417,OTHER OFFENSES,03,SOUTHERN,7,Tuesday
12418,OTHER OFFENSES,03,SOUTHERN,12,Wednesday
12419,OTHER OFFENSES,03,TARAVAL,2,Friday
12420,OTHER OFFENSES,03,TARAVAL,2,Monday
12421,OTHER OFFENSES,03,TARAVAL,8,Saturday
12422,OTHER OFFENSES,03,TARAVAL,3,Sunday
12423,OTHER OFFENSES,03,TARAVAL,3,Thursday
12424,OTHER OFFENSES,03,TARAVAL,4,Tuesday
12425,OTHER OFFENSES,03,TARAVAL,1,Wednesday
12426,OTHER OFFENSES,03,TENDERLOIN,5,Friday
12427,OTHER OFFENSES,03,TENDERLOIN,2,Monday
12428,OTHER OFFENSES,03,TENDERLOIN,7,Saturday
12429,OTHER OFFENSES,03,TENDERLOIN,2,Sunday
12430,OTHER OFFENSES,03,TENDERLOIN,5,Thursday
12431,OTHER OFFENSES,03,TENDERLOIN,2,Wednesday
12432,OTHER OFFENSES,04,BAYVIEW,7,Friday
12433,OTHER OFFENSES,04,BAYVIEW,5,Monday
12434,OTHER OFFENSES,04,BAYVIEW,1,Saturday
12435,OTHER OFFENSES,04,BAYVIEW,6,Thursday
12436,OTHER OFFENSES,04,BAYVIEW,3,Tuesday
12437,OTHER OFFENSES,04,BAYVIEW,3,Wednesday
12438,OTHER OFFENSES,04,CENTRAL,1,Friday
12439,OTHER OFFENSES,04,CENTRAL,2,Monday
12440,OTHER OFFENSES,04,CENTRAL,1,Saturday
12441,OTHER OFFENSES,04,CENTRAL,3,Sunday
12442,OTHER OFFENSES,04,CENTRAL,2,Thursday
12443,OTHER OFFENSES,04,CENTRAL,5,Tuesday
12444,OTHER OFFENSES,04,CENTRAL,1,Wednesday
12445,OTHER OFFENSES,04,INGLESIDE,5,Friday
12446,OTHER OFFENSES,04,INGLESIDE,4,Monday
12447,OTHER OFFENSES,04,INGLESIDE,5,Saturday
12448,OTHER OFFENSES,04,INGLESIDE,3,Sunday
12449,OTHER OFFENSES,04,INGLESIDE,6,Thursday
12450,OTHER OFFENSES,04,INGLESIDE,5,Tuesday
12451,OTHER OFFENSES,04,MISSION,4,Friday
12452,OTHER OFFENSES,04,MISSION,2,Monday
12453,OTHER OFFENSES,04,MISSION,9,Saturday
12454,OTHER OFFENSES,04,MISSION,9,Sunday
12455,OTHER OFFENSES,04,MISSION,8,Thursday
12456,OTHER OFFENSES,04,MISSION,11,Tuesday
12457,OTHER OFFENSES,04,MISSION,6,Wednesday
12458,OTHER OFFENSES,04,NORTHERN,6,Friday
12459,OTHER OFFENSES,04,NORTHERN,8,Monday
12460,OTHER OFFENSES,04,NORTHERN,5,Saturday
12461,OTHER OFFENSES,04,NORTHERN,11,Sunday
12462,OTHER OFFENSES,04,NORTHERN,8,Thursday
12463,OTHER OFFENSES,04,NORTHERN,12,Tuesday
12464,OTHER OFFENSES,04,NORTHERN,7,Wednesday
12465,OTHER OFFENSES,04,PARK,4,Friday
12466,OTHER OFFENSES,04,PARK,1,Monday
12467,OTHER OFFENSES,04,PARK,4,Saturday
12468,OTHER OFFENSES,04,PARK,2,Sunday
12469,OTHER OFFENSES,04,PARK,4,Thursday
12470,OTHER OFFENSES,04,PARK,2,Tuesday
12471,OTHER OFFENSES,04,PARK,1,Wednesday
12472,OTHER OFFENSES,04,RICHMOND,2,Monday
12473,OTHER OFFENSES,04,RICHMOND,1,Saturday
12474,OTHER OFFENSES,04,RICHMOND,4,Thursday
12475,OTHER OFFENSES,04,RICHMOND,2,Tuesday
12476,OTHER OFFENSES,04,RICHMOND,2,Wednesday
12477,OTHER OFFENSES,04,SOUTHERN,3,Friday
12478,OTHER OFFENSES,04,SOUTHERN,8,Monday
12479,OTHER OFFENSES,04,SOUTHERN,6,Saturday
12480,OTHER OFFENSES,04,SOUTHERN,4,Sunday
12481,OTHER OFFENSES,04,SOUTHERN,3,Thursday
12482,OTHER OFFENSES,04,SOUTHERN,7,Tuesday
12483,OTHER OFFENSES,04,SOUTHERN,5,Wednesday
12484,OTHER OFFENSES,04,TARAVAL,1,Friday
12485,OTHER OFFENSES,04,TARAVAL,8,Sunday
12486,OTHER OFFENSES,04,TARAVAL,2,Thursday
12487,OTHER OFFENSES,04,TARAVAL,4,Tuesday
12488,OTHER OFFENSES,04,TARAVAL,2,Wednesday
12489,OTHER OFFENSES,04,TENDERLOIN,1,Monday
12490,OTHER OFFENSES,04,TENDERLOIN,5,Saturday
12491,OTHER OFFENSES,04,TENDERLOIN,1,Thursday
12492,OTHER OFFENSES,04,TENDERLOIN,1,Wednesday
12493,OTHER OFFENSES,05,BAYVIEW,1,Friday
12494,OTHER OFFENSES,05,BAYVIEW,4,Monday
12495,OTHER OFFENSES,05,BAYVIEW,3,Saturday
12496,OTHER OFFENSES,05,BAYVIEW,2,Sunday
12497,OTHER OFFENSES,05,BAYVIEW,3,Thursday
12498,OTHER OFFENSES,05,BAYVIEW,2,Tuesday
12499,OTHER OFFENSES,05,BAYVIEW,6,Wednesday
12500,OTHER OFFENSES,05,CENTRAL,3,Friday
12501,OTHER OFFENSES,05,CENTRAL,1,Monday
12502,OTHER OFFENSES,05,CENTRAL,6,Saturday
12503,OTHER OFFENSES,05,CENTRAL,5,Sunday
12504,OTHER OFFENSES,05,CENTRAL,5,Thursday
12505,OTHER OFFENSES,05,CENTRAL,1,Wednesday
12506,OTHER OFFENSES,05,INGLESIDE,3,Friday
12507,OTHER OFFENSES,05,INGLESIDE,4,Sunday
12508,OTHER OFFENSES,05,INGLESIDE,1,Tuesday
12509,OTHER OFFENSES,05,MISSION,3,Monday
12510,OTHER OFFENSES,05,MISSION,4,Saturday
12511,OTHER OFFENSES,05,MISSION,9,Sunday
12512,OTHER OFFENSES,05,MISSION,4,Thursday
12513,OTHER OFFENSES,05,MISSION,4,Tuesday
12514,OTHER OFFENSES,05,MISSION,6,Wednesday
12515,OTHER OFFENSES,05,NORTHERN,1,Friday
12516,OTHER OFFENSES,05,NORTHERN,8,Monday
12517,OTHER OFFENSES,05,NORTHERN,2,Saturday
12518,OTHER OFFENSES,05,NORTHERN,4,Sunday
12519,OTHER OFFENSES,05,NORTHERN,2,Thursday
12520,OTHER OFFENSES,05,NORTHERN,2,Tuesday
12521,OTHER OFFENSES,05,NORTHERN,4,Wednesday
12522,OTHER OFFENSES,05,PARK,4,Friday
12523,OTHER OFFENSES,05,PARK,2,Monday
12524,OTHER OFFENSES,05,PARK,1,Sunday
12525,OTHER OFFENSES,05,PARK,2,Thursday
12526,OTHER OFFENSES,05,PARK,1,Wednesday
12527,OTHER OFFENSES,05,RICHMOND,3,Saturday
12528,OTHER OFFENSES,05,RICHMOND,1,Sunday
12529,OTHER OFFENSES,05,RICHMOND,1,Tuesday
12530,OTHER OFFENSES,05,RICHMOND,2,Wednesday
12531,OTHER OFFENSES,05,SOUTHERN,4,Friday
12532,OTHER OFFENSES,05,SOUTHERN,5,Monday
12533,OTHER OFFENSES,05,SOUTHERN,4,Saturday
12534,OTHER OFFENSES,05,SOUTHERN,2,Sunday
12535,OTHER OFFENSES,05,SOUTHERN,1,Thursday
12536,OTHER OFFENSES,05,SOUTHERN,7,Tuesday
12537,OTHER OFFENSES,05,SOUTHERN,3,Wednesday
12538,OTHER OFFENSES,05,TARAVAL,1,Friday
12539,OTHER OFFENSES,05,TARAVAL,4,Saturday
12540,OTHER OFFENSES,05,TARAVAL,1,Tuesday
12541,OTHER OFFENSES,05,TARAVAL,2,Wednesday
12542,OTHER OFFENSES,05,TENDERLOIN,6,Friday
12543,OTHER OFFENSES,05,TENDERLOIN,8,Monday
12544,OTHER OFFENSES,05,TENDERLOIN,2,Saturday
12545,OTHER OFFENSES,05,TENDERLOIN,1,Thursday
12546,OTHER OFFENSES,05,TENDERLOIN,9,Tuesday
12547,OTHER OFFENSES,05,TENDERLOIN,5,Wednesday
12548,OTHER OFFENSES,06,BAYVIEW,5,Friday
12549,OTHER OFFENSES,06,BAYVIEW,3,Monday
12550,OTHER OFFENSES,06,BAYVIEW,5,Saturday
12551,OTHER OFFENSES,06,BAYVIEW,2,Sunday
12552,OTHER OFFENSES,06,BAYVIEW,3,Thursday
12553,OTHER OFFENSES,06,BAYVIEW,4,Tuesday
12554,OTHER OFFENSES,06,BAYVIEW,4,Wednesday
12555,OTHER OFFENSES,06,CENTRAL,5,Friday
12556,OTHER OFFENSES,06,CENTRAL,2,Monday
12557,OTHER OFFENSES,06,CENTRAL,1,Saturday
12558,OTHER OFFENSES,06,CENTRAL,1,Sunday
12559,OTHER OFFENSES,06,CENTRAL,2,Thursday
12560,OTHER OFFENSES,06,CENTRAL,2,Wednesday
12561,OTHER OFFENSES,06,INGLESIDE,2,Friday
12562,OTHER OFFENSES,06,INGLESIDE,4,Saturday
12563,OTHER OFFENSES,06,INGLESIDE,4,Sunday
12564,OTHER OFFENSES,06,INGLESIDE,3,Thursday
12565,OTHER OFFENSES,06,INGLESIDE,4,Tuesday
12566,OTHER OFFENSES,06,INGLESIDE,2,Wednesday
12567,OTHER OFFENSES,06,MISSION,6,Friday
12568,OTHER OFFENSES,06,MISSION,7,Monday
12569,OTHER OFFENSES,06,MISSION,6,Saturday
12570,OTHER OFFENSES,06,MISSION,6,Sunday
12571,OTHER OFFENSES,06,MISSION,4,Thursday
12572,OTHER OFFENSES,06,MISSION,7,Tuesday
12573,OTHER OFFENSES,06,MISSION,5,Wednesday
12574,OTHER OFFENSES,06,NORTHERN,4,Friday
12575,OTHER OFFENSES,06,NORTHERN,6,Monday
12576,OTHER OFFENSES,06,NORTHERN,3,Saturday
12577,OTHER OFFENSES,06,NORTHERN,3,Sunday
12578,OTHER OFFENSES,06,NORTHERN,3,Thursday
12579,OTHER OFFENSES,06,NORTHERN,4,Tuesday
12580,OTHER OFFENSES,06,NORTHERN,8,Wednesday
12581,OTHER OFFENSES,06,PARK,5,Friday
12582,OTHER OFFENSES,06,PARK,5,Monday
12583,OTHER OFFENSES,06,PARK,2,Saturday
12584,OTHER OFFENSES,06,PARK,2,Sunday
12585,OTHER OFFENSES,06,PARK,2,Thursday
12586,OTHER OFFENSES,06,PARK,2,Tuesday
12587,OTHER OFFENSES,06,PARK,4,Wednesday
12588,OTHER OFFENSES,06,RICHMOND,2,Monday
12589,OTHER OFFENSES,06,RICHMOND,1,Saturday
12590,OTHER OFFENSES,06,RICHMOND,1,Sunday
12591,OTHER OFFENSES,06,RICHMOND,1,Tuesday
12592,OTHER OFFENSES,06,SOUTHERN,9,Friday
12593,OTHER OFFENSES,06,SOUTHERN,9,Monday
12594,OTHER OFFENSES,06,SOUTHERN,1,Saturday
12595,OTHER OFFENSES,06,SOUTHERN,4,Sunday
12596,OTHER OFFENSES,06,SOUTHERN,6,Thursday
12597,OTHER OFFENSES,06,SOUTHERN,6,Tuesday
12598,OTHER OFFENSES,06,SOUTHERN,7,Wednesday
12599,OTHER OFFENSES,06,TARAVAL,2,Friday
12600,OTHER OFFENSES,06,TARAVAL,1,Monday
12601,OTHER OFFENSES,06,TARAVAL,3,Saturday
12602,OTHER OFFENSES,06,TARAVAL,3,Thursday
12603,OTHER OFFENSES,06,TARAVAL,1,Tuesday
12604,OTHER OFFENSES,06,TARAVAL,5,Wednesday
12605,OTHER OFFENSES,06,TENDERLOIN,5,Friday
12606,OTHER OFFENSES,06,TENDERLOIN,10,Monday
12607,OTHER OFFENSES,06,TENDERLOIN,4,Saturday
12608,OTHER OFFENSES,06,TENDERLOIN,6,Sunday
12609,OTHER OFFENSES,06,TENDERLOIN,1,Thursday
12610,OTHER OFFENSES,06,TENDERLOIN,7,Tuesday
12611,OTHER OFFENSES,06,TENDERLOIN,5,Wednesday
12612,OTHER OFFENSES,07,BAYVIEW,10,Friday
12613,OTHER OFFENSES,07,BAYVIEW,6,Monday
12614,OTHER OFFENSES,07,BAYVIEW,8,Saturday
12615,OTHER OFFENSES,07,BAYVIEW,22,Sunday
12616,OTHER OFFENSES,07,BAYVIEW,10,Thursday
12617,OTHER OFFENSES,07,BAYVIEW,11,Tuesday
12618,OTHER OFFENSES,07,BAYVIEW,5,Wednesday
12619,OTHER OFFENSES,07,CENTRAL,12,Friday
12620,OTHER OFFENSES,07,CENTRAL,5,Monday
12621,OTHER OFFENSES,07,CENTRAL,5,Saturday
12622,OTHER OFFENSES,07,CENTRAL,7,Sunday
12623,OTHER OFFENSES,07,CENTRAL,7,Thursday
12624,OTHER OFFENSES,07,CENTRAL,8,Tuesday
12625,OTHER OFFENSES,07,CENTRAL,5,Wednesday
12626,OTHER OFFENSES,07,INGLESIDE,9,Friday
12627,OTHER OFFENSES,07,INGLESIDE,6,Monday
12628,OTHER OFFENSES,07,INGLESIDE,5,Saturday
12629,OTHER OFFENSES,07,INGLESIDE,1,Sunday
12630,OTHER OFFENSES,07,INGLESIDE,6,Thursday
12631,OTHER OFFENSES,07,INGLESIDE,5,Tuesday
12632,OTHER OFFENSES,07,INGLESIDE,6,Wednesday
12633,OTHER OFFENSES,07,MISSION,7,Friday
12634,OTHER OFFENSES,07,MISSION,6,Monday
12635,OTHER OFFENSES,07,MISSION,12,Saturday
12636,OTHER OFFENSES,07,MISSION,7,Sunday
12637,OTHER OFFENSES,07,MISSION,8,Thursday
12638,OTHER OFFENSES,07,MISSION,3,Tuesday
12639,OTHER OFFENSES,07,MISSION,23,Wednesday
12640,OTHER OFFENSES,07,NORTHERN,7,Friday
12641,OTHER OFFENSES,07,NORTHERN,10,Monday
12642,OTHER OFFENSES,07,NORTHERN,7,Saturday
12643,OTHER OFFENSES,07,NORTHERN,5,Sunday
12644,OTHER OFFENSES,07,NORTHERN,4,Thursday
12645,OTHER OFFENSES,07,NORTHERN,5,Tuesday
12646,OTHER OFFENSES,07,NORTHERN,14,Wednesday
12647,OTHER OFFENSES,07,PARK,6,Friday
12648,OTHER OFFENSES,07,PARK,5,Monday
12649,OTHER OFFENSES,07,PARK,4,Saturday
12650,OTHER OFFENSES,07,PARK,2,Sunday
12651,OTHER OFFENSES,07,PARK,3,Thursday
12652,OTHER OFFENSES,07,PARK,7,Tuesday
12653,OTHER OFFENSES,07,PARK,3,Wednesday
12654,OTHER OFFENSES,07,RICHMOND,8,Friday
12655,OTHER OFFENSES,07,RICHMOND,3,Monday
12656,OTHER OFFENSES,07,RICHMOND,3,Saturday
12657,OTHER OFFENSES,07,RICHMOND,1,Sunday
12658,OTHER OFFENSES,07,RICHMOND,2,Thursday
12659,OTHER OFFENSES,07,RICHMOND,2,Tuesday
12660,OTHER OFFENSES,07,RICHMOND,2,Wednesday
12661,OTHER OFFENSES,07,SOUTHERN,17,Friday
12662,OTHER OFFENSES,07,SOUTHERN,17,Monday
12663,OTHER OFFENSES,07,SOUTHERN,13,Saturday
12664,OTHER OFFENSES,07,SOUTHERN,16,Sunday
12665,OTHER OFFENSES,07,SOUTHERN,17,Thursday
12666,OTHER OFFENSES,07,SOUTHERN,19,Tuesday
12667,OTHER OFFENSES,07,SOUTHERN,19,Wednesday
12668,OTHER OFFENSES,07,TARAVAL,10,Friday
12669,OTHER OFFENSES,07,TARAVAL,4,Monday
12670,OTHER OFFENSES,07,TARAVAL,7,Saturday
12671,OTHER OFFENSES,07,TARAVAL,3,Sunday
12672,OTHER OFFENSES,07,TARAVAL,3,Thursday
12673,OTHER OFFENSES,07,TARAVAL,6,Tuesday
12674,OTHER OFFENSES,07,TARAVAL,7,Wednesday
12675,OTHER OFFENSES,07,TENDERLOIN,2,Friday
12676,OTHER OFFENSES,07,TENDERLOIN,7,Monday
12677,OTHER OFFENSES,07,TENDERLOIN,11,Saturday
12678,OTHER OFFENSES,07,TENDERLOIN,6,Sunday
12679,OTHER OFFENSES,07,TENDERLOIN,2,Thursday
12680,OTHER OFFENSES,07,TENDERLOIN,8,Tuesday
12681,OTHER OFFENSES,07,TENDERLOIN,8,Wednesday
12682,OTHER OFFENSES,08,BAYVIEW,18,Friday
12683,OTHER OFFENSES,08,BAYVIEW,15,Monday
12684,OTHER OFFENSES,08,BAYVIEW,21,Saturday
12685,OTHER OFFENSES,08,BAYVIEW,13,Sunday
12686,OTHER OFFENSES,08,BAYVIEW,21,Thursday
12687,OTHER OFFENSES,08,BAYVIEW,20,Tuesday
12688,OTHER OFFENSES,08,BAYVIEW,30,Wednesday
12689,OTHER OFFENSES,08,CENTRAL,5,Friday
12690,OTHER OFFENSES,08,CENTRAL,15,Monday
12691,OTHER OFFENSES,08,CENTRAL,6,Saturday
12692,OTHER OFFENSES,08,CENTRAL,5,Sunday
12693,OTHER OFFENSES,08,CENTRAL,9,Thursday
12694,OTHER OFFENSES,08,CENTRAL,12,Tuesday
12695,OTHER OFFENSES,08,CENTRAL,12,Wednesday
12696,OTHER OFFENSES,08,INGLESIDE,21,Friday
12697,OTHER OFFENSES,08,INGLESIDE,10,Monday
12698,OTHER OFFENSES,08,INGLESIDE,3,Saturday
12699,OTHER OFFENSES,08,INGLESIDE,3,Sunday
12700,OTHER OFFENSES,08,INGLESIDE,11,Thursday
12701,OTHER OFFENSES,08,INGLESIDE,11,Tuesday
12702,OTHER OFFENSES,08,INGLESIDE,11,Wednesday
12703,OTHER OFFENSES,08,MISSION,18,Friday
12704,OTHER OFFENSES,08,MISSION,22,Monday
12705,OTHER OFFENSES,08,MISSION,13,Saturday
12706,OTHER OFFENSES,08,MISSION,11,Sunday
12707,OTHER OFFENSES,08,MISSION,17,Thursday
12708,OTHER OFFENSES,08,MISSION,20,Tuesday
12709,OTHER OFFENSES,08,MISSION,17,Wednesday
12710,OTHER OFFENSES,08,NORTHERN,9,Friday
12711,OTHER OFFENSES,08,NORTHERN,21,Monday
12712,OTHER OFFENSES,08,NORTHERN,11,Saturday
12713,OTHER OFFENSES,08,NORTHERN,10,Sunday
12714,OTHER OFFENSES,08,NORTHERN,11,Thursday
12715,OTHER OFFENSES,08,NORTHERN,8,Tuesday
12716,OTHER OFFENSES,08,NORTHERN,25,Wednesday
12717,OTHER OFFENSES,08,PARK,13,Friday
12718,OTHER OFFENSES,08,PARK,7,Monday
12719,OTHER OFFENSES,08,PARK,6,Saturday
12720,OTHER OFFENSES,08,PARK,4,Sunday
12721,OTHER OFFENSES,08,PARK,11,Thursday
12722,OTHER OFFENSES,08,PARK,12,Tuesday
12723,OTHER OFFENSES,08,PARK,5,Wednesday
12724,OTHER OFFENSES,08,RICHMOND,5,Friday
12725,OTHER OFFENSES,08,RICHMOND,7,Monday
12726,OTHER OFFENSES,08,RICHMOND,6,Saturday
12727,OTHER OFFENSES,08,RICHMOND,3,Sunday
12728,OTHER OFFENSES,08,RICHMOND,2,Thursday
12729,OTHER OFFENSES,08,RICHMOND,5,Tuesday
12730,OTHER OFFENSES,08,RICHMOND,7,Wednesday
12731,OTHER OFFENSES,08,SOUTHERN,21,Friday
12732,OTHER OFFENSES,08,SOUTHERN,16,Monday
12733,OTHER OFFENSES,08,SOUTHERN,13,Saturday
12734,OTHER OFFENSES,08,SOUTHERN,9,Sunday
12735,OTHER OFFENSES,08,SOUTHERN,20,Thursday
12736,OTHER OFFENSES,08,SOUTHERN,15,Tuesday
12737,OTHER OFFENSES,08,SOUTHERN,18,Wednesday
12738,OTHER OFFENSES,08,TARAVAL,7,Friday
12739,OTHER OFFENSES,08,TARAVAL,20,Monday
12740,OTHER OFFENSES,08,TARAVAL,8,Saturday
12741,OTHER OFFENSES,08,TARAVAL,5,Sunday
12742,OTHER OFFENSES,08,TARAVAL,18,Thursday
12743,OTHER OFFENSES,08,TARAVAL,14,Tuesday
12744,OTHER OFFENSES,08,TARAVAL,18,Wednesday
12745,OTHER OFFENSES,08,TENDERLOIN,5,Friday
12746,OTHER OFFENSES,08,TENDERLOIN,6,Monday
12747,OTHER OFFENSES,08,TENDERLOIN,7,Saturday
12748,OTHER OFFENSES,08,TENDERLOIN,10,Sunday
12749,OTHER OFFENSES,08,TENDERLOIN,8,Thursday
12750,OTHER OFFENSES,08,TENDERLOIN,8,Tuesday
12751,OTHER OFFENSES,08,TENDERLOIN,5,Wednesday
12752,OTHER OFFENSES,09,BAYVIEW,18,Friday
12753,OTHER OFFENSES,09,BAYVIEW,22,Monday
12754,OTHER OFFENSES,09,BAYVIEW,9,Saturday
12755,OTHER OFFENSES,09,BAYVIEW,12,Sunday
12756,OTHER OFFENSES,09,BAYVIEW,16,Thursday
12757,OTHER OFFENSES,09,BAYVIEW,10,Tuesday
12758,OTHER OFFENSES,09,BAYVIEW,27,Wednesday
12759,OTHER OFFENSES,09,CENTRAL,13,Friday
12760,OTHER OFFENSES,09,CENTRAL,10,Monday
12761,OTHER OFFENSES,09,CENTRAL,7,Saturday
12762,OTHER OFFENSES,09,CENTRAL,6,Sunday
12763,OTHER OFFENSES,09,CENTRAL,7,Thursday
12764,OTHER OFFENSES,09,CENTRAL,8,Tuesday
12765,OTHER OFFENSES,09,CENTRAL,6,Wednesday
12766,OTHER OFFENSES,09,INGLESIDE,11,Friday
12767,OTHER OFFENSES,09,INGLESIDE,23,Monday
12768,OTHER OFFENSES,09,INGLESIDE,12,Saturday
12769,OTHER OFFENSES,09,INGLESIDE,14,Sunday
12770,OTHER OFFENSES,09,INGLESIDE,19,Thursday
12771,OTHER OFFENSES,09,INGLESIDE,6,Tuesday
12772,OTHER OFFENSES,09,INGLESIDE,19,Wednesday
12773,OTHER OFFENSES,09,MISSION,9,Friday
12774,OTHER OFFENSES,09,MISSION,19,Monday
12775,OTHER OFFENSES,09,MISSION,12,Saturday
12776,OTHER OFFENSES,09,MISSION,14,Sunday
12777,OTHER OFFENSES,09,MISSION,21,Thursday
12778,OTHER OFFENSES,09,MISSION,13,Tuesday
12779,OTHER OFFENSES,09,MISSION,15,Wednesday
12780,OTHER OFFENSES,09,NORTHERN,12,Friday
12781,OTHER OFFENSES,09,NORTHERN,22,Monday
12782,OTHER OFFENSES,09,NORTHERN,7,Saturday
12783,OTHER OFFENSES,09,NORTHERN,12,Sunday
12784,OTHER OFFENSES,09,NORTHERN,15,Thursday
12785,OTHER OFFENSES,09,NORTHERN,19,Tuesday
12786,OTHER OFFENSES,09,NORTHERN,16,Wednesday
12787,OTHER OFFENSES,09,PARK,12,Friday
12788,OTHER OFFENSES,09,PARK,3,Monday
12789,OTHER OFFENSES,09,PARK,2,Saturday
12790,OTHER OFFENSES,09,PARK,4,Sunday
12791,OTHER OFFENSES,09,PARK,4,Thursday
12792,OTHER OFFENSES,09,PARK,10,Tuesday
12793,OTHER OFFENSES,09,PARK,8,Wednesday
12794,OTHER OFFENSES,09,RICHMOND,8,Friday
12795,OTHER OFFENSES,09,RICHMOND,5,Monday
12796,OTHER OFFENSES,09,RICHMOND,2,Saturday
12797,OTHER OFFENSES,09,RICHMOND,5,Sunday
12798,OTHER OFFENSES,09,RICHMOND,7,Thursday
12799,OTHER OFFENSES,09,RICHMOND,8,Tuesday
12800,OTHER OFFENSES,09,RICHMOND,4,Wednesday
12801,OTHER OFFENSES,09,SOUTHERN,26,Friday
12802,OTHER OFFENSES,09,SOUTHERN,20,Monday
12803,OTHER OFFENSES,09,SOUTHERN,9,Saturday
12804,OTHER OFFENSES,09,SOUTHERN,19,Sunday
12805,OTHER OFFENSES,09,SOUTHERN,15,Thursday
12806,OTHER OFFENSES,09,SOUTHERN,16,Tuesday
12807,OTHER OFFENSES,09,SOUTHERN,18,Wednesday
12808,OTHER OFFENSES,09,TARAVAL,16,Friday
12809,OTHER OFFENSES,09,TARAVAL,13,Monday
12810,OTHER OFFENSES,09,TARAVAL,12,Saturday
12811,OTHER OFFENSES,09,TARAVAL,11,Sunday
12812,OTHER OFFENSES,09,TARAVAL,15,Thursday
12813,OTHER OFFENSES,09,TARAVAL,20,Tuesday
12814,OTHER OFFENSES,09,TARAVAL,15,Wednesday
12815,OTHER OFFENSES,09,TENDERLOIN,5,Friday
12816,OTHER OFFENSES,09,TENDERLOIN,8,Monday
12817,OTHER OFFENSES,09,TENDERLOIN,7,Saturday
12818,OTHER OFFENSES,09,TENDERLOIN,2,Sunday
12819,OTHER OFFENSES,09,TENDERLOIN,3,Thursday
12820,OTHER OFFENSES,09,TENDERLOIN,7,Tuesday
12821,OTHER OFFENSES,09,TENDERLOIN,9,Wednesday
12822,OTHER OFFENSES,10,BAYVIEW,32,Friday
12823,OTHER OFFENSES,10,BAYVIEW,13,Monday
12824,OTHER OFFENSES,10,BAYVIEW,19,Saturday
12825,OTHER OFFENSES,10,BAYVIEW,18,Sunday
12826,OTHER OFFENSES,10,BAYVIEW,13,Thursday
12827,OTHER OFFENSES,10,BAYVIEW,16,Tuesday
12828,OTHER OFFENSES,10,BAYVIEW,19,Wednesday
12829,OTHER OFFENSES,10,CENTRAL,11,Friday
12830,OTHER OFFENSES,10,CENTRAL,11,Monday
12831,OTHER OFFENSES,10,CENTRAL,10,Saturday
12832,OTHER OFFENSES,10,CENTRAL,15,Sunday
12833,OTHER OFFENSES,10,CENTRAL,8,Thursday
12834,OTHER OFFENSES,10,CENTRAL,20,Tuesday
12835,OTHER OFFENSES,10,CENTRAL,9,Wednesday
12836,OTHER OFFENSES,10,INGLESIDE,10,Friday
12837,OTHER OFFENSES,10,INGLESIDE,10,Monday
12838,OTHER OFFENSES,10,INGLESIDE,4,Saturday
12839,OTHER OFFENSES,10,INGLESIDE,5,Sunday
12840,OTHER OFFENSES,10,INGLESIDE,13,Thursday
12841,OTHER OFFENSES,10,INGLESIDE,14,Tuesday
12842,OTHER OFFENSES,10,INGLESIDE,21,Wednesday
12843,OTHER OFFENSES,10,MISSION,13,Friday
12844,OTHER OFFENSES,10,MISSION,11,Monday
12845,OTHER OFFENSES,10,MISSION,16,Saturday
12846,OTHER OFFENSES,10,MISSION,11,Sunday
12847,OTHER OFFENSES,10,MISSION,14,Thursday
12848,OTHER OFFENSES,10,MISSION,16,Tuesday
12849,OTHER OFFENSES,10,MISSION,9,Wednesday
12850,OTHER OFFENSES,10,NORTHERN,15,Friday
12851,OTHER OFFENSES,10,NORTHERN,19,Monday
12852,OTHER OFFENSES,10,NORTHERN,8,Saturday
12853,OTHER OFFENSES,10,NORTHERN,12,Sunday
12854,OTHER OFFENSES,10,NORTHERN,18,Thursday
12855,OTHER OFFENSES,10,NORTHERN,14,Tuesday
12856,OTHER OFFENSES,10,NORTHERN,16,Wednesday
12857,OTHER OFFENSES,10,PARK,3,Friday
12858,OTHER OFFENSES,10,PARK,5,Monday
12859,OTHER OFFENSES,10,PARK,13,Saturday
12860,OTHER OFFENSES,10,PARK,4,Sunday
12861,OTHER OFFENSES,10,PARK,6,Thursday
12862,OTHER OFFENSES,10,PARK,6,Tuesday
12863,OTHER OFFENSES,10,PARK,8,Wednesday
12864,OTHER OFFENSES,10,RICHMOND,3,Friday
12865,OTHER OFFENSES,10,RICHMOND,9,Monday
12866,OTHER OFFENSES,10,RICHMOND,4,Saturday
12867,OTHER OFFENSES,10,RICHMOND,9,Sunday
12868,OTHER OFFENSES,10,RICHMOND,6,Thursday
12869,OTHER OFFENSES,10,RICHMOND,7,Tuesday
12870,OTHER OFFENSES,10,RICHMOND,10,Wednesday
12871,OTHER OFFENSES,10,SOUTHERN,23,Friday
12872,OTHER OFFENSES,10,SOUTHERN,10,Monday
12873,OTHER OFFENSES,10,SOUTHERN,17,Saturday
12874,OTHER OFFENSES,10,SOUTHERN,18,Sunday
12875,OTHER OFFENSES,10,SOUTHERN,16,Thursday
12876,OTHER OFFENSES,10,SOUTHERN,26,Tuesday
12877,OTHER OFFENSES,10,SOUTHERN,16,Wednesday
12878,OTHER OFFENSES,10,TARAVAL,19,Friday
12879,OTHER OFFENSES,10,TARAVAL,13,Monday
12880,OTHER OFFENSES,10,TARAVAL,6,Saturday
12881,OTHER OFFENSES,10,TARAVAL,9,Sunday
12882,OTHER OFFENSES,10,TARAVAL,9,Thursday
12883,OTHER OFFENSES,10,TARAVAL,19,Tuesday
12884,OTHER OFFENSES,10,TARAVAL,17,Wednesday
12885,OTHER OFFENSES,10,TENDERLOIN,9,Friday
12886,OTHER OFFENSES,10,TENDERLOIN,6,Monday
12887,OTHER OFFENSES,10,TENDERLOIN,11,Saturday
12888,OTHER OFFENSES,10,TENDERLOIN,3,Sunday
12889,OTHER OFFENSES,10,TENDERLOIN,8,Thursday
12890,OTHER OFFENSES,10,TENDERLOIN,7,Tuesday
12891,OTHER OFFENSES,10,TENDERLOIN,8,Wednesday
12892,OTHER OFFENSES,11,BAYVIEW,21,Friday
12893,OTHER OFFENSES,11,BAYVIEW,15,Monday
12894,OTHER OFFENSES,11,BAYVIEW,18,Saturday
12895,OTHER OFFENSES,11,BAYVIEW,15,Sunday
12896,OTHER OFFENSES,11,BAYVIEW,17,Thursday
12897,OTHER OFFENSES,11,BAYVIEW,14,Tuesday
12898,OTHER OFFENSES,11,BAYVIEW,14,Wednesday
12899,OTHER OFFENSES,11,CENTRAL,12,Friday
12900,OTHER OFFENSES,11,CENTRAL,7,Monday
12901,OTHER OFFENSES,11,CENTRAL,11,Saturday
12902,OTHER OFFENSES,11,CENTRAL,9,Sunday
12903,OTHER OFFENSES,11,CENTRAL,5,Thursday
12904,OTHER OFFENSES,11,CENTRAL,5,Tuesday
12905,OTHER OFFENSES,11,CENTRAL,17,Wednesday
12906,OTHER OFFENSES,11,INGLESIDE,13,Friday
12907,OTHER OFFENSES,11,INGLESIDE,8,Monday
12908,OTHER OFFENSES,11,INGLESIDE,13,Saturday
12909,OTHER OFFENSES,11,INGLESIDE,9,Sunday
12910,OTHER OFFENSES,11,INGLESIDE,9,Thursday
12911,OTHER OFFENSES,11,INGLESIDE,10,Tuesday
12912,OTHER OFFENSES,11,INGLESIDE,19,Wednesday
12913,OTHER OFFENSES,11,MISSION,20,Friday
12914,OTHER OFFENSES,11,MISSION,10,Monday
12915,OTHER OFFENSES,11,MISSION,7,Saturday
12916,OTHER OFFENSES,11,MISSION,19,Sunday
12917,OTHER OFFENSES,11,MISSION,25,Thursday
12918,OTHER OFFENSES,11,MISSION,19,Tuesday
12919,OTHER OFFENSES,11,MISSION,24,Wednesday
12920,OTHER OFFENSES,11,NORTHERN,3,Friday
12921,OTHER OFFENSES,11,NORTHERN,4,Monday
12922,OTHER OFFENSES,11,NORTHERN,10,Saturday
12923,OTHER OFFENSES,11,NORTHERN,21,Sunday
12924,OTHER OFFENSES,11,NORTHERN,8,Thursday
12925,OTHER OFFENSES,11,NORTHERN,7,Tuesday
12926,OTHER OFFENSES,11,NORTHERN,16,Wednesday
12927,OTHER OFFENSES,11,PARK,10,Friday
12928,OTHER OFFENSES,11,PARK,9,Monday
12929,OTHER OFFENSES,11,PARK,3,Saturday
12930,OTHER OFFENSES,11,PARK,6,Sunday
12931,OTHER OFFENSES,11,PARK,12,Thursday
12932,OTHER OFFENSES,11,PARK,10,Tuesday
12933,OTHER OFFENSES,11,PARK,6,Wednesday
12934,OTHER OFFENSES,11,RICHMOND,7,Friday
12935,OTHER OFFENSES,11,RICHMOND,10,Monday
12936,OTHER OFFENSES,11,RICHMOND,9,Saturday
12937,OTHER OFFENSES,11,RICHMOND,6,Sunday
12938,OTHER OFFENSES,11,RICHMOND,3,Thursday
12939,OTHER OFFENSES,11,RICHMOND,8,Tuesday
12940,OTHER OFFENSES,11,RICHMOND,13,Wednesday
12941,OTHER OFFENSES,11,SOUTHERN,19,Friday
12942,OTHER OFFENSES,11,SOUTHERN,14,Monday
12943,OTHER OFFENSES,11,SOUTHERN,20,Saturday
12944,OTHER OFFENSES,11,SOUTHERN,11,Sunday
12945,OTHER OFFENSES,11,SOUTHERN,22,Thursday
12946,OTHER OFFENSES,11,SOUTHERN,17,Tuesday
12947,OTHER OFFENSES,11,SOUTHERN,19,Wednesday
12948,OTHER OFFENSES,11,TARAVAL,19,Friday
12949,OTHER OFFENSES,11,TARAVAL,11,Monday
12950,OTHER OFFENSES,11,TARAVAL,11,Saturday
12951,OTHER OFFENSES,11,TARAVAL,2,Sunday
12952,OTHER OFFENSES,11,TARAVAL,17,Thursday
12953,OTHER OFFENSES,11,TARAVAL,9,Tuesday
12954,OTHER OFFENSES,11,TARAVAL,10,Wednesday
12955,OTHER OFFENSES,11,TENDERLOIN,8,Friday
12956,OTHER OFFENSES,11,TENDERLOIN,4,Monday
12957,OTHER OFFENSES,11,TENDERLOIN,5,Saturday
12958,OTHER OFFENSES,11,TENDERLOIN,9,Sunday
12959,OTHER OFFENSES,11,TENDERLOIN,7,Thursday
12960,OTHER OFFENSES,11,TENDERLOIN,7,Tuesday
12961,OTHER OFFENSES,11,TENDERLOIN,13,Wednesday
12962,OTHER OFFENSES,12,BAYVIEW,21,Friday
12963,OTHER OFFENSES,12,BAYVIEW,27,Monday
12964,OTHER OFFENSES,12,BAYVIEW,27,Saturday
12965,OTHER OFFENSES,12,BAYVIEW,18,Sunday
12966,OTHER OFFENSES,12,BAYVIEW,28,Thursday
12967,OTHER OFFENSES,12,BAYVIEW,21,Tuesday
12968,OTHER OFFENSES,12,BAYVIEW,25,Wednesday
12969,OTHER OFFENSES,12,CENTRAL,21,Friday
12970,OTHER OFFENSES,12,CENTRAL,22,Monday
12971,OTHER OFFENSES,12,CENTRAL,11,Saturday
12972,OTHER OFFENSES,12,CENTRAL,21,Sunday
12973,OTHER OFFENSES,12,CENTRAL,16,Thursday
12974,OTHER OFFENSES,12,CENTRAL,12,Tuesday
12975,OTHER OFFENSES,12,CENTRAL,25,Wednesday
12976,OTHER OFFENSES,12,INGLESIDE,22,Friday
12977,OTHER OFFENSES,12,INGLESIDE,20,Monday
12978,OTHER OFFENSES,12,INGLESIDE,25,Saturday
12979,OTHER OFFENSES,12,INGLESIDE,17,Sunday
12980,OTHER OFFENSES,12,INGLESIDE,22,Thursday
12981,OTHER OFFENSES,12,INGLESIDE,19,Tuesday
12982,OTHER OFFENSES,12,INGLESIDE,24,Wednesday
12983,OTHER OFFENSES,12,MISSION,23,Friday
12984,OTHER OFFENSES,12,MISSION,28,Monday
12985,OTHER OFFENSES,12,MISSION,32,Saturday
12986,OTHER OFFENSES,12,MISSION,34,Sunday
12987,OTHER OFFENSES,12,MISSION,35,Thursday
12988,OTHER OFFENSES,12,MISSION,39,Tuesday
12989,OTHER OFFENSES,12,MISSION,30,Wednesday
12990,OTHER OFFENSES,12,NORTHERN,29,Friday
12991,OTHER OFFENSES,12,NORTHERN,32,Monday
12992,OTHER OFFENSES,12,NORTHERN,23,Saturday
12993,OTHER OFFENSES,12,NORTHERN,21,Sunday
12994,OTHER OFFENSES,12,NORTHERN,31,Thursday
12995,OTHER OFFENSES,12,NORTHERN,27,Tuesday
12996,OTHER OFFENSES,12,NORTHERN,19,Wednesday
12997,OTHER OFFENSES,12,PARK,11,Friday
12998,OTHER OFFENSES,12,PARK,21,Monday
12999,OTHER OFFENSES,12,PARK,12,Saturday
13000,OTHER OFFENSES,12,PARK,10,Sunday
13001,OTHER OFFENSES,12,PARK,13,Thursday
13002,OTHER OFFENSES,12,PARK,13,Tuesday
13003,OTHER OFFENSES,12,PARK,13,Wednesday
13004,OTHER OFFENSES,12,RICHMOND,8,Friday
13005,OTHER OFFENSES,12,RICHMOND,10,Monday
13006,OTHER OFFENSES,12,RICHMOND,16,Saturday
13007,OTHER OFFENSES,12,RICHMOND,9,Sunday
13008,OTHER OFFENSES,12,RICHMOND,9,Thursday
13009,OTHER OFFENSES,12,RICHMOND,16,Tuesday
13010,OTHER OFFENSES,12,RICHMOND,13,Wednesday
13011,OTHER OFFENSES,12,SOUTHERN,24,Friday
13012,OTHER OFFENSES,12,SOUTHERN,20,Monday
13013,OTHER OFFENSES,12,SOUTHERN,25,Saturday
13014,OTHER OFFENSES,12,SOUTHERN,26,Sunday
13015,OTHER OFFENSES,12,SOUTHERN,29,Thursday
13016,OTHER OFFENSES,12,SOUTHERN,33,Tuesday
13017,OTHER OFFENSES,12,SOUTHERN,32,Wednesday
13018,OTHER OFFENSES,12,TARAVAL,25,Friday
13019,OTHER OFFENSES,12,TARAVAL,25,Monday
13020,OTHER OFFENSES,12,TARAVAL,19,Saturday
13021,OTHER OFFENSES,12,TARAVAL,16,Sunday
13022,OTHER OFFENSES,12,TARAVAL,29,Thursday
13023,OTHER OFFENSES,12,TARAVAL,28,Tuesday
13024,OTHER OFFENSES,12,TARAVAL,29,Wednesday
13025,OTHER OFFENSES,12,TENDERLOIN,8,Friday
13026,OTHER OFFENSES,12,TENDERLOIN,8,Monday
13027,OTHER OFFENSES,12,TENDERLOIN,9,Saturday
13028,OTHER OFFENSES,12,TENDERLOIN,8,Sunday
13029,OTHER OFFENSES,12,TENDERLOIN,14,Thursday
13030,OTHER OFFENSES,12,TENDERLOIN,13,Tuesday
13031,OTHER OFFENSES,12,TENDERLOIN,13,Wednesday
13032,OTHER OFFENSES,13,BAYVIEW,31,Friday
13033,OTHER OFFENSES,13,BAYVIEW,23,Monday
13034,OTHER OFFENSES,13,BAYVIEW,20,Saturday
13035,OTHER OFFENSES,13,BAYVIEW,20,Sunday
13036,OTHER OFFENSES,13,BAYVIEW,38,Thursday
13037,OTHER OFFENSES,13,BAYVIEW,20,Tuesday
13038,OTHER OFFENSES,13,BAYVIEW,16,Wednesday
13039,OTHER OFFENSES,13,CENTRAL,17,Friday
13040,OTHER OFFENSES,13,CENTRAL,11,Monday
13041,OTHER OFFENSES,13,CENTRAL,11,Saturday
13042,OTHER OFFENSES,13,CENTRAL,13,Sunday
13043,OTHER OFFENSES,13,CENTRAL,13,Thursday
13044,OTHER OFFENSES,13,CENTRAL,8,Tuesday
13045,OTHER OFFENSES,13,CENTRAL,18,Wednesday
13046,OTHER OFFENSES,13,INGLESIDE,17,Friday
13047,OTHER OFFENSES,13,INGLESIDE,10,Monday
13048,OTHER OFFENSES,13,INGLESIDE,16,Saturday
13049,OTHER OFFENSES,13,INGLESIDE,14,Sunday
13050,OTHER OFFENSES,13,INGLESIDE,8,Thursday
13051,OTHER OFFENSES,13,INGLESIDE,13,Tuesday
13052,OTHER OFFENSES,13,INGLESIDE,11,Wednesday
13053,OTHER OFFENSES,13,MISSION,24,Friday
13054,OTHER OFFENSES,13,MISSION,28,Monday
13055,OTHER OFFENSES,13,MISSION,13,Saturday
13056,OTHER OFFENSES,13,MISSION,14,Sunday
13057,OTHER OFFENSES,13,MISSION,23,Thursday
13058,OTHER OFFENSES,13,MISSION,26,Tuesday
13059,OTHER OFFENSES,13,MISSION,20,Wednesday
13060,OTHER OFFENSES,13,NORTHERN,20,Friday
13061,OTHER OFFENSES,13,NORTHERN,17,Monday
13062,OTHER OFFENSES,13,NORTHERN,10,Saturday
13063,OTHER OFFENSES,13,NORTHERN,12,Sunday
13064,OTHER OFFENSES,13,NORTHERN,8,Thursday
13065,OTHER OFFENSES,13,NORTHERN,15,Tuesday
13066,OTHER OFFENSES,13,NORTHERN,9,Wednesday
13067,OTHER OFFENSES,13,PARK,4,Friday
13068,OTHER OFFENSES,13,PARK,10,Monday
13069,OTHER OFFENSES,13,PARK,6,Saturday
13070,OTHER OFFENSES,13,PARK,5,Sunday
13071,OTHER OFFENSES,13,PARK,6,Thursday
13072,OTHER OFFENSES,13,PARK,9,Tuesday
13073,OTHER OFFENSES,13,PARK,9,Wednesday
13074,OTHER OFFENSES,13,RICHMOND,5,Friday
13075,OTHER OFFENSES,13,RICHMOND,10,Monday
13076,OTHER OFFENSES,13,RICHMOND,7,Saturday
13077,OTHER OFFENSES,13,RICHMOND,3,Sunday
13078,OTHER OFFENSES,13,RICHMOND,9,Thursday
13079,OTHER OFFENSES,13,RICHMOND,6,Tuesday
13080,OTHER OFFENSES,13,RICHMOND,4,Wednesday
13081,OTHER OFFENSES,13,SOUTHERN,17,Friday
13082,OTHER OFFENSES,13,SOUTHERN,18,Monday
13083,OTHER OFFENSES,13,SOUTHERN,22,Saturday
13084,OTHER OFFENSES,13,SOUTHERN,24,Sunday
13085,OTHER OFFENSES,13,SOUTHERN,22,Thursday
13086,OTHER OFFENSES,13,SOUTHERN,24,Tuesday
13087,OTHER OFFENSES,13,SOUTHERN,24,Wednesday
13088,OTHER OFFENSES,13,TARAVAL,12,Friday
13089,OTHER OFFENSES,13,TARAVAL,9,Monday
13090,OTHER OFFENSES,13,TARAVAL,6,Saturday
13091,OTHER OFFENSES,13,TARAVAL,12,Sunday
13092,OTHER OFFENSES,13,TARAVAL,10,Thursday
13093,OTHER OFFENSES,13,TARAVAL,6,Tuesday
13094,OTHER OFFENSES,13,TARAVAL,14,Wednesday
13095,OTHER OFFENSES,13,TENDERLOIN,11,Friday
13096,OTHER OFFENSES,13,TENDERLOIN,11,Monday
13097,OTHER OFFENSES,13,TENDERLOIN,4,Saturday
13098,OTHER OFFENSES,13,TENDERLOIN,7,Sunday
13099,OTHER OFFENSES,13,TENDERLOIN,5,Thursday
13100,OTHER OFFENSES,13,TENDERLOIN,10,Tuesday
13101,OTHER OFFENSES,13,TENDERLOIN,10,Wednesday
13102,OTHER OFFENSES,14,BAYVIEW,14,Friday
13103,OTHER OFFENSES,14,BAYVIEW,21,Monday
13104,OTHER OFFENSES,14,BAYVIEW,12,Saturday
13105,OTHER OFFENSES,14,BAYVIEW,18,Sunday
13106,OTHER OFFENSES,14,BAYVIEW,19,Thursday
13107,OTHER OFFENSES,14,BAYVIEW,21,Tuesday
13108,OTHER OFFENSES,14,BAYVIEW,13,Wednesday
13109,OTHER OFFENSES,14,CENTRAL,16,Friday
13110,OTHER OFFENSES,14,CENTRAL,16,Monday
13111,OTHER OFFENSES,14,CENTRAL,10,Saturday
13112,OTHER OFFENSES,14,CENTRAL,10,Sunday
13113,OTHER OFFENSES,14,CENTRAL,11,Thursday
13114,OTHER OFFENSES,14,CENTRAL,14,Tuesday
13115,OTHER OFFENSES,14,CENTRAL,11,Wednesday
13116,OTHER OFFENSES,14,INGLESIDE,11,Friday
13117,OTHER OFFENSES,14,INGLESIDE,14,Monday
13118,OTHER OFFENSES,14,INGLESIDE,7,Saturday
13119,OTHER OFFENSES,14,INGLESIDE,12,Sunday
13120,OTHER OFFENSES,14,INGLESIDE,11,Thursday
13121,OTHER OFFENSES,14,INGLESIDE,11,Tuesday
13122,OTHER OFFENSES,14,INGLESIDE,12,Wednesday
13123,OTHER OFFENSES,14,MISSION,19,Friday
13124,OTHER OFFENSES,14,MISSION,22,Monday
13125,OTHER OFFENSES,14,MISSION,26,Saturday
13126,OTHER OFFENSES,14,MISSION,19,Sunday
13127,OTHER OFFENSES,14,MISSION,36,Thursday
13128,OTHER OFFENSES,14,MISSION,27,Tuesday
13129,OTHER OFFENSES,14,MISSION,16,Wednesday
13130,OTHER OFFENSES,14,NORTHERN,21,Friday
13131,OTHER OFFENSES,14,NORTHERN,14,Monday
13132,OTHER OFFENSES,14,NORTHERN,11,Saturday
13133,OTHER OFFENSES,14,NORTHERN,15,Sunday
13134,OTHER OFFENSES,14,NORTHERN,11,Thursday
13135,OTHER OFFENSES,14,NORTHERN,20,Tuesday
13136,OTHER OFFENSES,14,NORTHERN,16,Wednesday
13137,OTHER OFFENSES,14,PARK,10,Friday
13138,OTHER OFFENSES,14,PARK,4,Monday
13139,OTHER OFFENSES,14,PARK,8,Saturday
13140,OTHER OFFENSES,14,PARK,4,Sunday
13141,OTHER OFFENSES,14,PARK,13,Thursday
13142,OTHER OFFENSES,14,PARK,10,Tuesday
13143,OTHER OFFENSES,14,PARK,3,Wednesday
13144,OTHER OFFENSES,14,RICHMOND,2,Friday
13145,OTHER OFFENSES,14,RICHMOND,6,Monday
13146,OTHER OFFENSES,14,RICHMOND,7,Saturday
13147,OTHER OFFENSES,14,RICHMOND,6,Sunday
13148,OTHER OFFENSES,14,RICHMOND,10,Thursday
13149,OTHER OFFENSES,14,RICHMOND,11,Tuesday
13150,OTHER OFFENSES,14,RICHMOND,5,Wednesday
13151,OTHER OFFENSES,14,SOUTHERN,26,Friday
13152,OTHER OFFENSES,14,SOUTHERN,22,Monday
13153,OTHER OFFENSES,14,SOUTHERN,15,Saturday
13154,OTHER OFFENSES,14,SOUTHERN,17,Sunday
13155,OTHER OFFENSES,14,SOUTHERN,40,Thursday
13156,OTHER OFFENSES,14,SOUTHERN,25,Tuesday
13157,OTHER OFFENSES,14,SOUTHERN,21,Wednesday
13158,OTHER OFFENSES,14,TARAVAL,12,Friday
13159,OTHER OFFENSES,14,TARAVAL,12,Monday
13160,OTHER OFFENSES,14,TARAVAL,9,Saturday
13161,OTHER OFFENSES,14,TARAVAL,15,Sunday
13162,OTHER OFFENSES,14,TARAVAL,24,Thursday
13163,OTHER OFFENSES,14,TARAVAL,14,Tuesday
13164,OTHER OFFENSES,14,TARAVAL,19,Wednesday
13165,OTHER OFFENSES,14,TENDERLOIN,5,Friday
13166,OTHER OFFENSES,14,TENDERLOIN,4,Monday
13167,OTHER OFFENSES,14,TENDERLOIN,4,Saturday
13168,OTHER OFFENSES,14,TENDERLOIN,4,Sunday
13169,OTHER OFFENSES,14,TENDERLOIN,6,Thursday
13170,OTHER OFFENSES,14,TENDERLOIN,10,Tuesday
13171,OTHER OFFENSES,14,TENDERLOIN,16,Wednesday
13172,OTHER OFFENSES,15,BAYVIEW,17,Friday
13173,OTHER OFFENSES,15,BAYVIEW,16,Monday
13174,OTHER OFFENSES,15,BAYVIEW,10,Saturday
13175,OTHER OFFENSES,15,BAYVIEW,13,Sunday
13176,OTHER OFFENSES,15,BAYVIEW,22,Thursday
13177,OTHER OFFENSES,15,BAYVIEW,15,Tuesday
13178,OTHER OFFENSES,15,BAYVIEW,19,Wednesday
13179,OTHER OFFENSES,15,CENTRAL,15,Friday
13180,OTHER OFFENSES,15,CENTRAL,15,Monday
13181,OTHER OFFENSES,15,CENTRAL,8,Saturday
13182,OTHER OFFENSES,15,CENTRAL,16,Sunday
13183,OTHER OFFENSES,15,CENTRAL,10,Thursday
13184,OTHER OFFENSES,15,CENTRAL,7,Tuesday
13185,OTHER OFFENSES,15,CENTRAL,10,Wednesday
13186,OTHER OFFENSES,15,INGLESIDE,18,Friday
13187,OTHER OFFENSES,15,INGLESIDE,17,Monday
13188,OTHER OFFENSES,15,INGLESIDE,10,Saturday
13189,OTHER OFFENSES,15,INGLESIDE,8,Sunday
13190,OTHER OFFENSES,15,INGLESIDE,21,Thursday
13191,OTHER OFFENSES,15,INGLESIDE,23,Tuesday
13192,OTHER OFFENSES,15,INGLESIDE,26,Wednesday
13193,OTHER OFFENSES,15,MISSION,25,Friday
13194,OTHER OFFENSES,15,MISSION,15,Monday
13195,OTHER OFFENSES,15,MISSION,26,Saturday
13196,OTHER OFFENSES,15,MISSION,18,Sunday
13197,OTHER OFFENSES,15,MISSION,23,Thursday
13198,OTHER OFFENSES,15,MISSION,24,Tuesday
13199,OTHER OFFENSES,15,MISSION,32,Wednesday
13200,OTHER OFFENSES,15,NORTHERN,23,Friday
13201,OTHER OFFENSES,15,NORTHERN,15,Monday
13202,OTHER OFFENSES,15,NORTHERN,17,Saturday
13203,OTHER OFFENSES,15,NORTHERN,12,Sunday
13204,OTHER OFFENSES,15,NORTHERN,18,Thursday
13205,OTHER OFFENSES,15,NORTHERN,13,Tuesday
13206,OTHER OFFENSES,15,NORTHERN,19,Wednesday
13207,OTHER OFFENSES,15,PARK,8,Friday
13208,OTHER OFFENSES,15,PARK,5,Monday
13209,OTHER OFFENSES,15,PARK,9,Saturday
13210,OTHER OFFENSES,15,PARK,9,Sunday
13211,OTHER OFFENSES,15,PARK,7,Thursday
13212,OTHER OFFENSES,15,PARK,9,Tuesday
13213,OTHER OFFENSES,15,PARK,16,Wednesday
13214,OTHER OFFENSES,15,RICHMOND,14,Friday
13215,OTHER OFFENSES,15,RICHMOND,14,Monday
13216,OTHER OFFENSES,15,RICHMOND,10,Saturday
13217,OTHER OFFENSES,15,RICHMOND,12,Sunday
13218,OTHER OFFENSES,15,RICHMOND,5,Thursday
13219,OTHER OFFENSES,15,RICHMOND,8,Tuesday
13220,OTHER OFFENSES,15,RICHMOND,12,Wednesday
13221,OTHER OFFENSES,15,SOUTHERN,35,Friday
13222,OTHER OFFENSES,15,SOUTHERN,39,Monday
13223,OTHER OFFENSES,15,SOUTHERN,29,Saturday
13224,OTHER OFFENSES,15,SOUTHERN,23,Sunday
13225,OTHER OFFENSES,15,SOUTHERN,21,Thursday
13226,OTHER OFFENSES,15,SOUTHERN,27,Tuesday
13227,OTHER OFFENSES,15,SOUTHERN,43,Wednesday
13228,OTHER OFFENSES,15,TARAVAL,14,Friday
13229,OTHER OFFENSES,15,TARAVAL,9,Monday
13230,OTHER OFFENSES,15,TARAVAL,10,Saturday
13231,OTHER OFFENSES,15,TARAVAL,15,Sunday
13232,OTHER OFFENSES,15,TARAVAL,16,Thursday
13233,OTHER OFFENSES,15,TARAVAL,21,Tuesday
13234,OTHER OFFENSES,15,TARAVAL,16,Wednesday
13235,OTHER OFFENSES,15,TENDERLOIN,13,Friday
13236,OTHER OFFENSES,15,TENDERLOIN,18,Monday
13237,OTHER OFFENSES,15,TENDERLOIN,7,Saturday
13238,OTHER OFFENSES,15,TENDERLOIN,5,Sunday
13239,OTHER OFFENSES,15,TENDERLOIN,11,Thursday
13240,OTHER OFFENSES,15,TENDERLOIN,17,Tuesday
13241,OTHER OFFENSES,15,TENDERLOIN,6,Wednesday
13242,OTHER OFFENSES,16,BAYVIEW,25,Friday
13243,OTHER OFFENSES,16,BAYVIEW,12,Monday
13244,OTHER OFFENSES,16,BAYVIEW,12,Saturday
13245,OTHER OFFENSES,16,BAYVIEW,11,Sunday
13246,OTHER OFFENSES,16,BAYVIEW,19,Thursday
13247,OTHER OFFENSES,16,BAYVIEW,29,Tuesday
13248,OTHER OFFENSES,16,BAYVIEW,19,Wednesday
13249,OTHER OFFENSES,16,CENTRAL,11,Friday
13250,OTHER OFFENSES,16,CENTRAL,11,Monday
13251,OTHER OFFENSES,16,CENTRAL,20,Saturday
13252,OTHER OFFENSES,16,CENTRAL,13,Sunday
13253,OTHER OFFENSES,16,CENTRAL,10,Thursday
13254,OTHER OFFENSES,16,CENTRAL,19,Tuesday
13255,OTHER OFFENSES,16,CENTRAL,13,Wednesday
13256,OTHER OFFENSES,16,INGLESIDE,20,Friday
13257,OTHER OFFENSES,16,INGLESIDE,12,Monday
13258,OTHER OFFENSES,16,INGLESIDE,9,Saturday
13259,OTHER OFFENSES,16,INGLESIDE,9,Sunday
13260,OTHER OFFENSES,16,INGLESIDE,17,Thursday
13261,OTHER OFFENSES,16,INGLESIDE,19,Tuesday
13262,OTHER OFFENSES,16,INGLESIDE,9,Wednesday
13263,OTHER OFFENSES,16,MISSION,29,Friday
13264,OTHER OFFENSES,16,MISSION,28,Monday
13265,OTHER OFFENSES,16,MISSION,23,Saturday
13266,OTHER OFFENSES,16,MISSION,27,Sunday
13267,OTHER OFFENSES,16,MISSION,22,Thursday
13268,OTHER OFFENSES,16,MISSION,35,Tuesday
13269,OTHER OFFENSES,16,MISSION,33,Wednesday
13270,OTHER OFFENSES,16,NORTHERN,6,Friday
13271,OTHER OFFENSES,16,NORTHERN,18,Monday
13272,OTHER OFFENSES,16,NORTHERN,16,Saturday
13273,OTHER OFFENSES,16,NORTHERN,8,Sunday
13274,OTHER OFFENSES,16,NORTHERN,10,Thursday
13275,OTHER OFFENSES,16,NORTHERN,30,Tuesday
13276,OTHER OFFENSES,16,NORTHERN,20,Wednesday
13277,OTHER OFFENSES,16,PARK,13,Friday
13278,OTHER OFFENSES,16,PARK,9,Monday
13279,OTHER OFFENSES,16,PARK,9,Saturday
13280,OTHER OFFENSES,16,PARK,3,Sunday
13281,OTHER OFFENSES,16,PARK,5,Thursday
13282,OTHER OFFENSES,16,PARK,8,Tuesday
13283,OTHER OFFENSES,16,PARK,17,Wednesday
13284,OTHER OFFENSES,16,RICHMOND,9,Friday
13285,OTHER OFFENSES,16,RICHMOND,6,Monday
13286,OTHER OFFENSES,16,RICHMOND,12,Saturday
13287,OTHER OFFENSES,16,RICHMOND,8,Sunday
13288,OTHER OFFENSES,16,RICHMOND,5,Thursday
13289,OTHER OFFENSES,16,RICHMOND,13,Tuesday
13290,OTHER OFFENSES,16,RICHMOND,8,Wednesday
13291,OTHER OFFENSES,16,SOUTHERN,24,Friday
13292,OTHER OFFENSES,16,SOUTHERN,38,Monday
13293,OTHER OFFENSES,16,SOUTHERN,31,Saturday
13294,OTHER OFFENSES,16,SOUTHERN,31,Sunday
13295,OTHER OFFENSES,16,SOUTHERN,37,Thursday
13296,OTHER OFFENSES,16,SOUTHERN,39,Tuesday
13297,OTHER OFFENSES,16,SOUTHERN,39,Wednesday
13298,OTHER OFFENSES,16,TARAVAL,11,Friday
13299,OTHER OFFENSES,16,TARAVAL,13,Monday
13300,OTHER OFFENSES,16,TARAVAL,12,Saturday
13301,OTHER OFFENSES,16,TARAVAL,7,Sunday
13302,OTHER OFFENSES,16,TARAVAL,17,Thursday
13303,OTHER OFFENSES,16,TARAVAL,15,Tuesday
13304,OTHER OFFENSES,16,TARAVAL,15,Wednesday
13305,OTHER OFFENSES,16,TENDERLOIN,7,Friday
13306,OTHER OFFENSES,16,TENDERLOIN,19,Monday
13307,OTHER OFFENSES,16,TENDERLOIN,9,Saturday
13308,OTHER OFFENSES,16,TENDERLOIN,15,Sunday
13309,OTHER OFFENSES,16,TENDERLOIN,6,Thursday
13310,OTHER OFFENSES,16,TENDERLOIN,15,Tuesday
13311,OTHER OFFENSES,16,TENDERLOIN,20,Wednesday
13312,OTHER OFFENSES,17,BAYVIEW,11,Friday
13313,OTHER OFFENSES,17,BAYVIEW,19,Monday
13314,OTHER OFFENSES,17,BAYVIEW,22,Saturday
13315,OTHER OFFENSES,17,BAYVIEW,21,Sunday
13316,OTHER OFFENSES,17,BAYVIEW,12,Thursday
13317,OTHER OFFENSES,17,BAYVIEW,27,Tuesday
13318,OTHER OFFENSES,17,BAYVIEW,26,Wednesday
13319,OTHER OFFENSES,17,CENTRAL,10,Friday
13320,OTHER OFFENSES,17,CENTRAL,16,Monday
13321,OTHER OFFENSES,17,CENTRAL,17,Saturday
13322,OTHER OFFENSES,17,CENTRAL,6,Sunday
13323,OTHER OFFENSES,17,CENTRAL,18,Thursday
13324,OTHER OFFENSES,17,CENTRAL,24,Tuesday
13325,OTHER OFFENSES,17,CENTRAL,12,Wednesday
13326,OTHER OFFENSES,17,INGLESIDE,23,Friday
13327,OTHER OFFENSES,17,INGLESIDE,23,Monday
13328,OTHER OFFENSES,17,INGLESIDE,10,Saturday
13329,OTHER OFFENSES,17,INGLESIDE,11,Sunday
13330,OTHER OFFENSES,17,INGLESIDE,22,Thursday
13331,OTHER OFFENSES,17,INGLESIDE,22,Tuesday
13332,OTHER OFFENSES,17,INGLESIDE,21,Wednesday
13333,OTHER OFFENSES,17,MISSION,27,Friday
13334,OTHER OFFENSES,17,MISSION,25,Monday
13335,OTHER OFFENSES,17,MISSION,26,Saturday
13336,OTHER OFFENSES,17,MISSION,23,Sunday
13337,OTHER OFFENSES,17,MISSION,28,Thursday
13338,OTHER OFFENSES,17,MISSION,41,Tuesday
13339,OTHER OFFENSES,17,MISSION,32,Wednesday
13340,OTHER OFFENSES,17,NORTHERN,12,Friday
13341,OTHER OFFENSES,17,NORTHERN,16,Monday
13342,OTHER OFFENSES,17,NORTHERN,16,Saturday
13343,OTHER OFFENSES,17,NORTHERN,16,Sunday
13344,OTHER OFFENSES,17,NORTHERN,15,Thursday
13345,OTHER OFFENSES,17,NORTHERN,17,Tuesday
13346,OTHER OFFENSES,17,NORTHERN,17,Wednesday
13347,OTHER OFFENSES,17,PARK,20,Friday
13348,OTHER OFFENSES,17,PARK,9,Monday
13349,OTHER OFFENSES,17,PARK,3,Saturday
13350,OTHER OFFENSES,17,PARK,6,Sunday
13351,OTHER OFFENSES,17,PARK,10,Thursday
13352,OTHER OFFENSES,17,PARK,12,Tuesday
13353,OTHER OFFENSES,17,PARK,16,Wednesday
13354,OTHER OFFENSES,17,RICHMOND,17,Friday
13355,OTHER OFFENSES,17,RICHMOND,10,Monday
13356,OTHER OFFENSES,17,RICHMOND,8,Saturday
13357,OTHER OFFENSES,17,RICHMOND,13,Sunday
13358,OTHER OFFENSES,17,RICHMOND,8,Thursday
13359,OTHER OFFENSES,17,RICHMOND,3,Tuesday
13360,OTHER OFFENSES,17,RICHMOND,10,Wednesday
13361,OTHER OFFENSES,17,SOUTHERN,29,Friday
13362,OTHER OFFENSES,17,SOUTHERN,55,Monday
13363,OTHER OFFENSES,17,SOUTHERN,32,Saturday
13364,OTHER OFFENSES,17,SOUTHERN,29,Sunday
13365,OTHER OFFENSES,17,SOUTHERN,30,Thursday
13366,OTHER OFFENSES,17,SOUTHERN,40,Tuesday
13367,OTHER OFFENSES,17,SOUTHERN,28,Wednesday
13368,OTHER OFFENSES,17,TARAVAL,13,Friday
13369,OTHER OFFENSES,17,TARAVAL,16,Monday
13370,OTHER OFFENSES,17,TARAVAL,10,Saturday
13371,OTHER OFFENSES,17,TARAVAL,7,Sunday
13372,OTHER OFFENSES,17,TARAVAL,11,Thursday
13373,OTHER OFFENSES,17,TARAVAL,19,Tuesday
13374,OTHER OFFENSES,17,TARAVAL,21,Wednesday
13375,OTHER OFFENSES,17,TENDERLOIN,3,Friday
13376,OTHER OFFENSES,17,TENDERLOIN,8,Monday
13377,OTHER OFFENSES,17,TENDERLOIN,5,Saturday
13378,OTHER OFFENSES,17,TENDERLOIN,10,Sunday
13379,OTHER OFFENSES,17,TENDERLOIN,15,Thursday
13380,OTHER OFFENSES,17,TENDERLOIN,19,Tuesday
13381,OTHER OFFENSES,17,TENDERLOIN,13,Wednesday
13382,OTHER OFFENSES,18,BAYVIEW,22,Friday
13383,OTHER OFFENSES,18,BAYVIEW,22,Monday
13384,OTHER OFFENSES,18,BAYVIEW,14,Saturday
13385,OTHER OFFENSES,18,BAYVIEW,26,Sunday
13386,OTHER OFFENSES,18,BAYVIEW,21,Thursday
13387,OTHER OFFENSES,18,BAYVIEW,19,Tuesday
13388,OTHER OFFENSES,18,BAYVIEW,23,Wednesday
13389,OTHER OFFENSES,18,CENTRAL,19,Friday
13390,OTHER OFFENSES,18,CENTRAL,17,Monday
13391,OTHER OFFENSES,18,CENTRAL,14,Saturday
13392,OTHER OFFENSES,18,CENTRAL,8,Sunday
13393,OTHER OFFENSES,18,CENTRAL,18,Thursday
13394,OTHER OFFENSES,18,CENTRAL,15,Tuesday
13395,OTHER OFFENSES,18,CENTRAL,16,Wednesday
13396,OTHER OFFENSES,18,INGLESIDE,9,Friday
13397,OTHER OFFENSES,18,INGLESIDE,16,Monday
13398,OTHER OFFENSES,18,INGLESIDE,18,Saturday
13399,OTHER OFFENSES,18,INGLESIDE,9,Sunday
13400,OTHER OFFENSES,18,INGLESIDE,17,Thursday
13401,OTHER OFFENSES,18,INGLESIDE,19,Tuesday
13402,OTHER OFFENSES,18,INGLESIDE,17,Wednesday
13403,OTHER OFFENSES,18,MISSION,36,Friday
13404,OTHER OFFENSES,18,MISSION,21,Monday
13405,OTHER OFFENSES,18,MISSION,22,Saturday
13406,OTHER OFFENSES,18,MISSION,24,Sunday
13407,OTHER OFFENSES,18,MISSION,21,Thursday
13408,OTHER OFFENSES,18,MISSION,18,Tuesday
13409,OTHER OFFENSES,18,MISSION,33,Wednesday
13410,OTHER OFFENSES,18,NORTHERN,14,Friday
13411,OTHER OFFENSES,18,NORTHERN,16,Monday
13412,OTHER OFFENSES,18,NORTHERN,16,Saturday
13413,OTHER OFFENSES,18,NORTHERN,11,Sunday
13414,OTHER OFFENSES,18,NORTHERN,17,Thursday
13415,OTHER OFFENSES,18,NORTHERN,17,Tuesday
13416,OTHER OFFENSES,18,NORTHERN,16,Wednesday
13417,OTHER OFFENSES,18,PARK,3,Friday
13418,OTHER OFFENSES,18,PARK,8,Monday
13419,OTHER OFFENSES,18,PARK,13,Saturday
13420,OTHER OFFENSES,18,PARK,5,Sunday
13421,OTHER OFFENSES,18,PARK,9,Thursday
13422,OTHER OFFENSES,18,PARK,6,Tuesday
13423,OTHER OFFENSES,18,PARK,9,Wednesday
13424,OTHER OFFENSES,18,RICHMOND,6,Friday
13425,OTHER OFFENSES,18,RICHMOND,7,Monday
13426,OTHER OFFENSES,18,RICHMOND,6,Saturday
13427,OTHER OFFENSES,18,RICHMOND,2,Sunday
13428,OTHER OFFENSES,18,RICHMOND,10,Thursday
13429,OTHER OFFENSES,18,RICHMOND,5,Tuesday
13430,OTHER OFFENSES,18,RICHMOND,5,Wednesday
13431,OTHER OFFENSES,18,SOUTHERN,35,Friday
13432,OTHER OFFENSES,18,SOUTHERN,26,Monday
13433,OTHER OFFENSES,18,SOUTHERN,32,Saturday
13434,OTHER OFFENSES,18,SOUTHERN,21,Sunday
13435,OTHER OFFENSES,18,SOUTHERN,26,Thursday
13436,OTHER OFFENSES,18,SOUTHERN,27,Tuesday
13437,OTHER OFFENSES,18,SOUTHERN,31,Wednesday
13438,OTHER OFFENSES,18,TARAVAL,21,Friday
13439,OTHER OFFENSES,18,TARAVAL,11,Monday
13440,OTHER OFFENSES,18,TARAVAL,12,Saturday
13441,OTHER OFFENSES,18,TARAVAL,6,Sunday
13442,OTHER OFFENSES,18,TARAVAL,9,Thursday
13443,OTHER OFFENSES,18,TARAVAL,13,Tuesday
13444,OTHER OFFENSES,18,TARAVAL,13,Wednesday
13445,OTHER OFFENSES,18,TENDERLOIN,13,Friday
13446,OTHER OFFENSES,18,TENDERLOIN,6,Monday
13447,OTHER OFFENSES,18,TENDERLOIN,13,Saturday
13448,OTHER OFFENSES,18,TENDERLOIN,11,Sunday
13449,OTHER OFFENSES,18,TENDERLOIN,7,Thursday
13450,OTHER OFFENSES,18,TENDERLOIN,14,Tuesday
13451,OTHER OFFENSES,18,TENDERLOIN,16,Wednesday
13452,OTHER OFFENSES,19,BAYVIEW,20,Friday
13453,OTHER OFFENSES,19,BAYVIEW,12,Monday
13454,OTHER OFFENSES,19,BAYVIEW,25,Saturday
13455,OTHER OFFENSES,19,BAYVIEW,17,Sunday
13456,OTHER OFFENSES,19,BAYVIEW,19,Thursday
13457,OTHER OFFENSES,19,BAYVIEW,15,Tuesday
13458,OTHER OFFENSES,19,BAYVIEW,22,Wednesday
13459,OTHER OFFENSES,19,CENTRAL,9,Friday
13460,OTHER OFFENSES,19,CENTRAL,8,Monday
13461,OTHER OFFENSES,19,CENTRAL,11,Saturday
13462,OTHER OFFENSES,19,CENTRAL,13,Sunday
13463,OTHER OFFENSES,19,CENTRAL,12,Thursday
13464,OTHER OFFENSES,19,CENTRAL,8,Tuesday
13465,OTHER OFFENSES,19,CENTRAL,14,Wednesday
13466,OTHER OFFENSES,19,INGLESIDE,15,Friday
13467,OTHER OFFENSES,19,INGLESIDE,8,Monday
13468,OTHER OFFENSES,19,INGLESIDE,10,Saturday
13469,OTHER OFFENSES,19,INGLESIDE,9,Sunday
13470,OTHER OFFENSES,19,INGLESIDE,14,Thursday
13471,OTHER OFFENSES,19,INGLESIDE,16,Tuesday
13472,OTHER OFFENSES,19,INGLESIDE,13,Wednesday
13473,OTHER OFFENSES,19,MISSION,17,Friday
13474,OTHER OFFENSES,19,MISSION,25,Monday
13475,OTHER OFFENSES,19,MISSION,12,Saturday
13476,OTHER OFFENSES,19,MISSION,21,Sunday
13477,OTHER OFFENSES,19,MISSION,13,Thursday
13478,OTHER OFFENSES,19,MISSION,18,Tuesday
13479,OTHER OFFENSES,19,MISSION,12,Wednesday
13480,OTHER OFFENSES,19,NORTHERN,12,Friday
13481,OTHER OFFENSES,19,NORTHERN,14,Monday
13482,OTHER OFFENSES,19,NORTHERN,11,Saturday
13483,OTHER OFFENSES,19,NORTHERN,18,Sunday
13484,OTHER OFFENSES,19,NORTHERN,16,Thursday
13485,OTHER OFFENSES,19,NORTHERN,15,Tuesday
13486,OTHER OFFENSES,19,NORTHERN,22,Wednesday
13487,OTHER OFFENSES,19,PARK,4,Friday
13488,OTHER OFFENSES,19,PARK,3,Monday
13489,OTHER OFFENSES,19,PARK,6,Saturday
13490,OTHER OFFENSES,19,PARK,9,Sunday
13491,OTHER OFFENSES,19,PARK,6,Thursday
13492,OTHER OFFENSES,19,PARK,9,Tuesday
13493,OTHER OFFENSES,19,PARK,13,Wednesday
13494,OTHER OFFENSES,19,RICHMOND,4,Friday
13495,OTHER OFFENSES,19,RICHMOND,4,Monday
13496,OTHER OFFENSES,19,RICHMOND,6,Saturday
13497,OTHER OFFENSES,19,RICHMOND,11,Sunday
13498,OTHER OFFENSES,19,RICHMOND,4,Thursday
13499,OTHER OFFENSES,19,RICHMOND,3,Tuesday
13500,OTHER OFFENSES,19,RICHMOND,4,Wednesday
13501,OTHER OFFENSES,19,SOUTHERN,40,Friday
13502,OTHER OFFENSES,19,SOUTHERN,23,Monday
13503,OTHER OFFENSES,19,SOUTHERN,25,Saturday
13504,OTHER OFFENSES,19,SOUTHERN,27,Sunday
13505,OTHER OFFENSES,19,SOUTHERN,28,Thursday
13506,OTHER OFFENSES,19,SOUTHERN,20,Tuesday
13507,OTHER OFFENSES,19,SOUTHERN,28,Wednesday
13508,OTHER OFFENSES,19,TARAVAL,9,Friday
13509,OTHER OFFENSES,19,TARAVAL,9,Monday
13510,OTHER OFFENSES,19,TARAVAL,5,Saturday
13511,OTHER OFFENSES,19,TARAVAL,15,Sunday
13512,OTHER OFFENSES,19,TARAVAL,13,Thursday
13513,OTHER OFFENSES,19,TARAVAL,21,Tuesday
13514,OTHER OFFENSES,19,TARAVAL,13,Wednesday
13515,OTHER OFFENSES,19,TENDERLOIN,8,Friday
13516,OTHER OFFENSES,19,TENDERLOIN,7,Monday
13517,OTHER OFFENSES,19,TENDERLOIN,8,Saturday
13518,OTHER OFFENSES,19,TENDERLOIN,9,Sunday
13519,OTHER OFFENSES,19,TENDERLOIN,8,Thursday
13520,OTHER OFFENSES,19,TENDERLOIN,11,Tuesday
13521,OTHER OFFENSES,19,TENDERLOIN,7,Wednesday
13522,OTHER OFFENSES,20,BAYVIEW,9,Friday
13523,OTHER OFFENSES,20,BAYVIEW,13,Monday
13524,OTHER OFFENSES,20,BAYVIEW,9,Saturday
13525,OTHER OFFENSES,20,BAYVIEW,13,Sunday
13526,OTHER OFFENSES,20,BAYVIEW,18,Thursday
13527,OTHER OFFENSES,20,BAYVIEW,11,Tuesday
13528,OTHER OFFENSES,20,BAYVIEW,11,Wednesday
13529,OTHER OFFENSES,20,CENTRAL,8,Friday
13530,OTHER OFFENSES,20,CENTRAL,11,Monday
13531,OTHER OFFENSES,20,CENTRAL,8,Saturday
13532,OTHER OFFENSES,20,CENTRAL,11,Sunday
13533,OTHER OFFENSES,20,CENTRAL,8,Thursday
13534,OTHER OFFENSES,20,CENTRAL,13,Tuesday
13535,OTHER OFFENSES,20,CENTRAL,18,Wednesday
13536,OTHER OFFENSES,20,INGLESIDE,13,Friday
13537,OTHER OFFENSES,20,INGLESIDE,13,Monday
13538,OTHER OFFENSES,20,INGLESIDE,9,Saturday
13539,OTHER OFFENSES,20,INGLESIDE,9,Sunday
13540,OTHER OFFENSES,20,INGLESIDE,8,Thursday
13541,OTHER OFFENSES,20,INGLESIDE,12,Tuesday
13542,OTHER OFFENSES,20,INGLESIDE,12,Wednesday
13543,OTHER OFFENSES,20,MISSION,12,Friday
13544,OTHER OFFENSES,20,MISSION,12,Monday
13545,OTHER OFFENSES,20,MISSION,20,Saturday
13546,OTHER OFFENSES,20,MISSION,12,Sunday
13547,OTHER OFFENSES,20,MISSION,15,Thursday
13548,OTHER OFFENSES,20,MISSION,12,Tuesday
13549,OTHER OFFENSES,20,MISSION,18,Wednesday
13550,OTHER OFFENSES,20,NORTHERN,12,Friday
13551,OTHER OFFENSES,20,NORTHERN,11,Monday
13552,OTHER OFFENSES,20,NORTHERN,11,Saturday
13553,OTHER OFFENSES,20,NORTHERN,8,Sunday
13554,OTHER OFFENSES,20,NORTHERN,11,Thursday
13555,OTHER OFFENSES,20,NORTHERN,15,Tuesday
13556,OTHER OFFENSES,20,NORTHERN,13,Wednesday
13557,OTHER OFFENSES,20,PARK,4,Friday
13558,OTHER OFFENSES,20,PARK,7,Monday
13559,OTHER OFFENSES,20,PARK,7,Saturday
13560,OTHER OFFENSES,20,PARK,10,Sunday
13561,OTHER OFFENSES,20,PARK,5,Thursday
13562,OTHER OFFENSES,20,PARK,7,Tuesday
13563,OTHER OFFENSES,20,PARK,5,Wednesday
13564,OTHER OFFENSES,20,RICHMOND,8,Friday
13565,OTHER OFFENSES,20,RICHMOND,4,Monday
13566,OTHER OFFENSES,20,RICHMOND,5,Saturday
13567,OTHER OFFENSES,20,RICHMOND,7,Sunday
13568,OTHER OFFENSES,20,RICHMOND,2,Thursday
13569,OTHER OFFENSES,20,RICHMOND,6,Tuesday
13570,OTHER OFFENSES,20,RICHMOND,6,Wednesday
13571,OTHER OFFENSES,20,SOUTHERN,34,Friday
13572,OTHER OFFENSES,20,SOUTHERN,14,Monday
13573,OTHER OFFENSES,20,SOUTHERN,24,Saturday
13574,OTHER OFFENSES,20,SOUTHERN,22,Sunday
13575,OTHER OFFENSES,20,SOUTHERN,29,Thursday
13576,OTHER OFFENSES,20,SOUTHERN,20,Tuesday
13577,OTHER OFFENSES,20,SOUTHERN,16,Wednesday
13578,OTHER OFFENSES,20,TARAVAL,16,Friday
13579,OTHER OFFENSES,20,TARAVAL,10,Monday
13580,OTHER OFFENSES,20,TARAVAL,25,Saturday
13581,OTHER OFFENSES,20,TARAVAL,11,Sunday
13582,OTHER OFFENSES,20,TARAVAL,10,Thursday
13583,OTHER OFFENSES,20,TARAVAL,8,Tuesday
13584,OTHER OFFENSES,20,TARAVAL,8,Wednesday
13585,OTHER OFFENSES,20,TENDERLOIN,7,Friday
13586,OTHER OFFENSES,20,TENDERLOIN,5,Monday
13587,OTHER OFFENSES,20,TENDERLOIN,9,Saturday
13588,OTHER OFFENSES,20,TENDERLOIN,2,Sunday
13589,OTHER OFFENSES,20,TENDERLOIN,2,Thursday
13590,OTHER OFFENSES,20,TENDERLOIN,9,Tuesday
13591,OTHER OFFENSES,20,TENDERLOIN,7,Wednesday
13592,OTHER OFFENSES,21,BAYVIEW,22,Friday
13593,OTHER OFFENSES,21,BAYVIEW,15,Monday
13594,OTHER OFFENSES,21,BAYVIEW,12,Saturday
13595,OTHER OFFENSES,21,BAYVIEW,5,Sunday
13596,OTHER OFFENSES,21,BAYVIEW,14,Thursday
13597,OTHER OFFENSES,21,BAYVIEW,9,Tuesday
13598,OTHER OFFENSES,21,BAYVIEW,8,Wednesday
13599,OTHER OFFENSES,21,CENTRAL,11,Friday
13600,OTHER OFFENSES,21,CENTRAL,7,Monday
13601,OTHER OFFENSES,21,CENTRAL,10,Saturday
13602,OTHER OFFENSES,21,CENTRAL,9,Sunday
13603,OTHER OFFENSES,21,CENTRAL,7,Thursday
13604,OTHER OFFENSES,21,CENTRAL,7,Tuesday
13605,OTHER OFFENSES,21,CENTRAL,11,Wednesday
13606,OTHER OFFENSES,21,INGLESIDE,11,Friday
13607,OTHER OFFENSES,21,INGLESIDE,8,Monday
13608,OTHER OFFENSES,21,INGLESIDE,14,Saturday
13609,OTHER OFFENSES,21,INGLESIDE,12,Sunday
13610,OTHER OFFENSES,21,INGLESIDE,2,Thursday
13611,OTHER OFFENSES,21,INGLESIDE,18,Tuesday
13612,OTHER OFFENSES,21,INGLESIDE,11,Wednesday
13613,OTHER OFFENSES,21,MISSION,18,Friday
13614,OTHER OFFENSES,21,MISSION,8,Monday
13615,OTHER OFFENSES,21,MISSION,27,Saturday
13616,OTHER OFFENSES,21,MISSION,17,Sunday
13617,OTHER OFFENSES,21,MISSION,14,Thursday
13618,OTHER OFFENSES,21,MISSION,15,Tuesday
13619,OTHER OFFENSES,21,MISSION,14,Wednesday
13620,OTHER OFFENSES,21,NORTHERN,14,Friday
13621,OTHER OFFENSES,21,NORTHERN,12,Monday
13622,OTHER OFFENSES,21,NORTHERN,5,Saturday
13623,OTHER OFFENSES,21,NORTHERN,14,Sunday
13624,OTHER OFFENSES,21,NORTHERN,7,Thursday
13625,OTHER OFFENSES,21,NORTHERN,15,Tuesday
13626,OTHER OFFENSES,21,NORTHERN,11,Wednesday
13627,OTHER OFFENSES,21,PARK,6,Friday
13628,OTHER OFFENSES,21,PARK,7,Monday
13629,OTHER OFFENSES,21,PARK,9,Saturday
13630,OTHER OFFENSES,21,PARK,5,Sunday
13631,OTHER OFFENSES,21,PARK,2,Thursday
13632,OTHER OFFENSES,21,PARK,9,Tuesday
13633,OTHER OFFENSES,21,PARK,3,Wednesday
13634,OTHER OFFENSES,21,RICHMOND,6,Friday
13635,OTHER OFFENSES,21,RICHMOND,6,Monday
13636,OTHER OFFENSES,21,RICHMOND,4,Saturday
13637,OTHER OFFENSES,21,RICHMOND,9,Sunday
13638,OTHER OFFENSES,21,RICHMOND,3,Thursday
13639,OTHER OFFENSES,21,RICHMOND,7,Tuesday
13640,OTHER OFFENSES,21,RICHMOND,7,Wednesday
13641,OTHER OFFENSES,21,SOUTHERN,35,Friday
13642,OTHER OFFENSES,21,SOUTHERN,13,Monday
13643,OTHER OFFENSES,21,SOUTHERN,12,Saturday
13644,OTHER OFFENSES,21,SOUTHERN,17,Sunday
13645,OTHER OFFENSES,21,SOUTHERN,17,Thursday
13646,OTHER OFFENSES,21,SOUTHERN,26,Tuesday
13647,OTHER OFFENSES,21,SOUTHERN,23,Wednesday
13648,OTHER OFFENSES,21,TARAVAL,13,Friday
13649,OTHER OFFENSES,21,TARAVAL,10,Monday
13650,OTHER OFFENSES,21,TARAVAL,8,Saturday
13651,OTHER OFFENSES,21,TARAVAL,9,Sunday
13652,OTHER OFFENSES,21,TARAVAL,15,Thursday
13653,OTHER OFFENSES,21,TARAVAL,8,Tuesday
13654,OTHER OFFENSES,21,TARAVAL,8,Wednesday
13655,OTHER OFFENSES,21,TENDERLOIN,4,Friday
13656,OTHER OFFENSES,21,TENDERLOIN,2,Monday
13657,OTHER OFFENSES,21,TENDERLOIN,12,Saturday
13658,OTHER OFFENSES,21,TENDERLOIN,2,Sunday
13659,OTHER OFFENSES,21,TENDERLOIN,2,Thursday
13660,OTHER OFFENSES,21,TENDERLOIN,5,Tuesday
13661,OTHER OFFENSES,21,TENDERLOIN,16,Wednesday
13662,OTHER OFFENSES,22,BAYVIEW,9,Friday
13663,OTHER OFFENSES,22,BAYVIEW,16,Monday
13664,OTHER OFFENSES,22,BAYVIEW,10,Saturday
13665,OTHER OFFENSES,22,BAYVIEW,21,Sunday
13666,OTHER OFFENSES,22,BAYVIEW,15,Thursday
13667,OTHER OFFENSES,22,BAYVIEW,13,Tuesday
13668,OTHER OFFENSES,22,BAYVIEW,13,Wednesday
13669,OTHER OFFENSES,22,CENTRAL,19,Friday
13670,OTHER OFFENSES,22,CENTRAL,10,Monday
13671,OTHER OFFENSES,22,CENTRAL,7,Saturday
13672,OTHER OFFENSES,22,CENTRAL,12,Sunday
13673,OTHER OFFENSES,22,CENTRAL,19,Thursday
13674,OTHER OFFENSES,22,CENTRAL,17,Tuesday
13675,OTHER OFFENSES,22,CENTRAL,8,Wednesday
13676,OTHER OFFENSES,22,INGLESIDE,16,Friday
13677,OTHER OFFENSES,22,INGLESIDE,14,Monday
13678,OTHER OFFENSES,22,INGLESIDE,8,Saturday
13679,OTHER OFFENSES,22,INGLESIDE,11,Sunday
13680,OTHER OFFENSES,22,INGLESIDE,9,Thursday
13681,OTHER OFFENSES,22,INGLESIDE,16,Tuesday
13682,OTHER OFFENSES,22,INGLESIDE,10,Wednesday
13683,OTHER OFFENSES,22,MISSION,18,Friday
13684,OTHER OFFENSES,22,MISSION,18,Monday
13685,OTHER OFFENSES,22,MISSION,10,Saturday
13686,OTHER OFFENSES,22,MISSION,23,Sunday
13687,OTHER OFFENSES,22,MISSION,13,Thursday
13688,OTHER OFFENSES,22,MISSION,32,Tuesday
13689,OTHER OFFENSES,22,MISSION,19,Wednesday
13690,OTHER OFFENSES,22,NORTHERN,19,Friday
13691,OTHER OFFENSES,22,NORTHERN,20,Monday
13692,OTHER OFFENSES,22,NORTHERN,16,Saturday
13693,OTHER OFFENSES,22,NORTHERN,11,Sunday
13694,OTHER OFFENSES,22,NORTHERN,16,Thursday
13695,OTHER OFFENSES,22,NORTHERN,11,Tuesday
13696,OTHER OFFENSES,22,NORTHERN,13,Wednesday
13697,OTHER OFFENSES,22,PARK,10,Friday
13698,OTHER OFFENSES,22,PARK,9,Monday
13699,OTHER OFFENSES,22,PARK,3,Saturday
13700,OTHER OFFENSES,22,PARK,10,Sunday
13701,OTHER OFFENSES,22,PARK,7,Thursday
13702,OTHER OFFENSES,22,PARK,7,Tuesday
13703,OTHER OFFENSES,22,PARK,3,Wednesday
13704,OTHER OFFENSES,22,RICHMOND,8,Friday
13705,OTHER OFFENSES,22,RICHMOND,4,Monday
13706,OTHER OFFENSES,22,RICHMOND,11,Saturday
13707,OTHER OFFENSES,22,RICHMOND,2,Sunday
13708,OTHER OFFENSES,22,RICHMOND,12,Thursday
13709,OTHER OFFENSES,22,RICHMOND,9,Tuesday
13710,OTHER OFFENSES,22,RICHMOND,5,Wednesday
13711,OTHER OFFENSES,22,SOUTHERN,24,Friday
13712,OTHER OFFENSES,22,SOUTHERN,23,Monday
13713,OTHER OFFENSES,22,SOUTHERN,21,Saturday
13714,OTHER OFFENSES,22,SOUTHERN,14,Sunday
13715,OTHER OFFENSES,22,SOUTHERN,20,Thursday
13716,OTHER OFFENSES,22,SOUTHERN,23,Tuesday
13717,OTHER OFFENSES,22,SOUTHERN,24,Wednesday
13718,OTHER OFFENSES,22,TARAVAL,17,Friday
13719,OTHER OFFENSES,22,TARAVAL,16,Monday
13720,OTHER OFFENSES,22,TARAVAL,15,Saturday
13721,OTHER OFFENSES,22,TARAVAL,9,Sunday
13722,OTHER OFFENSES,22,TARAVAL,12,Thursday
13723,OTHER OFFENSES,22,TARAVAL,11,Tuesday
13724,OTHER OFFENSES,22,TARAVAL,19,Wednesday
13725,OTHER OFFENSES,22,TENDERLOIN,4,Friday
13726,OTHER OFFENSES,22,TENDERLOIN,6,Monday
13727,OTHER OFFENSES,22,TENDERLOIN,14,Saturday
13728,OTHER OFFENSES,22,TENDERLOIN,8,Sunday
13729,OTHER OFFENSES,22,TENDERLOIN,8,Thursday
13730,OTHER OFFENSES,22,TENDERLOIN,3,Tuesday
13731,OTHER OFFENSES,22,TENDERLOIN,9,Wednesday
13732,OTHER OFFENSES,23,BAYVIEW,17,Friday
13733,OTHER OFFENSES,23,BAYVIEW,21,Monday
13734,OTHER OFFENSES,23,BAYVIEW,10,Saturday
13735,OTHER OFFENSES,23,BAYVIEW,7,Sunday
13736,OTHER OFFENSES,23,BAYVIEW,10,Thursday
13737,OTHER OFFENSES,23,BAYVIEW,15,Tuesday
13738,OTHER OFFENSES,23,BAYVIEW,16,Wednesday
13739,OTHER OFFENSES,23,CENTRAL,15,Friday
13740,OTHER OFFENSES,23,CENTRAL,9,Monday
13741,OTHER OFFENSES,23,CENTRAL,16,Saturday
13742,OTHER OFFENSES,23,CENTRAL,6,Sunday
13743,OTHER OFFENSES,23,CENTRAL,11,Thursday
13744,OTHER OFFENSES,23,CENTRAL,11,Tuesday
13745,OTHER OFFENSES,23,CENTRAL,11,Wednesday
13746,OTHER OFFENSES,23,INGLESIDE,16,Friday
13747,OTHER OFFENSES,23,INGLESIDE,12,Monday
13748,OTHER OFFENSES,23,INGLESIDE,9,Saturday
13749,OTHER OFFENSES,23,INGLESIDE,8,Sunday
13750,OTHER OFFENSES,23,INGLESIDE,8,Thursday
13751,OTHER OFFENSES,23,INGLESIDE,4,Tuesday
13752,OTHER OFFENSES,23,INGLESIDE,15,Wednesday
13753,OTHER OFFENSES,23,MISSION,21,Friday
13754,OTHER OFFENSES,23,MISSION,21,Monday
13755,OTHER OFFENSES,23,MISSION,19,Saturday
13756,OTHER OFFENSES,23,MISSION,18,Sunday
13757,OTHER OFFENSES,23,MISSION,12,Thursday
13758,OTHER OFFENSES,23,MISSION,19,Tuesday
13759,OTHER OFFENSES,23,MISSION,28,Wednesday
13760,OTHER OFFENSES,23,NORTHERN,18,Friday
13761,OTHER OFFENSES,23,NORTHERN,14,Monday
13762,OTHER OFFENSES,23,NORTHERN,29,Saturday
13763,OTHER OFFENSES,23,NORTHERN,12,Sunday
13764,OTHER OFFENSES,23,NORTHERN,20,Thursday
13765,OTHER OFFENSES,23,NORTHERN,12,Tuesday
13766,OTHER OFFENSES,23,NORTHERN,17,Wednesday
13767,OTHER OFFENSES,23,PARK,7,Friday
13768,OTHER OFFENSES,23,PARK,10,Monday
13769,OTHER OFFENSES,23,PARK,4,Saturday
13770,OTHER OFFENSES,23,PARK,1,Sunday
13771,OTHER OFFENSES,23,PARK,11,Thursday
13772,OTHER OFFENSES,23,PARK,11,Tuesday
13773,OTHER OFFENSES,23,PARK,13,Wednesday
13774,OTHER OFFENSES,23,RICHMOND,7,Friday
13775,OTHER OFFENSES,23,RICHMOND,4,Monday
13776,OTHER OFFENSES,23,RICHMOND,6,Saturday
13777,OTHER OFFENSES,23,RICHMOND,5,Sunday
13778,OTHER OFFENSES,23,RICHMOND,5,Thursday
13779,OTHER OFFENSES,23,RICHMOND,6,Tuesday
13780,OTHER OFFENSES,23,RICHMOND,6,Wednesday
13781,OTHER OFFENSES,23,SOUTHERN,19,Friday
13782,OTHER OFFENSES,23,SOUTHERN,29,Monday
13783,OTHER OFFENSES,23,SOUTHERN,18,Saturday
13784,OTHER OFFENSES,23,SOUTHERN,17,Sunday
13785,OTHER OFFENSES,23,SOUTHERN,21,Thursday
13786,OTHER OFFENSES,23,SOUTHERN,15,Tuesday
13787,OTHER OFFENSES,23,SOUTHERN,24,Wednesday
13788,OTHER OFFENSES,23,TARAVAL,13,Friday
13789,OTHER OFFENSES,23,TARAVAL,6,Monday
13790,OTHER OFFENSES,23,TARAVAL,8,Saturday
13791,OTHER OFFENSES,23,TARAVAL,14,Sunday
13792,OTHER OFFENSES,23,TARAVAL,16,Thursday
13793,OTHER OFFENSES,23,TARAVAL,8,Tuesday
13794,OTHER OFFENSES,23,TARAVAL,17,Wednesday
13795,OTHER OFFENSES,23,TENDERLOIN,13,Friday
13796,OTHER OFFENSES,23,TENDERLOIN,10,Monday
13797,OTHER OFFENSES,23,TENDERLOIN,8,Saturday
13798,OTHER OFFENSES,23,TENDERLOIN,3,Sunday
13799,OTHER OFFENSES,23,TENDERLOIN,5,Thursday
13800,OTHER OFFENSES,23,TENDERLOIN,12,Tuesday
13801,OTHER OFFENSES,23,TENDERLOIN,14,Wednesday
13802,PORNOGRAPHY/OBSCENE MAT,00,INGLESIDE,1,Saturday
13803,PORNOGRAPHY/OBSCENE MAT,00,TENDERLOIN,1,Monday
13804,PORNOGRAPHY/OBSCENE MAT,15,TARAVAL,1,Wednesday
13805,PORNOGRAPHY/OBSCENE MAT,16,TENDERLOIN,1,Tuesday
13806,PROSTITUTION,00,CENTRAL,1,Friday
13807,PROSTITUTION,00,MISSION,3,Friday
13808,PROSTITUTION,00,MISSION,1,Monday
13809,PROSTITUTION,00,MISSION,1,Saturday
13810,PROSTITUTION,00,MISSION,2,Sunday
13811,PROSTITUTION,00,MISSION,5,Thursday
13812,PROSTITUTION,00,MISSION,6,Tuesday
13813,PROSTITUTION,00,MISSION,6,Wednesday
13814,PROSTITUTION,00,SOUTHERN,3,Friday
13815,PROSTITUTION,00,TARAVAL,2,Saturday
13816,PROSTITUTION,00,TARAVAL,2,Wednesday
13817,PROSTITUTION,00,TENDERLOIN,1,Friday
13818,PROSTITUTION,00,TENDERLOIN,1,Saturday
13819,PROSTITUTION,00,TENDERLOIN,1,Thursday
13820,PROSTITUTION,01,CENTRAL,2,Monday
13821,PROSTITUTION,01,CENTRAL,1,Thursday
13822,PROSTITUTION,01,MISSION,3,Friday
13823,PROSTITUTION,01,MISSION,1,Monday
13824,PROSTITUTION,01,MISSION,1,Saturday
13825,PROSTITUTION,01,MISSION,1,Thursday
13826,PROSTITUTION,01,MISSION,2,Tuesday
13827,PROSTITUTION,01,MISSION,2,Wednesday
13828,PROSTITUTION,01,TENDERLOIN,1,Sunday
13829,PROSTITUTION,02,BAYVIEW,2,Monday
13830,PROSTITUTION,02,MISSION,2,Friday
13831,PROSTITUTION,02,MISSION,1,Monday
13832,PROSTITUTION,02,MISSION,2,Saturday
13833,PROSTITUTION,02,MISSION,1,Tuesday
13834,PROSTITUTION,02,MISSION,1,Wednesday
13835,PROSTITUTION,03,MISSION,3,Friday
13836,PROSTITUTION,03,MISSION,3,Sunday
13837,PROSTITUTION,03,MISSION,1,Wednesday
13838,PROSTITUTION,03,TENDERLOIN,1,Sunday
13839,PROSTITUTION,04,MISSION,1,Friday
13840,PROSTITUTION,04,MISSION,1,Monday
13841,PROSTITUTION,04,MISSION,1,Thursday
13842,PROSTITUTION,06,CENTRAL,1,Monday
13843,PROSTITUTION,08,SOUTHERN,1,Friday
13844,PROSTITUTION,10,MISSION,1,Saturday
13845,PROSTITUTION,10,SOUTHERN,1,Wednesday
13846,PROSTITUTION,10,TARAVAL,6,Thursday
13847,PROSTITUTION,12,CENTRAL,3,Friday
13848,PROSTITUTION,12,NORTHERN,1,Friday
13849,PROSTITUTION,12,NORTHERN,34,Thursday
13850,PROSTITUTION,12,SOUTHERN,24,Friday
13851,PROSTITUTION,12,SOUTHERN,6,Thursday
13852,PROSTITUTION,12,TARAVAL,50,Thursday
13853,PROSTITUTION,13,INGLESIDE,3,Monday
13854,PROSTITUTION,13,PARK,1,Sunday
13855,PROSTITUTION,13,SOUTHERN,2,Thursday
13856,PROSTITUTION,13,TARAVAL,1,Saturday
13857,PROSTITUTION,14,CENTRAL,2,Thursday
13858,PROSTITUTION,14,MISSION,1,Wednesday
13859,PROSTITUTION,14,NORTHERN,6,Thursday
13860,PROSTITUTION,14,RICHMOND,1,Thursday
13861,PROSTITUTION,14,SOUTHERN,8,Friday
13862,PROSTITUTION,14,SOUTHERN,20,Thursday
13863,PROSTITUTION,15,NORTHERN,6,Saturday
13864,PROSTITUTION,15,NORTHERN,2,Thursday
13865,PROSTITUTION,15,SOUTHERN,16,Friday
13866,PROSTITUTION,15,SOUTHERN,18,Thursday
13867,PROSTITUTION,15,TARAVAL,2,Thursday
13868,PROSTITUTION,16,CENTRAL,1,Friday
13869,PROSTITUTION,16,INGLESIDE,5,Wednesday
13870,PROSTITUTION,16,NORTHERN,2,Saturday
13871,PROSTITUTION,16,NORTHERN,12,Thursday
13872,PROSTITUTION,16,SOUTHERN,12,Friday
13873,PROSTITUTION,16,SOUTHERN,26,Thursday
13874,PROSTITUTION,16,SOUTHERN,1,Tuesday
13875,PROSTITUTION,16,TARAVAL,4,Saturday
13876,PROSTITUTION,16,TARAVAL,4,Thursday
13877,PROSTITUTION,16,TARAVAL,1,Tuesday
13878,PROSTITUTION,16,TENDERLOIN,1,Tuesday
13879,PROSTITUTION,17,CENTRAL,1,Monday
13880,PROSTITUTION,17,CENTRAL,1,Tuesday
13881,PROSTITUTION,17,MISSION,1,Friday
13882,PROSTITUTION,17,NORTHERN,2,Saturday
13883,PROSTITUTION,17,NORTHERN,6,Thursday
13884,PROSTITUTION,17,PARK,1,Friday
13885,PROSTITUTION,17,SOUTHERN,6,Friday
13886,PROSTITUTION,17,SOUTHERN,9,Thursday
13887,PROSTITUTION,17,TARAVAL,4,Thursday
13888,PROSTITUTION,18,CENTRAL,1,Thursday
13889,PROSTITUTION,18,CENTRAL,1,Wednesday
13890,PROSTITUTION,18,NORTHERN,4,Saturday
13891,PROSTITUTION,18,NORTHERN,2,Thursday
13892,PROSTITUTION,18,RICHMOND,1,Friday
13893,PROSTITUTION,18,RICHMOND,1,Saturday
13894,PROSTITUTION,18,SOUTHERN,6,Friday
13895,PROSTITUTION,18,SOUTHERN,24,Thursday
13896,PROSTITUTION,18,TARAVAL,1,Friday
13897,PROSTITUTION,18,TARAVAL,8,Thursday
13898,PROSTITUTION,18,TARAVAL,2,Wednesday
13899,PROSTITUTION,19,CENTRAL,1,Tuesday
13900,PROSTITUTION,19,CENTRAL,2,Wednesday
13901,PROSTITUTION,19,NORTHERN,8,Saturday
13902,PROSTITUTION,19,NORTHERN,6,Thursday
13903,PROSTITUTION,19,RICHMOND,1,Friday
13904,PROSTITUTION,19,SOUTHERN,4,Friday
13905,PROSTITUTION,19,SOUTHERN,3,Monday
13906,PROSTITUTION,19,SOUTHERN,12,Thursday
13907,PROSTITUTION,19,TARAVAL,1,Friday
13908,PROSTITUTION,19,TARAVAL,11,Thursday
13909,PROSTITUTION,19,TENDERLOIN,1,Thursday
13910,PROSTITUTION,20,NORTHERN,4,Saturday
13911,PROSTITUTION,20,NORTHERN,2,Thursday
13912,PROSTITUTION,20,NORTHERN,1,Tuesday
13913,PROSTITUTION,20,NORTHERN,1,Wednesday
13914,PROSTITUTION,20,SOUTHERN,8,Friday
13915,PROSTITUTION,20,SOUTHERN,16,Thursday
13916,PROSTITUTION,20,TARAVAL,1,Friday
13917,PROSTITUTION,20,TARAVAL,10,Thursday
13918,PROSTITUTION,21,BAYVIEW,1,Friday
13919,PROSTITUTION,21,CENTRAL,2,Friday
13920,PROSTITUTION,21,CENTRAL,2,Tuesday
13921,PROSTITUTION,21,MISSION,1,Thursday
13922,PROSTITUTION,21,MISSION,1,Tuesday
13923,PROSTITUTION,21,MISSION,1,Wednesday
13924,PROSTITUTION,21,NORTHERN,2,Saturday
13925,PROSTITUTION,21,NORTHERN,4,Thursday
13926,PROSTITUTION,21,RICHMOND,1,Tuesday
13927,PROSTITUTION,21,SOUTHERN,2,Friday
13928,PROSTITUTION,21,SOUTHERN,8,Thursday
13929,PROSTITUTION,21,TARAVAL,6,Thursday
13930,PROSTITUTION,21,TENDERLOIN,2,Friday
13931,PROSTITUTION,21,TENDERLOIN,2,Monday
13932,PROSTITUTION,21,TENDERLOIN,1,Sunday
13933,PROSTITUTION,22,CENTRAL,2,Friday
13934,PROSTITUTION,22,MISSION,1,Friday
13935,PROSTITUTION,22,MISSION,1,Monday
13936,PROSTITUTION,22,MISSION,1,Sunday
13937,PROSTITUTION,22,MISSION,3,Tuesday
13938,PROSTITUTION,22,MISSION,6,Wednesday
13939,PROSTITUTION,22,NORTHERN,4,Thursday
13940,PROSTITUTION,22,SOUTHERN,10,Friday
13941,PROSTITUTION,22,SOUTHERN,10,Thursday
13942,PROSTITUTION,22,SOUTHERN,1,Tuesday
13943,PROSTITUTION,22,TENDERLOIN,2,Saturday
13944,PROSTITUTION,22,TENDERLOIN,1,Wednesday
13945,PROSTITUTION,23,CENTRAL,1,Friday
13946,PROSTITUTION,23,CENTRAL,1,Sunday
13947,PROSTITUTION,23,CENTRAL,2,Tuesday
13948,PROSTITUTION,23,MISSION,1,Friday
13949,PROSTITUTION,23,MISSION,2,Monday
13950,PROSTITUTION,23,MISSION,1,Saturday
13951,PROSTITUTION,23,MISSION,6,Sunday
13952,PROSTITUTION,23,MISSION,1,Thursday
13953,PROSTITUTION,23,MISSION,4,Tuesday
13954,PROSTITUTION,23,MISSION,3,Wednesday
13955,PROSTITUTION,23,NORTHERN,2,Thursday
13956,PROSTITUTION,23,SOUTHERN,5,Thursday
13957,PROSTITUTION,23,TENDERLOIN,2,Saturday
13958,PROSTITUTION,23,TENDERLOIN,1,Thursday
13959,PROSTITUTION,23,TENDERLOIN,1,Wednesday
13960,RECOVERED VEHICLE,00,BAYVIEW,1,Friday
13961,RECOVERED VEHICLE,00,BAYVIEW,1,Monday
13962,RECOVERED VEHICLE,00,BAYVIEW,1,Saturday
13963,RECOVERED VEHICLE,00,BAYVIEW,1,Thursday
13964,RECOVERED VEHICLE,00,BAYVIEW,1,Tuesday
13965,RECOVERED VEHICLE,00,CENTRAL,1,Wednesday
13966,RECOVERED VEHICLE,00,INGLESIDE,1,Sunday
13967,RECOVERED VEHICLE,00,INGLESIDE,3,Thursday
13968,RECOVERED VEHICLE,00,MISSION,1,Friday
13969,RECOVERED VEHICLE,00,MISSION,1,Thursday
13970,RECOVERED VEHICLE,00,MISSION,1,Wednesday
13971,RECOVERED VEHICLE,00,NORTHERN,1,Monday
13972,RECOVERED VEHICLE,00,NORTHERN,1,Thursday
13973,RECOVERED VEHICLE,00,NORTHERN,1,Tuesday
13974,RECOVERED VEHICLE,00,NORTHERN,1,Wednesday
13975,RECOVERED VEHICLE,00,RICHMOND,1,Sunday
13976,RECOVERED VEHICLE,00,RICHMOND,1,Tuesday
13977,RECOVERED VEHICLE,00,SOUTHERN,1,Friday
13978,RECOVERED VEHICLE,00,SOUTHERN,2,Monday
13979,RECOVERED VEHICLE,00,SOUTHERN,1,Saturday
13980,RECOVERED VEHICLE,00,SOUTHERN,1,Sunday
13981,RECOVERED VEHICLE,00,SOUTHERN,1,Thursday
13982,RECOVERED VEHICLE,00,SOUTHERN,2,Tuesday
13983,RECOVERED VEHICLE,00,SOUTHERN,2,Wednesday
13984,RECOVERED VEHICLE,00,TARAVAL,2,Monday
13985,RECOVERED VEHICLE,00,TENDERLOIN,1,Monday
13986,RECOVERED VEHICLE,01,BAYVIEW,2,Monday
13987,RECOVERED VEHICLE,01,BAYVIEW,1,Saturday
13988,RECOVERED VEHICLE,01,BAYVIEW,1,Thursday
13989,RECOVERED VEHICLE,01,INGLESIDE,1,Friday
13990,RECOVERED VEHICLE,01,INGLESIDE,1,Thursday
13991,RECOVERED VEHICLE,01,MISSION,1,Monday
13992,RECOVERED VEHICLE,01,MISSION,1,Tuesday
13993,RECOVERED VEHICLE,01,NORTHERN,2,Friday
13994,RECOVERED VEHICLE,01,NORTHERN,2,Monday
13995,RECOVERED VEHICLE,01,NORTHERN,1,Wednesday
13996,RECOVERED VEHICLE,01,RICHMOND,1,Tuesday
13997,RECOVERED VEHICLE,01,TENDERLOIN,2,Thursday
13998,RECOVERED VEHICLE,02,BAYVIEW,1,Tuesday
13999,RECOVERED VEHICLE,02,INGLESIDE,1,Monday
14000,RECOVERED VEHICLE,02,INGLESIDE,1,Tuesday
14001,RECOVERED VEHICLE,02,INGLESIDE,1,Wednesday
14002,RECOVERED VEHICLE,02,MISSION,1,Monday
14003,RECOVERED VEHICLE,02,MISSION,1,Wednesday
14004,RECOVERED VEHICLE,02,NORTHERN,1,Friday
14005,RECOVERED VEHICLE,02,NORTHERN,1,Thursday
14006,RECOVERED VEHICLE,02,NORTHERN,1,Tuesday
14007,RECOVERED VEHICLE,02,NORTHERN,1,Wednesday
14008,RECOVERED VEHICLE,02,PARK,1,Saturday
14009,RECOVERED VEHICLE,02,PARK,1,Thursday
14010,RECOVERED VEHICLE,02,RICHMOND,1,Sunday
14011,RECOVERED VEHICLE,02,RICHMOND,1,Thursday
14012,RECOVERED VEHICLE,02,SOUTHERN,1,Monday
14013,RECOVERED VEHICLE,02,SOUTHERN,2,Thursday
14014,RECOVERED VEHICLE,02,TARAVAL,1,Tuesday
14015,RECOVERED VEHICLE,02,TENDERLOIN,1,Sunday
14016,RECOVERED VEHICLE,02,TENDERLOIN,1,Wednesday
14017,RECOVERED VEHICLE,03,BAYVIEW,1,Friday
14018,RECOVERED VEHICLE,03,BAYVIEW,1,Saturday
14019,RECOVERED VEHICLE,03,BAYVIEW,1,Wednesday
14020,RECOVERED VEHICLE,03,INGLESIDE,2,Saturday
14021,RECOVERED VEHICLE,03,INGLESIDE,1,Tuesday
14022,RECOVERED VEHICLE,03,MISSION,1,Tuesday
14023,RECOVERED VEHICLE,03,NORTHERN,1,Saturday
14024,RECOVERED VEHICLE,03,NORTHERN,1,Sunday
14025,RECOVERED VEHICLE,03,NORTHERN,2,Tuesday
14026,RECOVERED VEHICLE,03,PARK,1,Saturday
14027,RECOVERED VEHICLE,03,RICHMOND,1,Thursday
14028,RECOVERED VEHICLE,03,TARAVAL,1,Saturday
14029,RECOVERED VEHICLE,03,TARAVAL,1,Sunday
14030,RECOVERED VEHICLE,04,BAYVIEW,1,Sunday
14031,RECOVERED VEHICLE,04,BAYVIEW,2,Thursday
14032,RECOVERED VEHICLE,04,BAYVIEW,1,Tuesday
14033,RECOVERED VEHICLE,04,CENTRAL,1,Saturday
14034,RECOVERED VEHICLE,04,CENTRAL,1,Thursday
14035,RECOVERED VEHICLE,04,INGLESIDE,1,Saturday
14036,RECOVERED VEHICLE,04,INGLESIDE,1,Tuesday
14037,RECOVERED VEHICLE,04,MISSION,1,Wednesday
14038,RECOVERED VEHICLE,04,NORTHERN,1,Sunday
14039,RECOVERED VEHICLE,04,NORTHERN,1,Thursday
14040,RECOVERED VEHICLE,04,RICHMOND,1,Wednesday
14041,RECOVERED VEHICLE,04,SOUTHERN,1,Friday
14042,RECOVERED VEHICLE,04,SOUTHERN,1,Monday
14043,RECOVERED VEHICLE,04,SOUTHERN,1,Thursday
14044,RECOVERED VEHICLE,04,TENDERLOIN,1,Saturday
14045,RECOVERED VEHICLE,04,TENDERLOIN,4,Thursday
14046,RECOVERED VEHICLE,05,INGLESIDE,1,Monday
14047,RECOVERED VEHICLE,05,MISSION,1,Tuesday
14048,RECOVERED VEHICLE,05,NORTHERN,1,Friday
14049,RECOVERED VEHICLE,05,PARK,1,Friday
14050,RECOVERED VEHICLE,05,SOUTHERN,1,Sunday
14051,RECOVERED VEHICLE,06,BAYVIEW,2,Friday
14052,RECOVERED VEHICLE,06,CENTRAL,1,Thursday
14053,RECOVERED VEHICLE,06,INGLESIDE,1,Friday
14054,RECOVERED VEHICLE,06,MISSION,2,Monday
14055,RECOVERED VEHICLE,06,MISSION,1,Thursday
14056,RECOVERED VEHICLE,06,NORTHERN,1,Wednesday
14057,RECOVERED VEHICLE,06,SOUTHERN,1,Sunday
14058,RECOVERED VEHICLE,06,SOUTHERN,1,Tuesday
14059,RECOVERED VEHICLE,07,BAYVIEW,2,Friday
14060,RECOVERED VEHICLE,07,BAYVIEW,3,Monday
14061,RECOVERED VEHICLE,07,BAYVIEW,3,Saturday
14062,RECOVERED VEHICLE,07,BAYVIEW,3,Thursday
14063,RECOVERED VEHICLE,07,BAYVIEW,4,Tuesday
14064,RECOVERED VEHICLE,07,CENTRAL,2,Thursday
14065,RECOVERED VEHICLE,07,CENTRAL,1,Wednesday
14066,RECOVERED VEHICLE,07,INGLESIDE,2,Tuesday
14067,RECOVERED VEHICLE,07,MISSION,1,Friday
14068,RECOVERED VEHICLE,07,MISSION,1,Monday
14069,RECOVERED VEHICLE,07,MISSION,1,Saturday
14070,RECOVERED VEHICLE,07,MISSION,1,Thursday
14071,RECOVERED VEHICLE,07,MISSION,1,Wednesday
14072,RECOVERED VEHICLE,07,NORTHERN,1,Tuesday
14073,RECOVERED VEHICLE,07,NORTHERN,1,Wednesday
14074,RECOVERED VEHICLE,07,SOUTHERN,2,Monday
14075,RECOVERED VEHICLE,07,SOUTHERN,1,Saturday
14076,RECOVERED VEHICLE,07,SOUTHERN,1,Wednesday
14077,RECOVERED VEHICLE,07,TARAVAL,1,Friday
14078,RECOVERED VEHICLE,07,TENDERLOIN,1,Friday
14079,RECOVERED VEHICLE,07,TENDERLOIN,1,Monday
14080,RECOVERED VEHICLE,07,TENDERLOIN,2,Tuesday
14081,RECOVERED VEHICLE,08,BAYVIEW,7,Friday
14082,RECOVERED VEHICLE,08,BAYVIEW,3,Monday
14083,RECOVERED VEHICLE,08,BAYVIEW,1,Sunday
14084,RECOVERED VEHICLE,08,BAYVIEW,4,Thursday
14085,RECOVERED VEHICLE,08,BAYVIEW,2,Tuesday
14086,RECOVERED VEHICLE,08,BAYVIEW,3,Wednesday
14087,RECOVERED VEHICLE,08,CENTRAL,1,Thursday
14088,RECOVERED VEHICLE,08,CENTRAL,1,Wednesday
14089,RECOVERED VEHICLE,08,INGLESIDE,2,Friday
14090,RECOVERED VEHICLE,08,INGLESIDE,2,Sunday
14091,RECOVERED VEHICLE,08,INGLESIDE,1,Wednesday
14092,RECOVERED VEHICLE,08,MISSION,1,Saturday
14093,RECOVERED VEHICLE,08,NORTHERN,1,Monday
14094,RECOVERED VEHICLE,08,NORTHERN,1,Saturday
14095,RECOVERED VEHICLE,08,NORTHERN,1,Tuesday
14096,RECOVERED VEHICLE,08,NORTHERN,1,Wednesday
14097,RECOVERED VEHICLE,08,PARK,1,Saturday
14098,RECOVERED VEHICLE,08,RICHMOND,1,Friday
14099,RECOVERED VEHICLE,08,SOUTHERN,2,Monday
14100,RECOVERED VEHICLE,08,SOUTHERN,1,Thursday
14101,RECOVERED VEHICLE,08,SOUTHERN,3,Tuesday
14102,RECOVERED VEHICLE,08,SOUTHERN,1,Wednesday
14103,RECOVERED VEHICLE,08,TARAVAL,1,Saturday
14104,RECOVERED VEHICLE,08,TENDERLOIN,2,Saturday
14105,RECOVERED VEHICLE,09,BAYVIEW,1,Friday
14106,RECOVERED VEHICLE,09,BAYVIEW,3,Monday
14107,RECOVERED VEHICLE,09,BAYVIEW,1,Saturday
14108,RECOVERED VEHICLE,09,BAYVIEW,2,Sunday
14109,RECOVERED VEHICLE,09,BAYVIEW,3,Thursday
14110,RECOVERED VEHICLE,09,BAYVIEW,3,Tuesday
14111,RECOVERED VEHICLE,09,BAYVIEW,5,Wednesday
14112,RECOVERED VEHICLE,09,CENTRAL,1,Wednesday
14113,RECOVERED VEHICLE,09,INGLESIDE,1,Friday
14114,RECOVERED VEHICLE,09,INGLESIDE,1,Thursday
14115,RECOVERED VEHICLE,09,INGLESIDE,1,Tuesday
14116,RECOVERED VEHICLE,09,INGLESIDE,4,Wednesday
14117,RECOVERED VEHICLE,09,MISSION,1,Friday
14118,RECOVERED VEHICLE,09,MISSION,1,Thursday
14119,RECOVERED VEHICLE,09,MISSION,1,Tuesday
14120,RECOVERED VEHICLE,09,NORTHERN,2,Monday
14121,RECOVERED VEHICLE,09,NORTHERN,1,Saturday
14122,RECOVERED VEHICLE,09,NORTHERN,1,Sunday
14123,RECOVERED VEHICLE,09,PARK,1,Saturday
14124,RECOVERED VEHICLE,09,PARK,1,Sunday
14125,RECOVERED VEHICLE,09,PARK,1,Thursday
14126,RECOVERED VEHICLE,09,PARK,1,Tuesday
14127,RECOVERED VEHICLE,09,PARK,1,Wednesday
14128,RECOVERED VEHICLE,09,RICHMOND,1,Friday
14129,RECOVERED VEHICLE,09,RICHMOND,1,Monday
14130,RECOVERED VEHICLE,09,RICHMOND,1,Thursday
14131,RECOVERED VEHICLE,09,SOUTHERN,1,Friday
14132,RECOVERED VEHICLE,09,SOUTHERN,2,Monday
14133,RECOVERED VEHICLE,09,SOUTHERN,1,Sunday
14134,RECOVERED VEHICLE,09,SOUTHERN,1,Tuesday
14135,RECOVERED VEHICLE,09,SOUTHERN,1,Wednesday
14136,RECOVERED VEHICLE,09,TARAVAL,1,Monday
14137,RECOVERED VEHICLE,09,TARAVAL,1,Saturday
14138,RECOVERED VEHICLE,09,TARAVAL,2,Tuesday
14139,RECOVERED VEHICLE,09,TARAVAL,1,Wednesday
14140,RECOVERED VEHICLE,09,TENDERLOIN,1,Thursday
14141,RECOVERED VEHICLE,09,TENDERLOIN,1,Wednesday
14142,RECOVERED VEHICLE,10,BAYVIEW,1,Friday
14143,RECOVERED VEHICLE,10,BAYVIEW,4,Monday
14144,RECOVERED VEHICLE,10,BAYVIEW,2,Saturday
14145,RECOVERED VEHICLE,10,BAYVIEW,1,Sunday
14146,RECOVERED VEHICLE,10,BAYVIEW,6,Thursday
14147,RECOVERED VEHICLE,10,BAYVIEW,2,Tuesday
14148,RECOVERED VEHICLE,10,BAYVIEW,3,Wednesday
14149,RECOVERED VEHICLE,10,CENTRAL,1,Monday
14150,RECOVERED VEHICLE,10,INGLESIDE,2,Tuesday
14151,RECOVERED VEHICLE,10,INGLESIDE,1,Wednesday
14152,RECOVERED VEHICLE,10,MISSION,1,Monday
14153,RECOVERED VEHICLE,10,MISSION,1,Sunday
14154,RECOVERED VEHICLE,10,MISSION,1,Tuesday
14155,RECOVERED VEHICLE,10,MISSION,1,Wednesday
14156,RECOVERED VEHICLE,10,NORTHERN,1,Friday
14157,RECOVERED VEHICLE,10,NORTHERN,1,Sunday
14158,RECOVERED VEHICLE,10,PARK,1,Saturday
14159,RECOVERED VEHICLE,10,SOUTHERN,1,Friday
14160,RECOVERED VEHICLE,10,SOUTHERN,1,Monday
14161,RECOVERED VEHICLE,10,SOUTHERN,1,Saturday
14162,RECOVERED VEHICLE,10,SOUTHERN,4,Tuesday
14163,RECOVERED VEHICLE,10,SOUTHERN,2,Wednesday
14164,RECOVERED VEHICLE,10,TARAVAL,1,Friday
14165,RECOVERED VEHICLE,10,TARAVAL,2,Wednesday
14166,RECOVERED VEHICLE,10,TENDERLOIN,1,Friday
14167,RECOVERED VEHICLE,11,BAYVIEW,1,Friday
14168,RECOVERED VEHICLE,11,BAYVIEW,1,Monday
14169,RECOVERED VEHICLE,11,BAYVIEW,2,Saturday
14170,RECOVERED VEHICLE,11,BAYVIEW,2,Sunday
14171,RECOVERED VEHICLE,11,BAYVIEW,1,Thursday
14172,RECOVERED VEHICLE,11,BAYVIEW,1,Tuesday
14173,RECOVERED VEHICLE,11,BAYVIEW,5,Wednesday
14174,RECOVERED VEHICLE,11,CENTRAL,1,Friday
14175,RECOVERED VEHICLE,11,INGLESIDE,1,Monday
14176,RECOVERED VEHICLE,11,INGLESIDE,1,Sunday
14177,RECOVERED VEHICLE,11,MISSION,2,Thursday
14178,RECOVERED VEHICLE,11,MISSION,1,Tuesday
14179,RECOVERED VEHICLE,11,MISSION,1,Wednesday
14180,RECOVERED VEHICLE,11,NORTHERN,1,Thursday
14181,RECOVERED VEHICLE,11,RICHMOND,1,Sunday
14182,RECOVERED VEHICLE,11,RICHMOND,1,Tuesday
14183,RECOVERED VEHICLE,11,SOUTHERN,1,Friday
14184,RECOVERED VEHICLE,11,SOUTHERN,1,Monday
14185,RECOVERED VEHICLE,11,SOUTHERN,1,Saturday
14186,RECOVERED VEHICLE,11,SOUTHERN,1,Tuesday
14187,RECOVERED VEHICLE,11,SOUTHERN,1,Wednesday
14188,RECOVERED VEHICLE,11,TARAVAL,1,Friday
14189,RECOVERED VEHICLE,11,TARAVAL,1,Monday
14190,RECOVERED VEHICLE,11,TARAVAL,2,Saturday
14191,RECOVERED VEHICLE,11,TARAVAL,1,Wednesday
14192,RECOVERED VEHICLE,11,TENDERLOIN,1,Wednesday
14193,RECOVERED VEHICLE,12,BAYVIEW,5,Friday
14194,RECOVERED VEHICLE,12,BAYVIEW,3,Monday
14195,RECOVERED VEHICLE,12,BAYVIEW,2,Sunday
14196,RECOVERED VEHICLE,12,BAYVIEW,3,Thursday
14197,RECOVERED VEHICLE,12,BAYVIEW,4,Tuesday
14198,RECOVERED VEHICLE,12,CENTRAL,1,Friday
14199,RECOVERED VEHICLE,12,CENTRAL,1,Saturday
14200,RECOVERED VEHICLE,12,CENTRAL,1,Thursday
14201,RECOVERED VEHICLE,12,INGLESIDE,1,Friday
14202,RECOVERED VEHICLE,12,INGLESIDE,1,Saturday
14203,RECOVERED VEHICLE,12,INGLESIDE,2,Sunday
14204,RECOVERED VEHICLE,12,INGLESIDE,4,Thursday
14205,RECOVERED VEHICLE,12,INGLESIDE,4,Tuesday
14206,RECOVERED VEHICLE,12,INGLESIDE,1,Wednesday
14207,RECOVERED VEHICLE,12,MISSION,2,Friday
14208,RECOVERED VEHICLE,12,MISSION,1,Sunday
14209,RECOVERED VEHICLE,12,MISSION,1,Wednesday
14210,RECOVERED VEHICLE,12,NORTHERN,1,Monday
14211,RECOVERED VEHICLE,12,PARK,1,Friday
14212,RECOVERED VEHICLE,12,PARK,1,Monday
14213,RECOVERED VEHICLE,12,PARK,1,Tuesday
14214,RECOVERED VEHICLE,12,PARK,1,Wednesday
14215,RECOVERED VEHICLE,12,RICHMOND,2,Monday
14216,RECOVERED VEHICLE,12,RICHMOND,1,Tuesday
14217,RECOVERED VEHICLE,12,RICHMOND,1,Wednesday
14218,RECOVERED VEHICLE,12,SOUTHERN,2,Friday
14219,RECOVERED VEHICLE,12,SOUTHERN,1,Sunday
14220,RECOVERED VEHICLE,12,SOUTHERN,4,Tuesday
14221,RECOVERED VEHICLE,12,SOUTHERN,1,Wednesday
14222,RECOVERED VEHICLE,12,TARAVAL,1,Monday
14223,RECOVERED VEHICLE,12,TARAVAL,1,Thursday
14224,RECOVERED VEHICLE,12,TARAVAL,2,Tuesday
14225,RECOVERED VEHICLE,12,TARAVAL,1,Wednesday
14226,RECOVERED VEHICLE,12,TENDERLOIN,1,Monday
14227,RECOVERED VEHICLE,12,TENDERLOIN,1,Saturday
14228,RECOVERED VEHICLE,13,BAYVIEW,3,Friday
14229,RECOVERED VEHICLE,13,BAYVIEW,3,Monday
14230,RECOVERED VEHICLE,13,BAYVIEW,1,Saturday
14231,RECOVERED VEHICLE,13,BAYVIEW,2,Sunday
14232,RECOVERED VEHICLE,13,BAYVIEW,3,Thursday
14233,RECOVERED VEHICLE,13,BAYVIEW,4,Tuesday
14234,RECOVERED VEHICLE,13,CENTRAL,1,Monday
14235,RECOVERED VEHICLE,13,CENTRAL,1,Saturday
14236,RECOVERED VEHICLE,13,CENTRAL,1,Tuesday
14237,RECOVERED VEHICLE,13,INGLESIDE,1,Saturday
14238,RECOVERED VEHICLE,13,INGLESIDE,2,Thursday
14239,RECOVERED VEHICLE,13,INGLESIDE,2,Tuesday
14240,RECOVERED VEHICLE,13,MISSION,1,Saturday
14241,RECOVERED VEHICLE,13,MISSION,1,Thursday
14242,RECOVERED VEHICLE,13,NORTHERN,1,Monday
14243,RECOVERED VEHICLE,13,NORTHERN,1,Tuesday
14244,RECOVERED VEHICLE,13,PARK,1,Tuesday
14245,RECOVERED VEHICLE,13,PARK,2,Wednesday
14246,RECOVERED VEHICLE,13,RICHMOND,1,Monday
14247,RECOVERED VEHICLE,13,SOUTHERN,2,Friday
14248,RECOVERED VEHICLE,13,SOUTHERN,1,Tuesday
14249,RECOVERED VEHICLE,13,TARAVAL,1,Friday
14250,RECOVERED VEHICLE,13,TARAVAL,1,Monday
14251,RECOVERED VEHICLE,13,TARAVAL,1,Saturday
14252,RECOVERED VEHICLE,13,TARAVAL,1,Sunday
14253,RECOVERED VEHICLE,13,TARAVAL,1,Tuesday
14254,RECOVERED VEHICLE,13,TARAVAL,1,Wednesday
14255,RECOVERED VEHICLE,13,TENDERLOIN,1,Tuesday
14256,RECOVERED VEHICLE,13,TENDERLOIN,2,Wednesday
14257,RECOVERED VEHICLE,14,BAYVIEW,4,Friday
14258,RECOVERED VEHICLE,14,BAYVIEW,2,Monday
14259,RECOVERED VEHICLE,14,BAYVIEW,5,Saturday
14260,RECOVERED VEHICLE,14,BAYVIEW,2,Sunday
14261,RECOVERED VEHICLE,14,BAYVIEW,2,Thursday
14262,RECOVERED VEHICLE,14,BAYVIEW,1,Tuesday
14263,RECOVERED VEHICLE,14,CENTRAL,1,Monday
14264,RECOVERED VEHICLE,14,INGLESIDE,1,Saturday
14265,RECOVERED VEHICLE,14,INGLESIDE,4,Wednesday
14266,RECOVERED VEHICLE,14,MISSION,1,Friday
14267,RECOVERED VEHICLE,14,MISSION,1,Wednesday
14268,RECOVERED VEHICLE,14,NORTHERN,3,Friday
14269,RECOVERED VEHICLE,14,NORTHERN,1,Wednesday
14270,RECOVERED VEHICLE,14,RICHMOND,1,Friday
14271,RECOVERED VEHICLE,14,RICHMOND,1,Tuesday
14272,RECOVERED VEHICLE,14,SOUTHERN,2,Friday
14273,RECOVERED VEHICLE,14,SOUTHERN,1,Thursday
14274,RECOVERED VEHICLE,14,SOUTHERN,1,Tuesday
14275,RECOVERED VEHICLE,14,TARAVAL,1,Sunday
14276,RECOVERED VEHICLE,14,TARAVAL,2,Thursday
14277,RECOVERED VEHICLE,14,TENDERLOIN,1,Tuesday
14278,RECOVERED VEHICLE,15,BAYVIEW,2,Sunday
14279,RECOVERED VEHICLE,15,BAYVIEW,2,Tuesday
14280,RECOVERED VEHICLE,15,BAYVIEW,1,Wednesday
14281,RECOVERED VEHICLE,15,CENTRAL,1,Sunday
14282,RECOVERED VEHICLE,15,CENTRAL,1,Wednesday
14283,RECOVERED VEHICLE,15,INGLESIDE,1,Saturday
14284,RECOVERED VEHICLE,15,INGLESIDE,1,Thursday
14285,RECOVERED VEHICLE,15,INGLESIDE,1,Tuesday
14286,RECOVERED VEHICLE,15,INGLESIDE,3,Wednesday
14287,RECOVERED VEHICLE,15,MISSION,1,Tuesday
14288,RECOVERED VEHICLE,15,MISSION,1,Wednesday
14289,RECOVERED VEHICLE,15,NORTHERN,1,Saturday
14290,RECOVERED VEHICLE,15,PARK,1,Wednesday
14291,RECOVERED VEHICLE,15,RICHMOND,1,Sunday
14292,RECOVERED VEHICLE,15,RICHMOND,1,Thursday
14293,RECOVERED VEHICLE,15,RICHMOND,1,Wednesday
14294,RECOVERED VEHICLE,15,SOUTHERN,1,Friday
14295,RECOVERED VEHICLE,15,SOUTHERN,3,Monday
14296,RECOVERED VEHICLE,15,SOUTHERN,1,Sunday
14297,RECOVERED VEHICLE,15,SOUTHERN,3,Thursday
14298,RECOVERED VEHICLE,15,SOUTHERN,1,Tuesday
14299,RECOVERED VEHICLE,15,TARAVAL,1,Friday
14300,RECOVERED VEHICLE,15,TARAVAL,1,Monday
14301,RECOVERED VEHICLE,15,TARAVAL,2,Thursday
14302,RECOVERED VEHICLE,15,TARAVAL,1,Tuesday
14303,RECOVERED VEHICLE,15,TENDERLOIN,1,Friday
14304,RECOVERED VEHICLE,15,TENDERLOIN,1,Sunday
14305,RECOVERED VEHICLE,16,BAYVIEW,1,Friday
14306,RECOVERED VEHICLE,16,BAYVIEW,1,Monday
14307,RECOVERED VEHICLE,16,BAYVIEW,1,Thursday
14308,RECOVERED VEHICLE,16,BAYVIEW,3,Tuesday
14309,RECOVERED VEHICLE,16,BAYVIEW,1,Wednesday
14310,RECOVERED VEHICLE,16,CENTRAL,2,Friday
14311,RECOVERED VEHICLE,16,CENTRAL,1,Saturday
14312,RECOVERED VEHICLE,16,CENTRAL,1,Sunday
14313,RECOVERED VEHICLE,16,CENTRAL,2,Thursday
14314,RECOVERED VEHICLE,16,CENTRAL,1,Tuesday
14315,RECOVERED VEHICLE,16,CENTRAL,1,Wednesday
14316,RECOVERED VEHICLE,16,INGLESIDE,1,Tuesday
14317,RECOVERED VEHICLE,16,INGLESIDE,1,Wednesday
14318,RECOVERED VEHICLE,16,MISSION,2,Tuesday
14319,RECOVERED VEHICLE,16,MISSION,1,Wednesday
14320,RECOVERED VEHICLE,16,NORTHERN,3,Tuesday
14321,RECOVERED VEHICLE,16,PARK,2,Friday
14322,RECOVERED VEHICLE,16,PARK,1,Tuesday
14323,RECOVERED VEHICLE,16,RICHMOND,1,Friday
14324,RECOVERED VEHICLE,16,SOUTHERN,1,Friday
14325,RECOVERED VEHICLE,16,SOUTHERN,1,Monday
14326,RECOVERED VEHICLE,16,SOUTHERN,1,Saturday
14327,RECOVERED VEHICLE,16,SOUTHERN,2,Thursday
14328,RECOVERED VEHICLE,16,SOUTHERN,1,Tuesday
14329,RECOVERED VEHICLE,16,SOUTHERN,4,Wednesday
14330,RECOVERED VEHICLE,16,TARAVAL,1,Tuesday
14331,RECOVERED VEHICLE,16,TARAVAL,1,Wednesday
14332,RECOVERED VEHICLE,16,TENDERLOIN,1,Friday
14333,RECOVERED VEHICLE,16,TENDERLOIN,3,Thursday
14334,RECOVERED VEHICLE,17,BAYVIEW,2,Friday
14335,RECOVERED VEHICLE,17,BAYVIEW,1,Monday
14336,RECOVERED VEHICLE,17,BAYVIEW,1,Saturday
14337,RECOVERED VEHICLE,17,BAYVIEW,1,Sunday
14338,RECOVERED VEHICLE,17,BAYVIEW,2,Thursday
14339,RECOVERED VEHICLE,17,BAYVIEW,4,Tuesday
14340,RECOVERED VEHICLE,17,CENTRAL,1,Monday
14341,RECOVERED VEHICLE,17,CENTRAL,1,Saturday
14342,RECOVERED VEHICLE,17,CENTRAL,1,Thursday
14343,RECOVERED VEHICLE,17,INGLESIDE,2,Monday
14344,RECOVERED VEHICLE,17,INGLESIDE,1,Sunday
14345,RECOVERED VEHICLE,17,INGLESIDE,1,Thursday
14346,RECOVERED VEHICLE,17,INGLESIDE,1,Tuesday
14347,RECOVERED VEHICLE,17,INGLESIDE,1,Wednesday
14348,RECOVERED VEHICLE,17,MISSION,1,Wednesday
14349,RECOVERED VEHICLE,17,NORTHERN,1,Friday
14350,RECOVERED VEHICLE,17,NORTHERN,1,Monday
14351,RECOVERED VEHICLE,17,NORTHERN,1,Saturday
14352,RECOVERED VEHICLE,17,NORTHERN,1,Wednesday
14353,RECOVERED VEHICLE,17,PARK,1,Monday
14354,RECOVERED VEHICLE,17,PARK,1,Tuesday
14355,RECOVERED VEHICLE,17,RICHMOND,1,Friday
14356,RECOVERED VEHICLE,17,RICHMOND,1,Sunday
14357,RECOVERED VEHICLE,17,SOUTHERN,1,Friday
14358,RECOVERED VEHICLE,17,SOUTHERN,1,Monday
14359,RECOVERED VEHICLE,17,SOUTHERN,1,Tuesday
14360,RECOVERED VEHICLE,17,TARAVAL,1,Friday
14361,RECOVERED VEHICLE,17,TARAVAL,1,Saturday
14362,RECOVERED VEHICLE,17,TARAVAL,1,Wednesday
14363,RECOVERED VEHICLE,17,TENDERLOIN,1,Monday
14364,RECOVERED VEHICLE,17,TENDERLOIN,1,Saturday
14365,RECOVERED VEHICLE,18,BAYVIEW,1,Friday
14366,RECOVERED VEHICLE,18,BAYVIEW,1,Monday
14367,RECOVERED VEHICLE,18,BAYVIEW,1,Wednesday
14368,RECOVERED VEHICLE,18,CENTRAL,1,Friday
14369,RECOVERED VEHICLE,18,CENTRAL,1,Wednesday
14370,RECOVERED VEHICLE,18,INGLESIDE,1,Saturday
14371,RECOVERED VEHICLE,18,INGLESIDE,4,Thursday
14372,RECOVERED VEHICLE,18,INGLESIDE,2,Wednesday
14373,RECOVERED VEHICLE,18,MISSION,3,Saturday
14374,RECOVERED VEHICLE,18,MISSION,1,Sunday
14375,RECOVERED VEHICLE,18,MISSION,1,Tuesday
14376,RECOVERED VEHICLE,18,NORTHERN,1,Wednesday
14377,RECOVERED VEHICLE,18,PARK,1,Saturday
14378,RECOVERED VEHICLE,18,PARK,1,Sunday
14379,RECOVERED VEHICLE,18,RICHMOND,1,Thursday
14380,RECOVERED VEHICLE,18,SOUTHERN,1,Sunday
14381,RECOVERED VEHICLE,18,SOUTHERN,1,Tuesday
14382,RECOVERED VEHICLE,18,SOUTHERN,1,Wednesday
14383,RECOVERED VEHICLE,18,TARAVAL,1,Wednesday
14384,RECOVERED VEHICLE,18,TENDERLOIN,2,Monday
14385,RECOVERED VEHICLE,19,BAYVIEW,1,Friday
14386,RECOVERED VEHICLE,19,BAYVIEW,1,Saturday
14387,RECOVERED VEHICLE,19,BAYVIEW,1,Sunday
14388,RECOVERED VEHICLE,19,BAYVIEW,1,Tuesday
14389,RECOVERED VEHICLE,19,CENTRAL,1,Saturday
14390,RECOVERED VEHICLE,19,CENTRAL,1,Wednesday
14391,RECOVERED VEHICLE,19,INGLESIDE,2,Friday
14392,RECOVERED VEHICLE,19,INGLESIDE,1,Monday
14393,RECOVERED VEHICLE,19,INGLESIDE,2,Saturday
14394,RECOVERED VEHICLE,19,INGLESIDE,1,Thursday
14395,RECOVERED VEHICLE,19,INGLESIDE,2,Tuesday
14396,RECOVERED VEHICLE,19,NORTHERN,1,Friday
14397,RECOVERED VEHICLE,19,NORTHERN,2,Monday
14398,RECOVERED VEHICLE,19,NORTHERN,2,Sunday
14399,RECOVERED VEHICLE,19,NORTHERN,3,Tuesday
14400,RECOVERED VEHICLE,19,RICHMOND,1,Thursday
14401,RECOVERED VEHICLE,19,SOUTHERN,1,Monday
14402,RECOVERED VEHICLE,19,SOUTHERN,1,Saturday
14403,RECOVERED VEHICLE,19,SOUTHERN,1,Sunday
14404,RECOVERED VEHICLE,19,SOUTHERN,3,Thursday
14405,RECOVERED VEHICLE,19,SOUTHERN,1,Tuesday
14406,RECOVERED VEHICLE,19,SOUTHERN,1,Wednesday
14407,RECOVERED VEHICLE,19,TARAVAL,1,Monday
14408,RECOVERED VEHICLE,19,TARAVAL,1,Sunday
14409,RECOVERED VEHICLE,19,TENDERLOIN,1,Monday
14410,RECOVERED VEHICLE,19,TENDERLOIN,1,Wednesday
14411,RECOVERED VEHICLE,20,BAYVIEW,1,Thursday
14412,RECOVERED VEHICLE,20,BAYVIEW,1,Tuesday
14413,RECOVERED VEHICLE,20,CENTRAL,1,Monday
14414,RECOVERED VEHICLE,20,INGLESIDE,1,Friday
14415,RECOVERED VEHICLE,20,INGLESIDE,1,Monday
14416,RECOVERED VEHICLE,20,MISSION,1,Friday
14417,RECOVERED VEHICLE,20,NORTHERN,1,Friday
14418,RECOVERED VEHICLE,20,SOUTHERN,1,Friday
14419,RECOVERED VEHICLE,20,SOUTHERN,2,Monday
14420,RECOVERED VEHICLE,20,SOUTHERN,2,Thursday
14421,RECOVERED VEHICLE,20,TENDERLOIN,1,Saturday
14422,RECOVERED VEHICLE,20,TENDERLOIN,2,Thursday
14423,RECOVERED VEHICLE,21,BAYVIEW,1,Monday
14424,RECOVERED VEHICLE,21,BAYVIEW,2,Thursday
14425,RECOVERED VEHICLE,21,BAYVIEW,1,Tuesday
14426,RECOVERED VEHICLE,21,CENTRAL,1,Saturday
14427,RECOVERED VEHICLE,21,CENTRAL,1,Wednesday
14428,RECOVERED VEHICLE,21,INGLESIDE,1,Friday
14429,RECOVERED VEHICLE,21,INGLESIDE,1,Saturday
14430,RECOVERED VEHICLE,21,INGLESIDE,2,Sunday
14431,RECOVERED VEHICLE,21,INGLESIDE,2,Tuesday
14432,RECOVERED VEHICLE,21,MISSION,1,Monday
14433,RECOVERED VEHICLE,21,MISSION,1,Sunday
14434,RECOVERED VEHICLE,21,MISSION,1,Thursday
14435,RECOVERED VEHICLE,21,NORTHERN,1,Friday
14436,RECOVERED VEHICLE,21,NORTHERN,1,Monday
14437,RECOVERED VEHICLE,21,NORTHERN,1,Thursday
14438,RECOVERED VEHICLE,21,NORTHERN,2,Tuesday
14439,RECOVERED VEHICLE,21,TENDERLOIN,1,Friday
14440,RECOVERED VEHICLE,21,TENDERLOIN,1,Sunday
14441,RECOVERED VEHICLE,21,TENDERLOIN,1,Tuesday
14442,RECOVERED VEHICLE,22,BAYVIEW,1,Monday
14443,RECOVERED VEHICLE,22,BAYVIEW,1,Tuesday
14444,RECOVERED VEHICLE,22,BAYVIEW,1,Wednesday
14445,RECOVERED VEHICLE,22,INGLESIDE,1,Friday
14446,RECOVERED VEHICLE,22,INGLESIDE,1,Monday
14447,RECOVERED VEHICLE,22,INGLESIDE,1,Sunday
14448,RECOVERED VEHICLE,22,INGLESIDE,1,Thursday
14449,RECOVERED VEHICLE,22,INGLESIDE,1,Tuesday
14450,RECOVERED VEHICLE,22,MISSION,1,Wednesday
14451,RECOVERED VEHICLE,22,NORTHERN,1,Thursday
14452,RECOVERED VEHICLE,22,PARK,1,Monday
14453,RECOVERED VEHICLE,22,RICHMOND,1,Saturday
14454,RECOVERED VEHICLE,22,SOUTHERN,2,Wednesday
14455,RECOVERED VEHICLE,22,TENDERLOIN,1,Sunday
14456,RECOVERED VEHICLE,22,TENDERLOIN,1,Tuesday
14457,RECOVERED VEHICLE,23,BAYVIEW,1,Friday
14458,RECOVERED VEHICLE,23,BAYVIEW,1,Saturday
14459,RECOVERED VEHICLE,23,BAYVIEW,2,Wednesday
14460,RECOVERED VEHICLE,23,INGLESIDE,2,Monday
14461,RECOVERED VEHICLE,23,INGLESIDE,1,Wednesday
14462,RECOVERED VEHICLE,23,MISSION,3,Friday
14463,RECOVERED VEHICLE,23,MISSION,1,Monday
14464,RECOVERED VEHICLE,23,MISSION,1,Saturday
14465,RECOVERED VEHICLE,23,MISSION,2,Thursday
14466,RECOVERED VEHICLE,23,NORTHERN,1,Monday
14467,RECOVERED VEHICLE,23,NORTHERN,1,Saturday
14468,RECOVERED VEHICLE,23,NORTHERN,1,Sunday
14469,RECOVERED VEHICLE,23,NORTHERN,1,Tuesday
14470,RECOVERED VEHICLE,23,NORTHERN,1,Wednesday
14471,RECOVERED VEHICLE,23,PARK,1,Saturday
14472,RECOVERED VEHICLE,23,PARK,1,Thursday
14473,RECOVERED VEHICLE,23,RICHMOND,2,Monday
14474,RECOVERED VEHICLE,23,RICHMOND,2,Sunday
14475,RECOVERED VEHICLE,23,RICHMOND,1,Thursday
14476,RECOVERED VEHICLE,23,RICHMOND,1,Wednesday
14477,RECOVERED VEHICLE,23,SOUTHERN,1,Monday
14478,RECOVERED VEHICLE,23,SOUTHERN,1,Sunday
14479,RECOVERED VEHICLE,23,SOUTHERN,1,Tuesday
14480,RECOVERED VEHICLE,23,SOUTHERN,1,Wednesday
14481,RECOVERED VEHICLE,23,TARAVAL,1,Friday
14482,ROBBERY,00,BAYVIEW,1,Friday
14483,ROBBERY,00,BAYVIEW,2,Monday
14484,ROBBERY,00,BAYVIEW,4,Saturday
14485,ROBBERY,00,BAYVIEW,2,Sunday
14486,ROBBERY,00,BAYVIEW,5,Thursday
14487,ROBBERY,00,BAYVIEW,3,Tuesday
14488,ROBBERY,00,BAYVIEW,3,Wednesday
14489,ROBBERY,00,CENTRAL,2,Friday
14490,ROBBERY,00,CENTRAL,6,Saturday
14491,ROBBERY,00,CENTRAL,5,Sunday
14492,ROBBERY,00,CENTRAL,3,Thursday
14493,ROBBERY,00,CENTRAL,1,Tuesday
14494,ROBBERY,00,CENTRAL,4,Wednesday
14495,ROBBERY,00,INGLESIDE,2,Saturday
14496,ROBBERY,00,INGLESIDE,2,Sunday
14497,ROBBERY,00,INGLESIDE,1,Tuesday
14498,ROBBERY,00,INGLESIDE,2,Wednesday
14499,ROBBERY,00,MISSION,4,Friday
14500,ROBBERY,00,MISSION,2,Monday
14501,ROBBERY,00,MISSION,9,Saturday
14502,ROBBERY,00,MISSION,5,Sunday
14503,ROBBERY,00,MISSION,3,Thursday
14504,ROBBERY,00,MISSION,3,Tuesday
14505,ROBBERY,00,MISSION,1,Wednesday
14506,ROBBERY,00,NORTHERN,3,Friday
14507,ROBBERY,00,NORTHERN,2,Monday
14508,ROBBERY,00,NORTHERN,3,Saturday
14509,ROBBERY,00,NORTHERN,5,Sunday
14510,ROBBERY,00,NORTHERN,2,Thursday
14511,ROBBERY,00,NORTHERN,1,Tuesday
14512,ROBBERY,00,NORTHERN,3,Wednesday
14513,ROBBERY,00,PARK,2,Friday
14514,ROBBERY,00,PARK,1,Monday
14515,ROBBERY,00,PARK,1,Saturday
14516,ROBBERY,00,PARK,1,Sunday
14517,ROBBERY,00,PARK,1,Thursday
14518,ROBBERY,00,PARK,1,Wednesday
14519,ROBBERY,00,RICHMOND,1,Monday
14520,ROBBERY,00,RICHMOND,2,Thursday
14521,ROBBERY,00,RICHMOND,2,Wednesday
14522,ROBBERY,00,SOUTHERN,4,Friday
14523,ROBBERY,00,SOUTHERN,6,Monday
14524,ROBBERY,00,SOUTHERN,2,Saturday
14525,ROBBERY,00,SOUTHERN,8,Sunday
14526,ROBBERY,00,SOUTHERN,3,Thursday
14527,ROBBERY,00,SOUTHERN,3,Tuesday
14528,ROBBERY,00,SOUTHERN,4,Wednesday
14529,ROBBERY,00,TARAVAL,1,Monday
14530,ROBBERY,00,TARAVAL,2,Saturday
14531,ROBBERY,00,TARAVAL,4,Thursday
14532,ROBBERY,00,TARAVAL,1,Tuesday
14533,ROBBERY,00,TARAVAL,1,Wednesday
14534,ROBBERY,00,TENDERLOIN,3,Friday
14535,ROBBERY,00,TENDERLOIN,2,Saturday
14536,ROBBERY,00,TENDERLOIN,2,Sunday
14537,ROBBERY,00,TENDERLOIN,5,Thursday
14538,ROBBERY,00,TENDERLOIN,3,Tuesday
14539,ROBBERY,00,TENDERLOIN,7,Wednesday
14540,ROBBERY,01,BAYVIEW,1,Friday
14541,ROBBERY,01,BAYVIEW,2,Monday
14542,ROBBERY,01,BAYVIEW,1,Thursday
14543,ROBBERY,01,BAYVIEW,1,Tuesday
14544,ROBBERY,01,CENTRAL,3,Friday
14545,ROBBERY,01,CENTRAL,1,Monday
14546,ROBBERY,01,CENTRAL,8,Saturday
14547,ROBBERY,01,CENTRAL,6,Sunday
14548,ROBBERY,01,CENTRAL,4,Tuesday
14549,ROBBERY,01,CENTRAL,2,Wednesday
14550,ROBBERY,01,INGLESIDE,2,Friday
14551,ROBBERY,01,INGLESIDE,4,Saturday
14552,ROBBERY,01,INGLESIDE,4,Sunday
14553,ROBBERY,01,INGLESIDE,2,Thursday
14554,ROBBERY,01,INGLESIDE,6,Tuesday
14555,ROBBERY,01,INGLESIDE,1,Wednesday
14556,ROBBERY,01,MISSION,7,Friday
14557,ROBBERY,01,MISSION,6,Monday
14558,ROBBERY,01,MISSION,7,Saturday
14559,ROBBERY,01,MISSION,8,Sunday
14560,ROBBERY,01,MISSION,5,Thursday
14561,ROBBERY,01,MISSION,2,Tuesday
14562,ROBBERY,01,MISSION,4,Wednesday
14563,ROBBERY,01,NORTHERN,1,Monday
14564,ROBBERY,01,NORTHERN,4,Saturday
14565,ROBBERY,01,NORTHERN,2,Sunday
14566,ROBBERY,01,NORTHERN,3,Thursday
14567,ROBBERY,01,NORTHERN,3,Tuesday
14568,ROBBERY,01,PARK,1,Friday
14569,ROBBERY,01,PARK,1,Saturday
14570,ROBBERY,01,PARK,1,Sunday
14571,ROBBERY,01,PARK,1,Thursday
14572,ROBBERY,01,PARK,2,Tuesday
14573,ROBBERY,01,PARK,2,Wednesday
14574,ROBBERY,01,RICHMOND,1,Monday
14575,ROBBERY,01,RICHMOND,2,Sunday
14576,ROBBERY,01,SOUTHERN,4,Friday
14577,ROBBERY,01,SOUTHERN,2,Monday
14578,ROBBERY,01,SOUTHERN,6,Saturday
14579,ROBBERY,01,SOUTHERN,14,Sunday
14580,ROBBERY,01,SOUTHERN,2,Thursday
14581,ROBBERY,01,SOUTHERN,5,Tuesday
14582,ROBBERY,01,SOUTHERN,3,Wednesday
14583,ROBBERY,01,TARAVAL,2,Saturday
14584,ROBBERY,01,TARAVAL,1,Sunday
14585,ROBBERY,01,TARAVAL,1,Tuesday
14586,ROBBERY,01,TARAVAL,2,Wednesday
14587,ROBBERY,01,TENDERLOIN,4,Friday
14588,ROBBERY,01,TENDERLOIN,4,Monday
14589,ROBBERY,01,TENDERLOIN,2,Saturday
14590,ROBBERY,01,TENDERLOIN,6,Sunday
14591,ROBBERY,01,TENDERLOIN,2,Thursday
14592,ROBBERY,01,TENDERLOIN,3,Tuesday
14593,ROBBERY,01,TENDERLOIN,1,Wednesday
14594,ROBBERY,02,BAYVIEW,1,Monday
14595,ROBBERY,02,BAYVIEW,5,Saturday
14596,ROBBERY,02,BAYVIEW,3,Sunday
14597,ROBBERY,02,BAYVIEW,2,Thursday
14598,ROBBERY,02,BAYVIEW,2,Tuesday
14599,ROBBERY,02,BAYVIEW,1,Wednesday
14600,ROBBERY,02,CENTRAL,3,Friday
14601,ROBBERY,02,CENTRAL,3,Monday
14602,ROBBERY,02,CENTRAL,5,Saturday
14603,ROBBERY,02,CENTRAL,4,Sunday
14604,ROBBERY,02,CENTRAL,2,Thursday
14605,ROBBERY,02,CENTRAL,4,Tuesday
14606,ROBBERY,02,CENTRAL,1,Wednesday
14607,ROBBERY,02,INGLESIDE,2,Friday
14608,ROBBERY,02,INGLESIDE,3,Monday
14609,ROBBERY,02,INGLESIDE,3,Saturday
14610,ROBBERY,02,INGLESIDE,4,Sunday
14611,ROBBERY,02,INGLESIDE,1,Thursday
14612,ROBBERY,02,INGLESIDE,1,Tuesday
14613,ROBBERY,02,MISSION,8,Friday
14614,ROBBERY,02,MISSION,6,Monday
14615,ROBBERY,02,MISSION,17,Saturday
14616,ROBBERY,02,MISSION,11,Sunday
14617,ROBBERY,02,MISSION,7,Thursday
14618,ROBBERY,02,MISSION,3,Tuesday
14619,ROBBERY,02,MISSION,5,Wednesday
14620,ROBBERY,02,NORTHERN,7,Friday
14621,ROBBERY,02,NORTHERN,3,Monday
14622,ROBBERY,02,NORTHERN,5,Saturday
14623,ROBBERY,02,NORTHERN,3,Sunday
14624,ROBBERY,02,NORTHERN,2,Thursday
14625,ROBBERY,02,NORTHERN,2,Tuesday
14626,ROBBERY,02,NORTHERN,2,Wednesday
14627,ROBBERY,02,PARK,1,Sunday
14628,ROBBERY,02,RICHMOND,2,Friday
14629,ROBBERY,02,RICHMOND,2,Saturday
14630,ROBBERY,02,RICHMOND,1,Sunday
14631,ROBBERY,02,RICHMOND,1,Thursday
14632,ROBBERY,02,SOUTHERN,1,Friday
14633,ROBBERY,02,SOUTHERN,6,Monday
14634,ROBBERY,02,SOUTHERN,6,Saturday
14635,ROBBERY,02,SOUTHERN,7,Sunday
14636,ROBBERY,02,SOUTHERN,3,Thursday
14637,ROBBERY,02,SOUTHERN,2,Tuesday
14638,ROBBERY,02,SOUTHERN,1,Wednesday
14639,ROBBERY,02,TARAVAL,1,Monday
14640,ROBBERY,02,TARAVAL,1,Tuesday
14641,ROBBERY,02,TARAVAL,1,Wednesday
14642,ROBBERY,02,TENDERLOIN,4,Friday
14643,ROBBERY,02,TENDERLOIN,1,Monday
14644,ROBBERY,02,TENDERLOIN,2,Saturday
14645,ROBBERY,02,TENDERLOIN,1,Sunday
14646,ROBBERY,02,TENDERLOIN,2,Thursday
14647,ROBBERY,02,TENDERLOIN,6,Tuesday
14648,ROBBERY,02,TENDERLOIN,4,Wednesday
14649,ROBBERY,03,BAYVIEW,2,Monday
14650,ROBBERY,03,BAYVIEW,3,Saturday
14651,ROBBERY,03,BAYVIEW,2,Sunday
14652,ROBBERY,03,BAYVIEW,1,Thursday
14653,ROBBERY,03,BAYVIEW,1,Tuesday
14654,ROBBERY,03,CENTRAL,1,Friday
14655,ROBBERY,03,CENTRAL,4,Saturday
14656,ROBBERY,03,CENTRAL,4,Sunday
14657,ROBBERY,03,CENTRAL,3,Thursday
14658,ROBBERY,03,CENTRAL,1,Tuesday
14659,ROBBERY,03,CENTRAL,1,Wednesday
14660,ROBBERY,03,INGLESIDE,2,Friday
14661,ROBBERY,03,INGLESIDE,4,Saturday
14662,ROBBERY,03,INGLESIDE,1,Sunday
14663,ROBBERY,03,INGLESIDE,3,Thursday
14664,ROBBERY,03,INGLESIDE,1,Tuesday
14665,ROBBERY,03,INGLESIDE,1,Wednesday
14666,ROBBERY,03,MISSION,2,Friday
14667,ROBBERY,03,MISSION,3,Monday
14668,ROBBERY,03,MISSION,4,Saturday
14669,ROBBERY,03,MISSION,9,Sunday
14670,ROBBERY,03,MISSION,3,Thursday
14671,ROBBERY,03,MISSION,3,Tuesday
14672,ROBBERY,03,MISSION,2,Wednesday
14673,ROBBERY,03,NORTHERN,5,Friday
14674,ROBBERY,03,NORTHERN,1,Monday
14675,ROBBERY,03,NORTHERN,4,Saturday
14676,ROBBERY,03,NORTHERN,3,Sunday
14677,ROBBERY,03,NORTHERN,1,Thursday
14678,ROBBERY,03,NORTHERN,1,Tuesday
14679,ROBBERY,03,NORTHERN,3,Wednesday
14680,ROBBERY,03,PARK,1,Saturday
14681,ROBBERY,03,RICHMOND,1,Sunday
14682,ROBBERY,03,RICHMOND,1,Tuesday
14683,ROBBERY,03,RICHMOND,1,Wednesday
14684,ROBBERY,03,SOUTHERN,1,Monday
14685,ROBBERY,03,SOUTHERN,3,Saturday
14686,ROBBERY,03,SOUTHERN,4,Sunday
14687,ROBBERY,03,SOUTHERN,6,Thursday
14688,ROBBERY,03,SOUTHERN,1,Tuesday
14689,ROBBERY,03,SOUTHERN,1,Wednesday
14690,ROBBERY,03,TARAVAL,2,Thursday
14691,ROBBERY,03,TENDERLOIN,2,Monday
14692,ROBBERY,03,TENDERLOIN,1,Saturday
14693,ROBBERY,03,TENDERLOIN,5,Sunday
14694,ROBBERY,03,TENDERLOIN,1,Thursday
14695,ROBBERY,03,TENDERLOIN,1,Tuesday
14696,ROBBERY,03,TENDERLOIN,1,Wednesday
14697,ROBBERY,04,BAYVIEW,2,Monday
14698,ROBBERY,04,BAYVIEW,1,Sunday
14699,ROBBERY,04,BAYVIEW,2,Thursday
14700,ROBBERY,04,BAYVIEW,1,Tuesday
14701,ROBBERY,04,CENTRAL,1,Monday
14702,ROBBERY,04,CENTRAL,2,Saturday
14703,ROBBERY,04,CENTRAL,1,Sunday
14704,ROBBERY,04,CENTRAL,1,Thursday
14705,ROBBERY,04,CENTRAL,2,Wednesday
14706,ROBBERY,04,INGLESIDE,1,Monday
14707,ROBBERY,04,INGLESIDE,1,Sunday
14708,ROBBERY,04,INGLESIDE,1,Tuesday
14709,ROBBERY,04,INGLESIDE,3,Wednesday
14710,ROBBERY,04,MISSION,4,Friday
14711,ROBBERY,04,MISSION,1,Monday
14712,ROBBERY,04,MISSION,4,Saturday
14713,ROBBERY,04,MISSION,5,Sunday
14714,ROBBERY,04,MISSION,1,Thursday
14715,ROBBERY,04,MISSION,1,Tuesday
14716,ROBBERY,04,MISSION,1,Wednesday
14717,ROBBERY,04,NORTHERN,1,Friday
14718,ROBBERY,04,NORTHERN,2,Monday
14719,ROBBERY,04,NORTHERN,3,Saturday
14720,ROBBERY,04,NORTHERN,1,Sunday
14721,ROBBERY,04,NORTHERN,5,Thursday
14722,ROBBERY,04,NORTHERN,1,Wednesday
14723,ROBBERY,04,PARK,1,Saturday
14724,ROBBERY,04,PARK,1,Thursday
14725,ROBBERY,04,PARK,1,Wednesday
14726,ROBBERY,04,SOUTHERN,2,Friday
14727,ROBBERY,04,SOUTHERN,2,Monday
14728,ROBBERY,04,SOUTHERN,4,Saturday
14729,ROBBERY,04,SOUTHERN,2,Sunday
14730,ROBBERY,04,SOUTHERN,4,Tuesday
14731,ROBBERY,04,SOUTHERN,2,Wednesday
14732,ROBBERY,04,TENDERLOIN,2,Friday
14733,ROBBERY,04,TENDERLOIN,3,Monday
14734,ROBBERY,04,TENDERLOIN,2,Saturday
14735,ROBBERY,04,TENDERLOIN,2,Sunday
14736,ROBBERY,04,TENDERLOIN,5,Thursday
14737,ROBBERY,04,TENDERLOIN,2,Tuesday
14738,ROBBERY,05,BAYVIEW,1,Saturday
14739,ROBBERY,05,BAYVIEW,2,Thursday
14740,ROBBERY,05,BAYVIEW,1,Wednesday
14741,ROBBERY,05,CENTRAL,1,Friday
14742,ROBBERY,05,CENTRAL,2,Saturday
14743,ROBBERY,05,CENTRAL,1,Sunday
14744,ROBBERY,05,CENTRAL,1,Tuesday
14745,ROBBERY,05,CENTRAL,1,Wednesday
14746,ROBBERY,05,INGLESIDE,2,Friday
14747,ROBBERY,05,INGLESIDE,1,Sunday
14748,ROBBERY,05,INGLESIDE,2,Thursday
14749,ROBBERY,05,MISSION,4,Saturday
14750,ROBBERY,05,MISSION,5,Sunday
14751,ROBBERY,05,MISSION,1,Thursday
14752,ROBBERY,05,MISSION,1,Tuesday
14753,ROBBERY,05,NORTHERN,2,Monday
14754,ROBBERY,05,NORTHERN,1,Saturday
14755,ROBBERY,05,NORTHERN,2,Sunday
14756,ROBBERY,05,NORTHERN,1,Thursday
14757,ROBBERY,05,PARK,1,Friday
14758,ROBBERY,05,PARK,2,Saturday
14759,ROBBERY,05,PARK,1,Sunday
14760,ROBBERY,05,RICHMOND,2,Thursday
14761,ROBBERY,05,SOUTHERN,1,Monday
14762,ROBBERY,05,SOUTHERN,4,Saturday
14763,ROBBERY,05,SOUTHERN,1,Sunday
14764,ROBBERY,05,SOUTHERN,1,Thursday
14765,ROBBERY,05,SOUTHERN,2,Tuesday
14766,ROBBERY,05,SOUTHERN,3,Wednesday
14767,ROBBERY,05,TARAVAL,1,Friday
14768,ROBBERY,05,TARAVAL,1,Sunday
14769,ROBBERY,05,TARAVAL,1,Wednesday
14770,ROBBERY,05,TENDERLOIN,1,Friday
14771,ROBBERY,05,TENDERLOIN,2,Monday
14772,ROBBERY,05,TENDERLOIN,1,Sunday
14773,ROBBERY,05,TENDERLOIN,1,Thursday
14774,ROBBERY,05,TENDERLOIN,1,Wednesday
14775,ROBBERY,06,BAYVIEW,1,Friday
14776,ROBBERY,06,BAYVIEW,1,Monday
14777,ROBBERY,06,BAYVIEW,3,Sunday
14778,ROBBERY,06,CENTRAL,3,Friday
14779,ROBBERY,06,CENTRAL,1,Monday
14780,ROBBERY,06,CENTRAL,1,Saturday
14781,ROBBERY,06,CENTRAL,1,Sunday
14782,ROBBERY,06,CENTRAL,1,Wednesday
14783,ROBBERY,06,INGLESIDE,1,Friday
14784,ROBBERY,06,INGLESIDE,3,Sunday
14785,ROBBERY,06,MISSION,2,Friday
14786,ROBBERY,06,MISSION,4,Sunday
14787,ROBBERY,06,MISSION,3,Thursday
14788,ROBBERY,06,MISSION,3,Tuesday
14789,ROBBERY,06,MISSION,1,Wednesday
14790,ROBBERY,06,NORTHERN,1,Friday
14791,ROBBERY,06,NORTHERN,3,Monday
14792,ROBBERY,06,NORTHERN,2,Saturday
14793,ROBBERY,06,NORTHERN,2,Thursday
14794,ROBBERY,06,NORTHERN,1,Wednesday
14795,ROBBERY,06,PARK,1,Friday
14796,ROBBERY,06,PARK,1,Saturday
14797,ROBBERY,06,PARK,1,Sunday
14798,ROBBERY,06,RICHMOND,1,Monday
14799,ROBBERY,06,SOUTHERN,1,Friday
14800,ROBBERY,06,SOUTHERN,1,Monday
14801,ROBBERY,06,SOUTHERN,1,Saturday
14802,ROBBERY,06,SOUTHERN,2,Sunday
14803,ROBBERY,06,SOUTHERN,7,Thursday
14804,ROBBERY,06,SOUTHERN,1,Tuesday
14805,ROBBERY,06,TARAVAL,1,Monday
14806,ROBBERY,06,TARAVAL,1,Thursday
14807,ROBBERY,06,TENDERLOIN,2,Saturday
14808,ROBBERY,06,TENDERLOIN,1,Thursday
14809,ROBBERY,06,TENDERLOIN,1,Tuesday
14810,ROBBERY,06,TENDERLOIN,1,Wednesday
14811,ROBBERY,07,BAYVIEW,2,Saturday
14812,ROBBERY,07,BAYVIEW,1,Sunday
14813,ROBBERY,07,BAYVIEW,1,Thursday
14814,ROBBERY,07,BAYVIEW,1,Wednesday
14815,ROBBERY,07,CENTRAL,1,Friday
14816,ROBBERY,07,CENTRAL,1,Monday
14817,ROBBERY,07,CENTRAL,2,Saturday
14818,ROBBERY,07,CENTRAL,1,Sunday
14819,ROBBERY,07,CENTRAL,2,Wednesday
14820,ROBBERY,07,INGLESIDE,1,Saturday
14821,ROBBERY,07,INGLESIDE,3,Thursday
14822,ROBBERY,07,INGLESIDE,1,Tuesday
14823,ROBBERY,07,MISSION,1,Friday
14824,ROBBERY,07,MISSION,1,Monday
14825,ROBBERY,07,MISSION,3,Saturday
14826,ROBBERY,07,MISSION,2,Sunday
14827,ROBBERY,07,MISSION,1,Thursday
14828,ROBBERY,07,MISSION,1,Tuesday
14829,ROBBERY,07,NORTHERN,2,Friday
14830,ROBBERY,07,NORTHERN,1,Sunday
14831,ROBBERY,07,NORTHERN,1,Thursday
14832,ROBBERY,07,NORTHERN,1,Wednesday
14833,ROBBERY,07,PARK,1,Tuesday
14834,ROBBERY,07,PARK,1,Wednesday
14835,ROBBERY,07,SOUTHERN,2,Friday
14836,ROBBERY,07,SOUTHERN,2,Monday
14837,ROBBERY,07,SOUTHERN,3,Saturday
14838,ROBBERY,07,SOUTHERN,2,Sunday
14839,ROBBERY,07,SOUTHERN,2,Thursday
14840,ROBBERY,07,SOUTHERN,1,Tuesday
14841,ROBBERY,07,SOUTHERN,1,Wednesday
14842,ROBBERY,07,TARAVAL,1,Saturday
14843,ROBBERY,07,TARAVAL,2,Sunday
14844,ROBBERY,07,TARAVAL,1,Tuesday
14845,ROBBERY,07,TARAVAL,1,Wednesday
14846,ROBBERY,07,TENDERLOIN,1,Friday
14847,ROBBERY,07,TENDERLOIN,1,Sunday
14848,ROBBERY,07,TENDERLOIN,3,Wednesday
14849,ROBBERY,08,BAYVIEW,1,Saturday
14850,ROBBERY,08,BAYVIEW,1,Thursday
14851,ROBBERY,08,BAYVIEW,1,Tuesday
14852,ROBBERY,08,BAYVIEW,1,Wednesday
14853,ROBBERY,08,CENTRAL,4,Monday
14854,ROBBERY,08,CENTRAL,1,Saturday
14855,ROBBERY,08,INGLESIDE,3,Friday
14856,ROBBERY,08,INGLESIDE,1,Monday
14857,ROBBERY,08,INGLESIDE,1,Thursday
14858,ROBBERY,08,INGLESIDE,2,Tuesday
14859,ROBBERY,08,MISSION,1,Friday
14860,ROBBERY,08,MISSION,1,Monday
14861,ROBBERY,08,MISSION,2,Saturday
14862,ROBBERY,08,MISSION,3,Sunday
14863,ROBBERY,08,MISSION,2,Thursday
14864,ROBBERY,08,MISSION,1,Wednesday
14865,ROBBERY,08,NORTHERN,2,Saturday
14866,ROBBERY,08,NORTHERN,2,Thursday
14867,ROBBERY,08,NORTHERN,4,Wednesday
14868,ROBBERY,08,PARK,1,Friday
14869,ROBBERY,08,PARK,1,Monday
14870,ROBBERY,08,RICHMOND,1,Thursday
14871,ROBBERY,08,SOUTHERN,3,Friday
14872,ROBBERY,08,SOUTHERN,1,Monday
14873,ROBBERY,08,SOUTHERN,3,Saturday
14874,ROBBERY,08,SOUTHERN,3,Sunday
14875,ROBBERY,08,SOUTHERN,3,Thursday
14876,ROBBERY,08,SOUTHERN,2,Tuesday
14877,ROBBERY,08,SOUTHERN,3,Wednesday
14878,ROBBERY,08,TARAVAL,1,Monday
14879,ROBBERY,08,TARAVAL,1,Saturday
14880,ROBBERY,08,TARAVAL,1,Tuesday
14881,ROBBERY,08,TENDERLOIN,1,Friday
14882,ROBBERY,08,TENDERLOIN,1,Saturday
14883,ROBBERY,08,TENDERLOIN,3,Thursday
14884,ROBBERY,08,TENDERLOIN,1,Tuesday
14885,ROBBERY,09,BAYVIEW,1,Monday
14886,ROBBERY,09,BAYVIEW,1,Saturday
14887,ROBBERY,09,BAYVIEW,1,Sunday
14888,ROBBERY,09,BAYVIEW,4,Tuesday
14889,ROBBERY,09,CENTRAL,3,Monday
14890,ROBBERY,09,CENTRAL,2,Saturday
14891,ROBBERY,09,CENTRAL,1,Thursday
14892,ROBBERY,09,CENTRAL,1,Tuesday
14893,ROBBERY,09,CENTRAL,2,Wednesday
14894,ROBBERY,09,INGLESIDE,1,Monday
14895,ROBBERY,09,INGLESIDE,2,Saturday
14896,ROBBERY,09,INGLESIDE,3,Thursday
14897,ROBBERY,09,INGLESIDE,2,Tuesday
14898,ROBBERY,09,MISSION,2,Friday
14899,ROBBERY,09,MISSION,1,Monday
14900,ROBBERY,09,MISSION,1,Saturday
14901,ROBBERY,09,MISSION,1,Sunday
14902,ROBBERY,09,MISSION,5,Thursday
14903,ROBBERY,09,MISSION,1,Tuesday
14904,ROBBERY,09,MISSION,3,Wednesday
14905,ROBBERY,09,NORTHERN,2,Friday
14906,ROBBERY,09,NORTHERN,2,Monday
14907,ROBBERY,09,NORTHERN,1,Saturday
14908,ROBBERY,09,NORTHERN,2,Sunday
14909,ROBBERY,09,NORTHERN,1,Thursday
14910,ROBBERY,09,NORTHERN,2,Wednesday
14911,ROBBERY,09,PARK,3,Monday
14912,ROBBERY,09,PARK,2,Tuesday
14913,ROBBERY,09,RICHMOND,2,Friday
14914,ROBBERY,09,RICHMOND,1,Tuesday
14915,ROBBERY,09,SOUTHERN,4,Friday
14916,ROBBERY,09,SOUTHERN,4,Monday
14917,ROBBERY,09,SOUTHERN,2,Saturday
14918,ROBBERY,09,SOUTHERN,1,Thursday
14919,ROBBERY,09,TARAVAL,1,Friday
14920,ROBBERY,09,TARAVAL,2,Saturday
14921,ROBBERY,09,TARAVAL,1,Sunday
14922,ROBBERY,09,TARAVAL,1,Thursday
14923,ROBBERY,09,TENDERLOIN,3,Friday
14924,ROBBERY,09,TENDERLOIN,1,Monday
14925,ROBBERY,09,TENDERLOIN,1,Sunday
14926,ROBBERY,09,TENDERLOIN,1,Thursday
14927,ROBBERY,10,BAYVIEW,3,Monday
14928,ROBBERY,10,BAYVIEW,1,Saturday
14929,ROBBERY,10,BAYVIEW,1,Sunday
14930,ROBBERY,10,BAYVIEW,2,Thursday
14931,ROBBERY,10,BAYVIEW,1,Tuesday
14932,ROBBERY,10,BAYVIEW,1,Wednesday
14933,ROBBERY,10,CENTRAL,2,Friday
14934,ROBBERY,10,CENTRAL,1,Monday
14935,ROBBERY,10,CENTRAL,1,Saturday
14936,ROBBERY,10,CENTRAL,1,Sunday
14937,ROBBERY,10,CENTRAL,2,Wednesday
14938,ROBBERY,10,INGLESIDE,1,Friday
14939,ROBBERY,10,INGLESIDE,3,Thursday
14940,ROBBERY,10,INGLESIDE,2,Tuesday
14941,ROBBERY,10,INGLESIDE,2,Wednesday
14942,ROBBERY,10,MISSION,3,Friday
14943,ROBBERY,10,MISSION,3,Saturday
14944,ROBBERY,10,MISSION,2,Sunday
14945,ROBBERY,10,MISSION,1,Thursday
14946,ROBBERY,10,MISSION,4,Tuesday
14947,ROBBERY,10,NORTHERN,4,Friday
14948,ROBBERY,10,NORTHERN,3,Monday
14949,ROBBERY,10,NORTHERN,1,Saturday
14950,ROBBERY,10,NORTHERN,1,Sunday
14951,ROBBERY,10,NORTHERN,3,Thursday
14952,ROBBERY,10,NORTHERN,1,Wednesday
14953,ROBBERY,10,PARK,1,Friday
14954,ROBBERY,10,PARK,1,Monday
14955,ROBBERY,10,PARK,1,Thursday
14956,ROBBERY,10,PARK,2,Tuesday
14957,ROBBERY,10,RICHMOND,2,Monday
14958,ROBBERY,10,RICHMOND,1,Sunday
14959,ROBBERY,10,RICHMOND,1,Thursday
14960,ROBBERY,10,SOUTHERN,1,Friday
14961,ROBBERY,10,SOUTHERN,2,Monday
14962,ROBBERY,10,SOUTHERN,3,Saturday
14963,ROBBERY,10,SOUTHERN,4,Sunday
14964,ROBBERY,10,SOUTHERN,1,Thursday
14965,ROBBERY,10,SOUTHERN,1,Tuesday
14966,ROBBERY,10,SOUTHERN,3,Wednesday
14967,ROBBERY,10,TARAVAL,1,Monday
14968,ROBBERY,10,TARAVAL,2,Saturday
14969,ROBBERY,10,TARAVAL,1,Thursday
14970,ROBBERY,10,TARAVAL,1,Tuesday
14971,ROBBERY,10,TARAVAL,1,Wednesday
14972,ROBBERY,10,TENDERLOIN,2,Friday
14973,ROBBERY,10,TENDERLOIN,1,Saturday
14974,ROBBERY,10,TENDERLOIN,1,Sunday
14975,ROBBERY,10,TENDERLOIN,2,Thursday
14976,ROBBERY,10,TENDERLOIN,1,Tuesday
14977,ROBBERY,10,TENDERLOIN,3,Wednesday
14978,ROBBERY,11,BAYVIEW,4,Friday
14979,ROBBERY,11,BAYVIEW,1,Monday
14980,ROBBERY,11,BAYVIEW,2,Saturday
14981,ROBBERY,11,BAYVIEW,1,Sunday
14982,ROBBERY,11,BAYVIEW,2,Thursday
14983,ROBBERY,11,BAYVIEW,3,Tuesday
14984,ROBBERY,11,BAYVIEW,2,Wednesday
14985,ROBBERY,11,CENTRAL,6,Monday
14986,ROBBERY,11,CENTRAL,3,Saturday
14987,ROBBERY,11,CENTRAL,3,Tuesday
14988,ROBBERY,11,CENTRAL,5,Wednesday
14989,ROBBERY,11,INGLESIDE,1,Friday
14990,ROBBERY,11,INGLESIDE,4,Saturday
14991,ROBBERY,11,INGLESIDE,2,Sunday
14992,ROBBERY,11,INGLESIDE,2,Thursday
14993,ROBBERY,11,INGLESIDE,1,Tuesday
14994,ROBBERY,11,INGLESIDE,2,Wednesday
14995,ROBBERY,11,MISSION,5,Friday
14996,ROBBERY,11,MISSION,4,Monday
14997,ROBBERY,11,MISSION,6,Saturday
14998,ROBBERY,11,MISSION,3,Thursday
14999,ROBBERY,11,MISSION,1,Tuesday
15000,ROBBERY,11,MISSION,1,Wednesday
15001,ROBBERY,11,NORTHERN,1,Friday
15002,ROBBERY,11,NORTHERN,3,Monday
15003,ROBBERY,11,NORTHERN,3,Saturday
15004,ROBBERY,11,NORTHERN,1,Sunday
15005,ROBBERY,11,NORTHERN,2,Thursday
15006,ROBBERY,11,NORTHERN,2,Tuesday
15007,ROBBERY,11,NORTHERN,4,Wednesday
15008,ROBBERY,11,PARK,1,Friday
15009,ROBBERY,11,PARK,3,Saturday
15010,ROBBERY,11,PARK,1,Sunday
15011,ROBBERY,11,PARK,2,Wednesday
15012,ROBBERY,11,RICHMOND,2,Friday
15013,ROBBERY,11,RICHMOND,1,Saturday
15014,ROBBERY,11,RICHMOND,1,Thursday
15015,ROBBERY,11,RICHMOND,1,Tuesday
15016,ROBBERY,11,RICHMOND,2,Wednesday
15017,ROBBERY,11,SOUTHERN,1,Friday
15018,ROBBERY,11,SOUTHERN,2,Monday
15019,ROBBERY,11,SOUTHERN,2,Saturday
15020,ROBBERY,11,SOUTHERN,2,Sunday
15021,ROBBERY,11,SOUTHERN,2,Thursday
15022,ROBBERY,11,SOUTHERN,4,Tuesday
15023,ROBBERY,11,SOUTHERN,4,Wednesday
15024,ROBBERY,11,TARAVAL,1,Friday
15025,ROBBERY,11,TARAVAL,2,Monday
15026,ROBBERY,11,TARAVAL,2,Sunday
15027,ROBBERY,11,TARAVAL,3,Tuesday
15028,ROBBERY,11,TARAVAL,1,Wednesday
15029,ROBBERY,11,TENDERLOIN,1,Friday
15030,ROBBERY,11,TENDERLOIN,2,Saturday
15031,ROBBERY,11,TENDERLOIN,1,Sunday
15032,ROBBERY,11,TENDERLOIN,2,Thursday
15033,ROBBERY,11,TENDERLOIN,2,Tuesday
15034,ROBBERY,11,TENDERLOIN,1,Wednesday
15035,ROBBERY,12,BAYVIEW,2,Saturday
15036,ROBBERY,12,BAYVIEW,4,Thursday
15037,ROBBERY,12,BAYVIEW,1,Tuesday
15038,ROBBERY,12,BAYVIEW,2,Wednesday
15039,ROBBERY,12,CENTRAL,2,Friday
15040,ROBBERY,12,CENTRAL,3,Monday
15041,ROBBERY,12,CENTRAL,1,Saturday
15042,ROBBERY,12,CENTRAL,5,Sunday
15043,ROBBERY,12,CENTRAL,2,Thursday
15044,ROBBERY,12,CENTRAL,2,Tuesday
15045,ROBBERY,12,CENTRAL,1,Wednesday
15046,ROBBERY,12,INGLESIDE,2,Sunday
15047,ROBBERY,12,INGLESIDE,3,Thursday
15048,ROBBERY,12,INGLESIDE,1,Tuesday
15049,ROBBERY,12,INGLESIDE,3,Wednesday
15050,ROBBERY,12,MISSION,1,Friday
15051,ROBBERY,12,MISSION,1,Monday
15052,ROBBERY,12,MISSION,2,Saturday
15053,ROBBERY,12,MISSION,2,Sunday
15054,ROBBERY,12,MISSION,2,Thursday
15055,ROBBERY,12,MISSION,2,Tuesday
15056,ROBBERY,12,MISSION,6,Wednesday
15057,ROBBERY,12,NORTHERN,4,Friday
15058,ROBBERY,12,NORTHERN,3,Monday
15059,ROBBERY,12,NORTHERN,1,Saturday
15060,ROBBERY,12,NORTHERN,1,Sunday
15061,ROBBERY,12,NORTHERN,4,Thursday
15062,ROBBERY,12,NORTHERN,1,Tuesday
15063,ROBBERY,12,NORTHERN,2,Wednesday
15064,ROBBERY,12,PARK,1,Saturday
15065,ROBBERY,12,PARK,1,Tuesday
15066,ROBBERY,12,PARK,2,Wednesday
15067,ROBBERY,12,RICHMOND,1,Friday
15068,ROBBERY,12,RICHMOND,1,Monday
15069,ROBBERY,12,RICHMOND,1,Sunday
15070,ROBBERY,12,RICHMOND,1,Thursday
15071,ROBBERY,12,RICHMOND,2,Tuesday
15072,ROBBERY,12,SOUTHERN,5,Friday
15073,ROBBERY,12,SOUTHERN,2,Monday
15074,ROBBERY,12,SOUTHERN,2,Saturday
15075,ROBBERY,12,SOUTHERN,2,Sunday
15076,ROBBERY,12,SOUTHERN,3,Thursday
15077,ROBBERY,12,SOUTHERN,4,Tuesday
15078,ROBBERY,12,SOUTHERN,3,Wednesday
15079,ROBBERY,12,TARAVAL,1,Friday
15080,ROBBERY,12,TARAVAL,1,Monday
15081,ROBBERY,12,TARAVAL,1,Saturday
15082,ROBBERY,12,TARAVAL,1,Sunday
15083,ROBBERY,12,TARAVAL,2,Tuesday
15084,ROBBERY,12,TARAVAL,2,Wednesday
15085,ROBBERY,12,TENDERLOIN,2,Friday
15086,ROBBERY,12,TENDERLOIN,4,Monday
15087,ROBBERY,12,TENDERLOIN,4,Saturday
15088,ROBBERY,12,TENDERLOIN,2,Sunday
15089,ROBBERY,12,TENDERLOIN,3,Thursday
15090,ROBBERY,12,TENDERLOIN,2,Tuesday
15091,ROBBERY,12,TENDERLOIN,2,Wednesday
15092,ROBBERY,13,BAYVIEW,2,Friday
15093,ROBBERY,13,BAYVIEW,1,Monday
15094,ROBBERY,13,BAYVIEW,1,Saturday
15095,ROBBERY,13,BAYVIEW,6,Tuesday
15096,ROBBERY,13,BAYVIEW,3,Wednesday
15097,ROBBERY,13,CENTRAL,1,Friday
15098,ROBBERY,13,CENTRAL,2,Saturday
15099,ROBBERY,13,CENTRAL,1,Sunday
15100,ROBBERY,13,CENTRAL,1,Thursday
15101,ROBBERY,13,CENTRAL,4,Tuesday
15102,ROBBERY,13,CENTRAL,3,Wednesday
15103,ROBBERY,13,INGLESIDE,1,Friday
15104,ROBBERY,13,INGLESIDE,1,Monday
15105,ROBBERY,13,INGLESIDE,2,Saturday
15106,ROBBERY,13,INGLESIDE,1,Sunday
15107,ROBBERY,13,INGLESIDE,1,Tuesday
15108,ROBBERY,13,INGLESIDE,3,Wednesday
15109,ROBBERY,13,MISSION,2,Friday
15110,ROBBERY,13,MISSION,2,Monday
15111,ROBBERY,13,MISSION,2,Saturday
15112,ROBBERY,13,MISSION,1,Sunday
15113,ROBBERY,13,MISSION,1,Thursday
15114,ROBBERY,13,MISSION,2,Tuesday
15115,ROBBERY,13,MISSION,3,Wednesday
15116,ROBBERY,13,NORTHERN,2,Friday
15117,ROBBERY,13,NORTHERN,4,Monday
15118,ROBBERY,13,NORTHERN,1,Saturday
15119,ROBBERY,13,NORTHERN,4,Sunday
15120,ROBBERY,13,NORTHERN,4,Thursday
15121,ROBBERY,13,NORTHERN,5,Tuesday
15122,ROBBERY,13,NORTHERN,3,Wednesday
15123,ROBBERY,13,PARK,3,Friday
15124,ROBBERY,13,PARK,1,Monday
15125,ROBBERY,13,PARK,2,Saturday
15126,ROBBERY,13,RICHMOND,2,Thursday
15127,ROBBERY,13,RICHMOND,1,Tuesday
15128,ROBBERY,13,SOUTHERN,3,Friday
15129,ROBBERY,13,SOUTHERN,2,Monday
15130,ROBBERY,13,SOUTHERN,1,Saturday
15131,ROBBERY,13,SOUTHERN,2,Sunday
15132,ROBBERY,13,SOUTHERN,6,Thursday
15133,ROBBERY,13,SOUTHERN,4,Tuesday
15134,ROBBERY,13,SOUTHERN,8,Wednesday
15135,ROBBERY,13,TARAVAL,4,Friday
15136,ROBBERY,13,TARAVAL,1,Monday
15137,ROBBERY,13,TARAVAL,2,Sunday
15138,ROBBERY,13,TARAVAL,2,Thursday
15139,ROBBERY,13,TARAVAL,1,Tuesday
15140,ROBBERY,13,TARAVAL,1,Wednesday
15141,ROBBERY,13,TENDERLOIN,2,Friday
15142,ROBBERY,13,TENDERLOIN,1,Monday
15143,ROBBERY,13,TENDERLOIN,1,Sunday
15144,ROBBERY,13,TENDERLOIN,2,Thursday
15145,ROBBERY,13,TENDERLOIN,5,Tuesday
15146,ROBBERY,13,TENDERLOIN,2,Wednesday
15147,ROBBERY,14,BAYVIEW,1,Friday
15148,ROBBERY,14,BAYVIEW,4,Saturday
15149,ROBBERY,14,BAYVIEW,2,Sunday
15150,ROBBERY,14,BAYVIEW,4,Thursday
15151,ROBBERY,14,BAYVIEW,1,Tuesday
15152,ROBBERY,14,BAYVIEW,2,Wednesday
15153,ROBBERY,14,CENTRAL,3,Friday
15154,ROBBERY,14,CENTRAL,3,Monday
15155,ROBBERY,14,CENTRAL,2,Sunday
15156,ROBBERY,14,CENTRAL,2,Thursday
15157,ROBBERY,14,CENTRAL,2,Tuesday
15158,ROBBERY,14,CENTRAL,6,Wednesday
15159,ROBBERY,14,INGLESIDE,4,Friday
15160,ROBBERY,14,INGLESIDE,1,Monday
15161,ROBBERY,14,INGLESIDE,2,Sunday
15162,ROBBERY,14,INGLESIDE,1,Thursday
15163,ROBBERY,14,INGLESIDE,1,Tuesday
15164,ROBBERY,14,INGLESIDE,5,Wednesday
15165,ROBBERY,14,MISSION,1,Friday
15166,ROBBERY,14,MISSION,3,Monday
15167,ROBBERY,14,MISSION,2,Saturday
15168,ROBBERY,14,MISSION,2,Sunday
15169,ROBBERY,14,MISSION,1,Tuesday
15170,ROBBERY,14,MISSION,1,Wednesday
15171,ROBBERY,14,NORTHERN,2,Monday
15172,ROBBERY,14,NORTHERN,2,Saturday
15173,ROBBERY,14,NORTHERN,2,Sunday
15174,ROBBERY,14,NORTHERN,2,Thursday
15175,ROBBERY,14,NORTHERN,4,Tuesday
15176,ROBBERY,14,NORTHERN,1,Wednesday
15177,ROBBERY,14,PARK,2,Friday
15178,ROBBERY,14,PARK,1,Monday
15179,ROBBERY,14,PARK,2,Thursday
15180,ROBBERY,14,PARK,2,Tuesday
15181,ROBBERY,14,RICHMOND,1,Friday
15182,ROBBERY,14,RICHMOND,1,Sunday
15183,ROBBERY,14,RICHMOND,2,Wednesday
15184,ROBBERY,14,SOUTHERN,6,Friday
15185,ROBBERY,14,SOUTHERN,3,Monday
15186,ROBBERY,14,SOUTHERN,5,Saturday
15187,ROBBERY,14,SOUTHERN,2,Sunday
15188,ROBBERY,14,SOUTHERN,5,Thursday
15189,ROBBERY,14,SOUTHERN,4,Tuesday
15190,ROBBERY,14,SOUTHERN,4,Wednesday
15191,ROBBERY,14,TARAVAL,2,Friday
15192,ROBBERY,14,TARAVAL,3,Monday
15193,ROBBERY,14,TARAVAL,1,Saturday
15194,ROBBERY,14,TARAVAL,1,Thursday
15195,ROBBERY,14,TENDERLOIN,4,Friday
15196,ROBBERY,14,TENDERLOIN,2,Monday
15197,ROBBERY,14,TENDERLOIN,2,Saturday
15198,ROBBERY,14,TENDERLOIN,2,Sunday
15199,ROBBERY,14,TENDERLOIN,1,Thursday
15200,ROBBERY,14,TENDERLOIN,8,Wednesday
15201,ROBBERY,15,BAYVIEW,1,Friday
15202,ROBBERY,15,BAYVIEW,2,Monday
15203,ROBBERY,15,BAYVIEW,3,Thursday
15204,ROBBERY,15,BAYVIEW,1,Tuesday
15205,ROBBERY,15,BAYVIEW,1,Wednesday
15206,ROBBERY,15,CENTRAL,2,Friday
15207,ROBBERY,15,CENTRAL,5,Monday
15208,ROBBERY,15,CENTRAL,1,Sunday
15209,ROBBERY,15,CENTRAL,1,Thursday
15210,ROBBERY,15,CENTRAL,4,Tuesday
15211,ROBBERY,15,CENTRAL,1,Wednesday
15212,ROBBERY,15,INGLESIDE,2,Friday
15213,ROBBERY,15,INGLESIDE,4,Monday
15214,ROBBERY,15,INGLESIDE,3,Saturday
15215,ROBBERY,15,INGLESIDE,3,Sunday
15216,ROBBERY,15,INGLESIDE,4,Thursday
15217,ROBBERY,15,INGLESIDE,2,Tuesday
15218,ROBBERY,15,INGLESIDE,1,Wednesday
15219,ROBBERY,15,MISSION,2,Friday
15220,ROBBERY,15,MISSION,1,Monday
15221,ROBBERY,15,MISSION,1,Saturday
15222,ROBBERY,15,MISSION,7,Sunday
15223,ROBBERY,15,MISSION,3,Thursday
15224,ROBBERY,15,MISSION,4,Tuesday
15225,ROBBERY,15,MISSION,4,Wednesday
15226,ROBBERY,15,NORTHERN,3,Friday
15227,ROBBERY,15,NORTHERN,2,Monday
15228,ROBBERY,15,NORTHERN,1,Saturday
15229,ROBBERY,15,NORTHERN,3,Sunday
15230,ROBBERY,15,NORTHERN,3,Thursday
15231,ROBBERY,15,NORTHERN,3,Tuesday
15232,ROBBERY,15,NORTHERN,3,Wednesday
15233,ROBBERY,15,PARK,1,Monday
15234,ROBBERY,15,PARK,1,Saturday
15235,ROBBERY,15,PARK,1,Sunday
15236,ROBBERY,15,RICHMOND,3,Friday
15237,ROBBERY,15,RICHMOND,2,Sunday
15238,ROBBERY,15,RICHMOND,1,Thursday
15239,ROBBERY,15,RICHMOND,1,Tuesday
15240,ROBBERY,15,RICHMOND,1,Wednesday
15241,ROBBERY,15,SOUTHERN,4,Friday
15242,ROBBERY,15,SOUTHERN,6,Monday
15243,ROBBERY,15,SOUTHERN,1,Saturday
15244,ROBBERY,15,SOUTHERN,5,Sunday
15245,ROBBERY,15,SOUTHERN,2,Thursday
15246,ROBBERY,15,SOUTHERN,4,Tuesday
15247,ROBBERY,15,SOUTHERN,6,Wednesday
15248,ROBBERY,15,TARAVAL,1,Friday
15249,ROBBERY,15,TARAVAL,1,Monday
15250,ROBBERY,15,TARAVAL,1,Sunday
15251,ROBBERY,15,TARAVAL,1,Thursday
15252,ROBBERY,15,TARAVAL,1,Wednesday
15253,ROBBERY,15,TENDERLOIN,2,Friday
15254,ROBBERY,15,TENDERLOIN,1,Monday
15255,ROBBERY,15,TENDERLOIN,1,Saturday
15256,ROBBERY,15,TENDERLOIN,5,Sunday
15257,ROBBERY,15,TENDERLOIN,4,Thursday
15258,ROBBERY,15,TENDERLOIN,1,Tuesday
15259,ROBBERY,15,TENDERLOIN,3,Wednesday
15260,ROBBERY,16,BAYVIEW,1,Friday
15261,ROBBERY,16,BAYVIEW,5,Monday
15262,ROBBERY,16,BAYVIEW,1,Saturday
15263,ROBBERY,16,BAYVIEW,7,Sunday
15264,ROBBERY,16,BAYVIEW,2,Wednesday
15265,ROBBERY,16,CENTRAL,2,Friday
15266,ROBBERY,16,CENTRAL,4,Monday
15267,ROBBERY,16,CENTRAL,3,Saturday
15268,ROBBERY,16,CENTRAL,1,Sunday
15269,ROBBERY,16,CENTRAL,4,Thursday
15270,ROBBERY,16,CENTRAL,2,Tuesday
15271,ROBBERY,16,CENTRAL,2,Wednesday
15272,ROBBERY,16,INGLESIDE,4,Monday
15273,ROBBERY,16,INGLESIDE,3,Saturday
15274,ROBBERY,16,INGLESIDE,2,Thursday
15275,ROBBERY,16,INGLESIDE,5,Tuesday
15276,ROBBERY,16,INGLESIDE,1,Wednesday
15277,ROBBERY,16,MISSION,2,Friday
15278,ROBBERY,16,MISSION,3,Monday
15279,ROBBERY,16,MISSION,10,Sunday
15280,ROBBERY,16,MISSION,1,Thursday
15281,ROBBERY,16,MISSION,3,Tuesday
15282,ROBBERY,16,MISSION,3,Wednesday
15283,ROBBERY,16,NORTHERN,1,Friday
15284,ROBBERY,16,NORTHERN,2,Monday
15285,ROBBERY,16,NORTHERN,1,Saturday
15286,ROBBERY,16,NORTHERN,6,Sunday
15287,ROBBERY,16,NORTHERN,1,Thursday
15288,ROBBERY,16,NORTHERN,5,Tuesday
15289,ROBBERY,16,PARK,2,Friday
15290,ROBBERY,16,PARK,1,Monday
15291,ROBBERY,16,PARK,1,Saturday
15292,ROBBERY,16,PARK,1,Thursday
15293,ROBBERY,16,PARK,3,Tuesday
15294,ROBBERY,16,PARK,4,Wednesday
15295,ROBBERY,16,RICHMOND,3,Monday
15296,ROBBERY,16,RICHMOND,1,Saturday
15297,ROBBERY,16,RICHMOND,1,Thursday
15298,ROBBERY,16,SOUTHERN,1,Friday
15299,ROBBERY,16,SOUTHERN,3,Monday
15300,ROBBERY,16,SOUTHERN,3,Saturday
15301,ROBBERY,16,SOUTHERN,7,Sunday
15302,ROBBERY,16,SOUTHERN,4,Thursday
15303,ROBBERY,16,SOUTHERN,2,Tuesday
15304,ROBBERY,16,SOUTHERN,5,Wednesday
15305,ROBBERY,16,TARAVAL,1,Friday
15306,ROBBERY,16,TARAVAL,2,Monday
15307,ROBBERY,16,TARAVAL,2,Thursday
15308,ROBBERY,16,TARAVAL,1,Tuesday
15309,ROBBERY,16,TARAVAL,1,Wednesday
15310,ROBBERY,16,TENDERLOIN,4,Friday
15311,ROBBERY,16,TENDERLOIN,1,Monday
15312,ROBBERY,16,TENDERLOIN,1,Saturday
15313,ROBBERY,16,TENDERLOIN,3,Sunday
15314,ROBBERY,16,TENDERLOIN,6,Thursday
15315,ROBBERY,17,BAYVIEW,4,Friday
15316,ROBBERY,17,BAYVIEW,1,Monday
15317,ROBBERY,17,BAYVIEW,4,Saturday
15318,ROBBERY,17,BAYVIEW,2,Sunday
15319,ROBBERY,17,BAYVIEW,3,Thursday
15320,ROBBERY,17,BAYVIEW,1,Tuesday
15321,ROBBERY,17,BAYVIEW,2,Wednesday
15322,ROBBERY,17,CENTRAL,2,Friday
15323,ROBBERY,17,CENTRAL,1,Monday
15324,ROBBERY,17,CENTRAL,1,Saturday
15325,ROBBERY,17,CENTRAL,3,Sunday
15326,ROBBERY,17,CENTRAL,1,Thursday
15327,ROBBERY,17,CENTRAL,7,Tuesday
15328,ROBBERY,17,CENTRAL,7,Wednesday
15329,ROBBERY,17,INGLESIDE,1,Friday
15330,ROBBERY,17,INGLESIDE,1,Monday
15331,ROBBERY,17,INGLESIDE,3,Saturday
15332,ROBBERY,17,INGLESIDE,3,Thursday
15333,ROBBERY,17,INGLESIDE,1,Tuesday
15334,ROBBERY,17,MISSION,6,Friday
15335,ROBBERY,17,MISSION,4,Monday
15336,ROBBERY,17,MISSION,4,Saturday
15337,ROBBERY,17,MISSION,2,Sunday
15338,ROBBERY,17,MISSION,5,Thursday
15339,ROBBERY,17,MISSION,2,Tuesday
15340,ROBBERY,17,MISSION,8,Wednesday
15341,ROBBERY,17,NORTHERN,2,Friday
15342,ROBBERY,17,NORTHERN,3,Monday
15343,ROBBERY,17,NORTHERN,1,Saturday
15344,ROBBERY,17,NORTHERN,4,Sunday
15345,ROBBERY,17,NORTHERN,2,Thursday
15346,ROBBERY,17,NORTHERN,2,Wednesday
15347,ROBBERY,17,PARK,1,Saturday
15348,ROBBERY,17,PARK,3,Sunday
15349,ROBBERY,17,PARK,1,Wednesday
15350,ROBBERY,17,RICHMOND,2,Friday
15351,ROBBERY,17,RICHMOND,2,Thursday
15352,ROBBERY,17,RICHMOND,1,Tuesday
15353,ROBBERY,17,RICHMOND,1,Wednesday
15354,ROBBERY,17,SOUTHERN,9,Friday
15355,ROBBERY,17,SOUTHERN,3,Monday
15356,ROBBERY,17,SOUTHERN,2,Saturday
15357,ROBBERY,17,SOUTHERN,4,Sunday
15358,ROBBERY,17,SOUTHERN,2,Thursday
15359,ROBBERY,17,SOUTHERN,2,Tuesday
15360,ROBBERY,17,SOUTHERN,4,Wednesday
15361,ROBBERY,17,TARAVAL,5,Monday
15362,ROBBERY,17,TARAVAL,1,Saturday
15363,ROBBERY,17,TARAVAL,2,Tuesday
15364,ROBBERY,17,TENDERLOIN,3,Friday
15365,ROBBERY,17,TENDERLOIN,2,Monday
15366,ROBBERY,17,TENDERLOIN,1,Saturday
15367,ROBBERY,17,TENDERLOIN,3,Sunday
15368,ROBBERY,17,TENDERLOIN,5,Thursday
15369,ROBBERY,17,TENDERLOIN,4,Tuesday
15370,ROBBERY,17,TENDERLOIN,2,Wednesday
15371,ROBBERY,18,BAYVIEW,1,Friday
15372,ROBBERY,18,BAYVIEW,4,Monday
15373,ROBBERY,18,BAYVIEW,4,Saturday
15374,ROBBERY,18,BAYVIEW,5,Sunday
15375,ROBBERY,18,BAYVIEW,5,Thursday
15376,ROBBERY,18,BAYVIEW,2,Tuesday
15377,ROBBERY,18,BAYVIEW,5,Wednesday
15378,ROBBERY,18,CENTRAL,4,Friday
15379,ROBBERY,18,CENTRAL,11,Monday
15380,ROBBERY,18,CENTRAL,1,Saturday
15381,ROBBERY,18,CENTRAL,1,Sunday
15382,ROBBERY,18,CENTRAL,2,Tuesday
15383,ROBBERY,18,CENTRAL,3,Wednesday
15384,ROBBERY,18,INGLESIDE,4,Friday
15385,ROBBERY,18,INGLESIDE,4,Monday
15386,ROBBERY,18,INGLESIDE,4,Saturday
15387,ROBBERY,18,INGLESIDE,3,Sunday
15388,ROBBERY,18,INGLESIDE,1,Thursday
15389,ROBBERY,18,INGLESIDE,2,Tuesday
15390,ROBBERY,18,INGLESIDE,2,Wednesday
15391,ROBBERY,18,MISSION,3,Friday
15392,ROBBERY,18,MISSION,5,Monday
15393,ROBBERY,18,MISSION,4,Saturday
15394,ROBBERY,18,MISSION,1,Sunday
15395,ROBBERY,18,MISSION,3,Thursday
15396,ROBBERY,18,MISSION,4,Tuesday
15397,ROBBERY,18,MISSION,4,Wednesday
15398,ROBBERY,18,NORTHERN,1,Friday
15399,ROBBERY,18,NORTHERN,3,Monday
15400,ROBBERY,18,NORTHERN,5,Saturday
15401,ROBBERY,18,NORTHERN,3,Tuesday
15402,ROBBERY,18,NORTHERN,4,Wednesday
15403,ROBBERY,18,PARK,2,Friday
15404,ROBBERY,18,PARK,3,Saturday
15405,ROBBERY,18,PARK,2,Sunday
15406,ROBBERY,18,PARK,2,Tuesday
15407,ROBBERY,18,PARK,1,Wednesday
15408,ROBBERY,18,RICHMOND,1,Monday
15409,ROBBERY,18,RICHMOND,1,Sunday
15410,ROBBERY,18,RICHMOND,1,Thursday
15411,ROBBERY,18,SOUTHERN,6,Friday
15412,ROBBERY,18,SOUTHERN,5,Monday
15413,ROBBERY,18,SOUTHERN,5,Saturday
15414,ROBBERY,18,SOUTHERN,4,Sunday
15415,ROBBERY,18,SOUTHERN,4,Thursday
15416,ROBBERY,18,SOUTHERN,3,Tuesday
15417,ROBBERY,18,SOUTHERN,6,Wednesday
15418,ROBBERY,18,TARAVAL,5,Friday
15419,ROBBERY,18,TARAVAL,3,Monday
15420,ROBBERY,18,TARAVAL,7,Saturday
15421,ROBBERY,18,TARAVAL,1,Sunday
15422,ROBBERY,18,TARAVAL,1,Thursday
15423,ROBBERY,18,TARAVAL,1,Tuesday
15424,ROBBERY,18,TARAVAL,1,Wednesday
15425,ROBBERY,18,TENDERLOIN,5,Friday
15426,ROBBERY,18,TENDERLOIN,2,Monday
15427,ROBBERY,18,TENDERLOIN,5,Saturday
15428,ROBBERY,18,TENDERLOIN,2,Sunday
15429,ROBBERY,18,TENDERLOIN,1,Thursday
15430,ROBBERY,18,TENDERLOIN,1,Wednesday
15431,ROBBERY,19,BAYVIEW,5,Friday
15432,ROBBERY,19,BAYVIEW,4,Monday
15433,ROBBERY,19,BAYVIEW,2,Saturday
15434,ROBBERY,19,BAYVIEW,2,Sunday
15435,ROBBERY,19,BAYVIEW,2,Thursday
15436,ROBBERY,19,BAYVIEW,2,Tuesday
15437,ROBBERY,19,BAYVIEW,5,Wednesday
15438,ROBBERY,19,CENTRAL,3,Friday
15439,ROBBERY,19,CENTRAL,2,Monday
15440,ROBBERY,19,CENTRAL,4,Saturday
15441,ROBBERY,19,CENTRAL,3,Sunday
15442,ROBBERY,19,CENTRAL,5,Thursday
15443,ROBBERY,19,CENTRAL,4,Tuesday
15444,ROBBERY,19,CENTRAL,2,Wednesday
15445,ROBBERY,19,INGLESIDE,2,Friday
15446,ROBBERY,19,INGLESIDE,2,Monday
15447,ROBBERY,19,INGLESIDE,1,Sunday
15448,ROBBERY,19,INGLESIDE,2,Thursday
15449,ROBBERY,19,INGLESIDE,3,Tuesday
15450,ROBBERY,19,INGLESIDE,2,Wednesday
15451,ROBBERY,19,MISSION,4,Friday
15452,ROBBERY,19,MISSION,2,Monday
15453,ROBBERY,19,MISSION,2,Saturday
15454,ROBBERY,19,MISSION,5,Sunday
15455,ROBBERY,19,MISSION,2,Thursday
15456,ROBBERY,19,MISSION,4,Tuesday
15457,ROBBERY,19,MISSION,1,Wednesday
15458,ROBBERY,19,NORTHERN,2,Friday
15459,ROBBERY,19,NORTHERN,5,Monday
15460,ROBBERY,19,NORTHERN,4,Saturday
15461,ROBBERY,19,NORTHERN,2,Sunday
15462,ROBBERY,19,NORTHERN,2,Thursday
15463,ROBBERY,19,NORTHERN,5,Tuesday
15464,ROBBERY,19,NORTHERN,2,Wednesday
15465,ROBBERY,19,PARK,1,Friday
15466,ROBBERY,19,PARK,1,Monday
15467,ROBBERY,19,PARK,1,Sunday
15468,ROBBERY,19,PARK,1,Thursday
15469,ROBBERY,19,PARK,1,Wednesday
15470,ROBBERY,19,RICHMOND,1,Sunday
15471,ROBBERY,19,RICHMOND,1,Thursday
15472,ROBBERY,19,RICHMOND,1,Tuesday
15473,ROBBERY,19,RICHMOND,1,Wednesday
15474,ROBBERY,19,SOUTHERN,8,Friday
15475,ROBBERY,19,SOUTHERN,5,Monday
15476,ROBBERY,19,SOUTHERN,5,Saturday
15477,ROBBERY,19,SOUTHERN,5,Sunday
15478,ROBBERY,19,SOUTHERN,5,Thursday
15479,ROBBERY,19,SOUTHERN,5,Tuesday
15480,ROBBERY,19,SOUTHERN,2,Wednesday
15481,ROBBERY,19,TARAVAL,1,Friday
15482,ROBBERY,19,TARAVAL,4,Sunday
15483,ROBBERY,19,TARAVAL,2,Tuesday
15484,ROBBERY,19,TARAVAL,3,Wednesday
15485,ROBBERY,19,TENDERLOIN,4,Friday
15486,ROBBERY,19,TENDERLOIN,3,Monday
15487,ROBBERY,19,TENDERLOIN,1,Saturday
15488,ROBBERY,19,TENDERLOIN,1,Sunday
15489,ROBBERY,19,TENDERLOIN,4,Thursday
15490,ROBBERY,19,TENDERLOIN,2,Tuesday
15491,ROBBERY,19,TENDERLOIN,1,Wednesday
15492,ROBBERY,20,BAYVIEW,2,Friday
15493,ROBBERY,20,BAYVIEW,5,Monday
15494,ROBBERY,20,BAYVIEW,3,Saturday
15495,ROBBERY,20,BAYVIEW,2,Sunday
15496,ROBBERY,20,BAYVIEW,4,Tuesday
15497,ROBBERY,20,BAYVIEW,2,Wednesday
15498,ROBBERY,20,CENTRAL,3,Friday
15499,ROBBERY,20,CENTRAL,4,Monday
15500,ROBBERY,20,CENTRAL,3,Saturday
15501,ROBBERY,20,CENTRAL,4,Sunday
15502,ROBBERY,20,CENTRAL,2,Thursday
15503,ROBBERY,20,CENTRAL,2,Tuesday
15504,ROBBERY,20,CENTRAL,4,Wednesday
15505,ROBBERY,20,INGLESIDE,2,Friday
15506,ROBBERY,20,INGLESIDE,2,Monday
15507,ROBBERY,20,INGLESIDE,1,Saturday
15508,ROBBERY,20,INGLESIDE,1,Sunday
15509,ROBBERY,20,INGLESIDE,1,Thursday
15510,ROBBERY,20,INGLESIDE,1,Tuesday
15511,ROBBERY,20,INGLESIDE,3,Wednesday
15512,ROBBERY,20,MISSION,8,Monday
15513,ROBBERY,20,MISSION,5,Saturday
15514,ROBBERY,20,MISSION,8,Sunday
15515,ROBBERY,20,MISSION,2,Thursday
15516,ROBBERY,20,MISSION,4,Tuesday
15517,ROBBERY,20,MISSION,5,Wednesday
15518,ROBBERY,20,NORTHERN,2,Friday
15519,ROBBERY,20,NORTHERN,6,Monday
15520,ROBBERY,20,NORTHERN,2,Sunday
15521,ROBBERY,20,NORTHERN,2,Thursday
15522,ROBBERY,20,NORTHERN,4,Tuesday
15523,ROBBERY,20,NORTHERN,2,Wednesday
15524,ROBBERY,20,PARK,1,Saturday
15525,ROBBERY,20,PARK,1,Thursday
15526,ROBBERY,20,PARK,2,Tuesday
15527,ROBBERY,20,PARK,1,Wednesday
15528,ROBBERY,20,RICHMOND,1,Friday
15529,ROBBERY,20,RICHMOND,1,Monday
15530,ROBBERY,20,RICHMOND,3,Saturday
15531,ROBBERY,20,RICHMOND,1,Thursday
15532,ROBBERY,20,RICHMOND,1,Tuesday
15533,ROBBERY,20,SOUTHERN,7,Friday
15534,ROBBERY,20,SOUTHERN,6,Monday
15535,ROBBERY,20,SOUTHERN,8,Saturday
15536,ROBBERY,20,SOUTHERN,6,Sunday
15537,ROBBERY,20,SOUTHERN,1,Thursday
15538,ROBBERY,20,SOUTHERN,7,Tuesday
15539,ROBBERY,20,SOUTHERN,5,Wednesday
15540,ROBBERY,20,TARAVAL,4,Saturday
15541,ROBBERY,20,TARAVAL,3,Sunday
15542,ROBBERY,20,TARAVAL,3,Thursday
15543,ROBBERY,20,TARAVAL,1,Tuesday
15544,ROBBERY,20,TARAVAL,1,Wednesday
15545,ROBBERY,20,TENDERLOIN,3,Friday
15546,ROBBERY,20,TENDERLOIN,2,Monday
15547,ROBBERY,20,TENDERLOIN,2,Saturday
15548,ROBBERY,20,TENDERLOIN,2,Sunday
15549,ROBBERY,20,TENDERLOIN,5,Thursday
15550,ROBBERY,20,TENDERLOIN,2,Wednesday
15551,ROBBERY,21,BAYVIEW,2,Friday
15552,ROBBERY,21,BAYVIEW,4,Monday
15553,ROBBERY,21,BAYVIEW,6,Saturday
15554,ROBBERY,21,BAYVIEW,3,Sunday
15555,ROBBERY,21,BAYVIEW,3,Thursday
15556,ROBBERY,21,BAYVIEW,4,Tuesday
15557,ROBBERY,21,BAYVIEW,2,Wednesday
15558,ROBBERY,21,CENTRAL,5,Friday
15559,ROBBERY,21,CENTRAL,6,Monday
15560,ROBBERY,21,CENTRAL,1,Saturday
15561,ROBBERY,21,CENTRAL,4,Sunday
15562,ROBBERY,21,CENTRAL,4,Thursday
15563,ROBBERY,21,CENTRAL,2,Tuesday
15564,ROBBERY,21,CENTRAL,1,Wednesday
15565,ROBBERY,21,INGLESIDE,5,Friday
15566,ROBBERY,21,INGLESIDE,3,Monday
15567,ROBBERY,21,INGLESIDE,4,Saturday
15568,ROBBERY,21,INGLESIDE,6,Thursday
15569,ROBBERY,21,INGLESIDE,6,Tuesday
15570,ROBBERY,21,INGLESIDE,6,Wednesday
15571,ROBBERY,21,MISSION,2,Friday
15572,ROBBERY,21,MISSION,8,Monday
15573,ROBBERY,21,MISSION,7,Saturday
15574,ROBBERY,21,MISSION,3,Sunday
15575,ROBBERY,21,MISSION,8,Thursday
15576,ROBBERY,21,MISSION,5,Tuesday
15577,ROBBERY,21,MISSION,3,Wednesday
15578,ROBBERY,21,NORTHERN,3,Friday
15579,ROBBERY,21,NORTHERN,3,Monday
15580,ROBBERY,21,NORTHERN,4,Saturday
15581,ROBBERY,21,NORTHERN,2,Sunday
15582,ROBBERY,21,NORTHERN,3,Thursday
15583,ROBBERY,21,NORTHERN,4,Tuesday
15584,ROBBERY,21,NORTHERN,7,Wednesday
15585,ROBBERY,21,PARK,1,Friday
15586,ROBBERY,21,PARK,1,Thursday
15587,ROBBERY,21,PARK,2,Wednesday
15588,ROBBERY,21,RICHMOND,2,Saturday
15589,ROBBERY,21,RICHMOND,3,Sunday
15590,ROBBERY,21,RICHMOND,1,Thursday
15591,ROBBERY,21,RICHMOND,1,Wednesday
15592,ROBBERY,21,SOUTHERN,5,Friday
15593,ROBBERY,21,SOUTHERN,6,Monday
15594,ROBBERY,21,SOUTHERN,10,Saturday
15595,ROBBERY,21,SOUTHERN,4,Sunday
15596,ROBBERY,21,SOUTHERN,6,Thursday
15597,ROBBERY,21,SOUTHERN,7,Tuesday
15598,ROBBERY,21,SOUTHERN,3,Wednesday
15599,ROBBERY,21,TARAVAL,1,Friday
15600,ROBBERY,21,TARAVAL,2,Monday
15601,ROBBERY,21,TARAVAL,5,Saturday
15602,ROBBERY,21,TARAVAL,2,Sunday
15603,ROBBERY,21,TARAVAL,4,Tuesday
15604,ROBBERY,21,TARAVAL,1,Wednesday
15605,ROBBERY,21,TENDERLOIN,1,Friday
15606,ROBBERY,21,TENDERLOIN,4,Monday
15607,ROBBERY,21,TENDERLOIN,4,Saturday
15608,ROBBERY,21,TENDERLOIN,7,Sunday
15609,ROBBERY,21,TENDERLOIN,3,Thursday
15610,ROBBERY,21,TENDERLOIN,2,Tuesday
15611,ROBBERY,21,TENDERLOIN,1,Wednesday
15612,ROBBERY,22,BAYVIEW,2,Friday
15613,ROBBERY,22,BAYVIEW,2,Monday
15614,ROBBERY,22,BAYVIEW,2,Saturday
15615,ROBBERY,22,BAYVIEW,5,Sunday
15616,ROBBERY,22,BAYVIEW,3,Thursday
15617,ROBBERY,22,BAYVIEW,1,Tuesday
15618,ROBBERY,22,BAYVIEW,1,Wednesday
15619,ROBBERY,22,CENTRAL,5,Friday
15620,ROBBERY,22,CENTRAL,5,Monday
15621,ROBBERY,22,CENTRAL,3,Saturday
15622,ROBBERY,22,CENTRAL,4,Sunday
15623,ROBBERY,22,CENTRAL,5,Thursday
15624,ROBBERY,22,CENTRAL,4,Tuesday
15625,ROBBERY,22,CENTRAL,2,Wednesday
15626,ROBBERY,22,INGLESIDE,5,Friday
15627,ROBBERY,22,INGLESIDE,4,Monday
15628,ROBBERY,22,INGLESIDE,2,Saturday
15629,ROBBERY,22,INGLESIDE,1,Sunday
15630,ROBBERY,22,INGLESIDE,3,Thursday
15631,ROBBERY,22,INGLESIDE,1,Tuesday
15632,ROBBERY,22,INGLESIDE,4,Wednesday
15633,ROBBERY,22,MISSION,5,Friday
15634,ROBBERY,22,MISSION,3,Monday
15635,ROBBERY,22,MISSION,5,Saturday
15636,ROBBERY,22,MISSION,5,Sunday
15637,ROBBERY,22,MISSION,6,Thursday
15638,ROBBERY,22,MISSION,5,Tuesday
15639,ROBBERY,22,MISSION,4,Wednesday
15640,ROBBERY,22,NORTHERN,5,Friday
15641,ROBBERY,22,NORTHERN,2,Monday
15642,ROBBERY,22,NORTHERN,5,Saturday
15643,ROBBERY,22,NORTHERN,6,Sunday
15644,ROBBERY,22,NORTHERN,2,Thursday
15645,ROBBERY,22,NORTHERN,3,Tuesday
15646,ROBBERY,22,NORTHERN,3,Wednesday
15647,ROBBERY,22,PARK,2,Monday
15648,ROBBERY,22,PARK,3,Saturday
15649,ROBBERY,22,PARK,1,Sunday
15650,ROBBERY,22,PARK,1,Tuesday
15651,ROBBERY,22,PARK,2,Wednesday
15652,ROBBERY,22,RICHMOND,1,Friday
15653,ROBBERY,22,RICHMOND,1,Monday
15654,ROBBERY,22,RICHMOND,1,Sunday
15655,ROBBERY,22,RICHMOND,2,Tuesday
15656,ROBBERY,22,RICHMOND,2,Wednesday
15657,ROBBERY,22,SOUTHERN,5,Friday
15658,ROBBERY,22,SOUTHERN,5,Monday
15659,ROBBERY,22,SOUTHERN,4,Saturday
15660,ROBBERY,22,SOUTHERN,5,Sunday
15661,ROBBERY,22,SOUTHERN,3,Thursday
15662,ROBBERY,22,SOUTHERN,2,Tuesday
15663,ROBBERY,22,SOUTHERN,5,Wednesday
15664,ROBBERY,22,TARAVAL,3,Friday
15665,ROBBERY,22,TARAVAL,1,Saturday
15666,ROBBERY,22,TARAVAL,1,Sunday
15667,ROBBERY,22,TARAVAL,3,Tuesday
15668,ROBBERY,22,TARAVAL,5,Wednesday
15669,ROBBERY,22,TENDERLOIN,3,Friday
15670,ROBBERY,22,TENDERLOIN,4,Monday
15671,ROBBERY,22,TENDERLOIN,1,Saturday
15672,ROBBERY,22,TENDERLOIN,3,Sunday
15673,ROBBERY,22,TENDERLOIN,3,Thursday
15674,ROBBERY,22,TENDERLOIN,4,Tuesday
15675,ROBBERY,22,TENDERLOIN,5,Wednesday
15676,ROBBERY,23,BAYVIEW,4,Friday
15677,ROBBERY,23,BAYVIEW,6,Monday
15678,ROBBERY,23,BAYVIEW,3,Saturday
15679,ROBBERY,23,BAYVIEW,2,Sunday
15680,ROBBERY,23,BAYVIEW,8,Thursday
15681,ROBBERY,23,BAYVIEW,5,Tuesday
15682,ROBBERY,23,CENTRAL,3,Friday
15683,ROBBERY,23,CENTRAL,4,Monday
15684,ROBBERY,23,CENTRAL,5,Saturday
15685,ROBBERY,23,CENTRAL,8,Sunday
15686,ROBBERY,23,CENTRAL,3,Thursday
15687,ROBBERY,23,CENTRAL,5,Tuesday
15688,ROBBERY,23,CENTRAL,3,Wednesday
15689,ROBBERY,23,INGLESIDE,6,Friday
15690,ROBBERY,23,INGLESIDE,4,Monday
15691,ROBBERY,23,INGLESIDE,7,Saturday
15692,ROBBERY,23,INGLESIDE,5,Sunday
15693,ROBBERY,23,INGLESIDE,6,Thursday
15694,ROBBERY,23,INGLESIDE,5,Tuesday
15695,ROBBERY,23,INGLESIDE,5,Wednesday
15696,ROBBERY,23,MISSION,5,Friday
15697,ROBBERY,23,MISSION,6,Monday
15698,ROBBERY,23,MISSION,4,Saturday
15699,ROBBERY,23,MISSION,6,Sunday
15700,ROBBERY,23,MISSION,2,Thursday
15701,ROBBERY,23,MISSION,4,Tuesday
15702,ROBBERY,23,MISSION,5,Wednesday
15703,ROBBERY,23,NORTHERN,2,Friday
15704,ROBBERY,23,NORTHERN,5,Monday
15705,ROBBERY,23,NORTHERN,3,Saturday
15706,ROBBERY,23,NORTHERN,4,Sunday
15707,ROBBERY,23,NORTHERN,3,Thursday
15708,ROBBERY,23,NORTHERN,3,Tuesday
15709,ROBBERY,23,NORTHERN,6,Wednesday
15710,ROBBERY,23,PARK,1,Monday
15711,ROBBERY,23,PARK,2,Sunday
15712,ROBBERY,23,RICHMOND,2,Friday
15713,ROBBERY,23,RICHMOND,2,Monday
15714,ROBBERY,23,RICHMOND,2,Saturday
15715,ROBBERY,23,SOUTHERN,8,Friday
15716,ROBBERY,23,SOUTHERN,3,Monday
15717,ROBBERY,23,SOUTHERN,4,Saturday
15718,ROBBERY,23,SOUTHERN,4,Sunday
15719,ROBBERY,23,SOUTHERN,4,Thursday
15720,ROBBERY,23,SOUTHERN,6,Tuesday
15721,ROBBERY,23,SOUTHERN,3,Wednesday
15722,ROBBERY,23,TARAVAL,1,Friday
15723,ROBBERY,23,TARAVAL,2,Monday
15724,ROBBERY,23,TARAVAL,1,Saturday
15725,ROBBERY,23,TARAVAL,1,Sunday
15726,ROBBERY,23,TARAVAL,3,Thursday
15727,ROBBERY,23,TARAVAL,2,Tuesday
15728,ROBBERY,23,TARAVAL,2,Wednesday
15729,ROBBERY,23,TENDERLOIN,1,Friday
15730,ROBBERY,23,TENDERLOIN,2,Monday
15731,ROBBERY,23,TENDERLOIN,2,Saturday
15732,ROBBERY,23,TENDERLOIN,1,Sunday
15733,ROBBERY,23,TENDERLOIN,5,Thursday
15734,ROBBERY,23,TENDERLOIN,4,Tuesday
15735,ROBBERY,23,TENDERLOIN,3,Wednesday
15736,RUNAWAY,00,INGLESIDE,1,Monday
15737,RUNAWAY,00,SOUTHERN,1,Sunday
15738,RUNAWAY,00,SOUTHERN,1,Tuesday
15739,RUNAWAY,01,BAYVIEW,1,Saturday
15740,RUNAWAY,01,SOUTHERN,1,Monday
15741,RUNAWAY,01,TARAVAL,1,Monday
15742,RUNAWAY,02,PARK,2,Thursday
15743,RUNAWAY,06,BAYVIEW,1,Tuesday
15744,RUNAWAY,06,BAYVIEW,2,Wednesday
15745,RUNAWAY,06,RICHMOND,1,Wednesday
15746,RUNAWAY,07,BAYVIEW,1,Friday
15747,RUNAWAY,07,BAYVIEW,1,Tuesday
15748,RUNAWAY,07,BAYVIEW,2,Wednesday
15749,RUNAWAY,07,INGLESIDE,1,Thursday
15750,RUNAWAY,07,PARK,1,Tuesday
15751,RUNAWAY,07,RICHMOND,2,Tuesday
15752,RUNAWAY,07,SOUTHERN,1,Friday
15753,RUNAWAY,08,BAYVIEW,1,Saturday
15754,RUNAWAY,08,BAYVIEW,1,Wednesday
15755,RUNAWAY,08,INGLESIDE,1,Friday
15756,RUNAWAY,08,PARK,1,Monday
15757,RUNAWAY,08,PARK,4,Thursday
15758,RUNAWAY,09,BAYVIEW,1,Wednesday
15759,RUNAWAY,09,INGLESIDE,1,Saturday
15760,RUNAWAY,09,INGLESIDE,1,Tuesday
15761,RUNAWAY,09,MISSION,1,Thursday
15762,RUNAWAY,09,PARK,1,Monday
15763,RUNAWAY,09,PARK,1,Thursday
15764,RUNAWAY,09,PARK,3,Tuesday
15765,RUNAWAY,09,PARK,1,Wednesday
15766,RUNAWAY,10,BAYVIEW,1,Sunday
15767,RUNAWAY,10,NORTHERN,1,Sunday
15768,RUNAWAY,10,NORTHERN,1,Wednesday
15769,RUNAWAY,10,PARK,1,Monday
15770,RUNAWAY,10,PARK,1,Tuesday
15771,RUNAWAY,10,RICHMOND,1,Monday
15772,RUNAWAY,10,RICHMOND,1,Thursday
15773,RUNAWAY,11,INGLESIDE,1,Monday
15774,RUNAWAY,11,NORTHERN,1,Saturday
15775,RUNAWAY,11,PARK,1,Monday
15776,RUNAWAY,11,PARK,1,Saturday
15777,RUNAWAY,11,PARK,1,Sunday
15778,RUNAWAY,12,BAYVIEW,1,Monday
15779,RUNAWAY,12,BAYVIEW,1,Wednesday
15780,RUNAWAY,12,CENTRAL,1,Tuesday
15781,RUNAWAY,12,PARK,2,Monday
15782,RUNAWAY,12,PARK,1,Tuesday
15783,RUNAWAY,12,TARAVAL,1,Friday
15784,RUNAWAY,12,TARAVAL,1,Monday
15785,RUNAWAY,12,TARAVAL,2,Thursday
15786,RUNAWAY,13,PARK,1,Friday
15787,RUNAWAY,13,PARK,1,Tuesday
15788,RUNAWAY,14,BAYVIEW,1,Monday
15789,RUNAWAY,14,BAYVIEW,2,Tuesday
15790,RUNAWAY,14,INGLESIDE,1,Wednesday
15791,RUNAWAY,14,MISSION,1,Wednesday
15792,RUNAWAY,14,SOUTHERN,1,Sunday
15793,RUNAWAY,14,TARAVAL,2,Friday
15794,RUNAWAY,14,TENDERLOIN,1,Saturday
15795,RUNAWAY,15,BAYVIEW,2,Friday
15796,RUNAWAY,15,BAYVIEW,1,Sunday
15797,RUNAWAY,15,BAYVIEW,1,Tuesday
15798,RUNAWAY,15,CENTRAL,1,Friday
15799,RUNAWAY,15,INGLESIDE,1,Thursday
15800,RUNAWAY,15,INGLESIDE,1,Tuesday
15801,RUNAWAY,15,SOUTHERN,1,Saturday
15802,RUNAWAY,15,TARAVAL,1,Saturday
15803,RUNAWAY,16,BAYVIEW,2,Monday
15804,RUNAWAY,16,BAYVIEW,1,Saturday
15805,RUNAWAY,16,CENTRAL,1,Friday
15806,RUNAWAY,16,CENTRAL,1,Saturday
15807,RUNAWAY,16,MISSION,1,Friday
15808,RUNAWAY,16,MISSION,1,Thursday
15809,RUNAWAY,16,NORTHERN,1,Monday
15810,RUNAWAY,16,PARK,1,Friday
15811,RUNAWAY,16,PARK,1,Sunday
15812,RUNAWAY,16,SOUTHERN,1,Wednesday
15813,RUNAWAY,16,TARAVAL,1,Monday
15814,RUNAWAY,17,BAYVIEW,1,Thursday
15815,RUNAWAY,17,INGLESIDE,1,Tuesday
15816,RUNAWAY,17,INGLESIDE,1,Wednesday
15817,RUNAWAY,17,MISSION,1,Thursday
15818,RUNAWAY,17,NORTHERN,1,Wednesday
15819,RUNAWAY,17,PARK,1,Wednesday
15820,RUNAWAY,17,SOUTHERN,1,Monday
15821,RUNAWAY,17,TARAVAL,1,Tuesday
15822,RUNAWAY,17,TARAVAL,1,Wednesday
15823,RUNAWAY,18,INGLESIDE,1,Saturday
15824,RUNAWAY,18,NORTHERN,1,Thursday
15825,RUNAWAY,18,RICHMOND,1,Monday
15826,RUNAWAY,18,SOUTHERN,1,Friday
15827,RUNAWAY,18,TARAVAL,1,Monday
15828,RUNAWAY,19,CENTRAL,1,Wednesday
15829,RUNAWAY,19,NORTHERN,1,Saturday
15830,RUNAWAY,19,PARK,1,Thursday
15831,RUNAWAY,19,TARAVAL,1,Friday
15832,RUNAWAY,19,TARAVAL,2,Sunday
15833,RUNAWAY,20,BAYVIEW,1,Monday
15834,RUNAWAY,20,INGLESIDE,1,Wednesday
15835,RUNAWAY,20,PARK,1,Monday
15836,RUNAWAY,20,PARK,1,Saturday
15837,RUNAWAY,20,RICHMOND,1,Sunday
15838,RUNAWAY,20,TARAVAL,1,Saturday
15839,RUNAWAY,20,TARAVAL,1,Sunday
15840,RUNAWAY,20,TARAVAL,1,Thursday
15841,RUNAWAY,21,BAYVIEW,1,Monday
15842,RUNAWAY,21,TARAVAL,1,Monday
15843,RUNAWAY,22,BAYVIEW,1,Tuesday
15844,RUNAWAY,22,NORTHERN,1,Thursday
15845,RUNAWAY,22,PARK,1,Saturday
15846,RUNAWAY,22,RICHMOND,1,Tuesday
15847,RUNAWAY,22,SOUTHERN,1,Saturday
15848,RUNAWAY,22,TARAVAL,1,Saturday
15849,RUNAWAY,22,TARAVAL,3,Sunday
15850,RUNAWAY,23,BAYVIEW,1,Tuesday
15851,RUNAWAY,23,BAYVIEW,1,Wednesday
15852,RUNAWAY,23,CENTRAL,1,Monday
15853,RUNAWAY,23,TARAVAL,1,Saturday
15854,RUNAWAY,23,TARAVAL,2,Sunday
15855,RUNAWAY,23,TARAVAL,1,Tuesday
15856,RUNAWAY,23,TENDERLOIN,1,Tuesday
15857,SECONDARY CODES,00,BAYVIEW,1,Friday
15858,SECONDARY CODES,00,BAYVIEW,2,Monday
15859,SECONDARY CODES,00,BAYVIEW,3,Saturday
15860,SECONDARY CODES,00,BAYVIEW,1,Sunday
15861,SECONDARY CODES,00,BAYVIEW,5,Thursday
15862,SECONDARY CODES,00,BAYVIEW,1,Tuesday
15863,SECONDARY CODES,00,BAYVIEW,2,Wednesday
15864,SECONDARY CODES,00,CENTRAL,3,Friday
15865,SECONDARY CODES,00,CENTRAL,3,Monday
15866,SECONDARY CODES,00,CENTRAL,2,Saturday
15867,SECONDARY CODES,00,CENTRAL,3,Thursday
15868,SECONDARY CODES,00,CENTRAL,1,Tuesday
15869,SECONDARY CODES,00,CENTRAL,1,Wednesday
15870,SECONDARY CODES,00,INGLESIDE,1,Friday
15871,SECONDARY CODES,00,INGLESIDE,2,Monday
15872,SECONDARY CODES,00,INGLESIDE,1,Saturday
15873,SECONDARY CODES,00,INGLESIDE,3,Sunday
15874,SECONDARY CODES,00,INGLESIDE,1,Thursday
15875,SECONDARY CODES,00,INGLESIDE,4,Tuesday
15876,SECONDARY CODES,00,MISSION,2,Friday
15877,SECONDARY CODES,00,MISSION,2,Monday
15878,SECONDARY CODES,00,MISSION,1,Saturday
15879,SECONDARY CODES,00,MISSION,3,Sunday
15880,SECONDARY CODES,00,MISSION,2,Thursday
15881,SECONDARY CODES,00,MISSION,2,Tuesday
15882,SECONDARY CODES,00,MISSION,2,Wednesday
15883,SECONDARY CODES,00,NORTHERN,2,Friday
15884,SECONDARY CODES,00,NORTHERN,3,Monday
15885,SECONDARY CODES,00,NORTHERN,1,Saturday
15886,SECONDARY CODES,00,NORTHERN,2,Sunday
15887,SECONDARY CODES,00,NORTHERN,3,Thursday
15888,SECONDARY CODES,00,NORTHERN,1,Wednesday
15889,SECONDARY CODES,00,PARK,1,Monday
15890,SECONDARY CODES,00,PARK,1,Tuesday
15891,SECONDARY CODES,00,PARK,2,Wednesday
15892,SECONDARY CODES,00,RICHMOND,1,Friday
15893,SECONDARY CODES,00,RICHMOND,1,Saturday
15894,SECONDARY CODES,00,RICHMOND,2,Sunday
15895,SECONDARY CODES,00,RICHMOND,1,Tuesday
15896,SECONDARY CODES,00,RICHMOND,1,Wednesday
15897,SECONDARY CODES,00,SOUTHERN,1,Friday
15898,SECONDARY CODES,00,SOUTHERN,2,Saturday
15899,SECONDARY CODES,00,SOUTHERN,1,Sunday
15900,SECONDARY CODES,00,SOUTHERN,1,Thursday
15901,SECONDARY CODES,00,SOUTHERN,2,Tuesday
15902,SECONDARY CODES,00,SOUTHERN,4,Wednesday
15903,SECONDARY CODES,00,TARAVAL,1,Friday
15904,SECONDARY CODES,00,TARAVAL,2,Monday
15905,SECONDARY CODES,00,TARAVAL,2,Thursday
15906,SECONDARY CODES,00,TARAVAL,2,Tuesday
15907,SECONDARY CODES,00,TENDERLOIN,1,Thursday
15908,SECONDARY CODES,00,TENDERLOIN,3,Tuesday
15909,SECONDARY CODES,01,BAYVIEW,1,Friday
15910,SECONDARY CODES,01,BAYVIEW,1,Monday
15911,SECONDARY CODES,01,BAYVIEW,1,Sunday
15912,SECONDARY CODES,01,BAYVIEW,1,Thursday
15913,SECONDARY CODES,01,BAYVIEW,2,Tuesday
15914,SECONDARY CODES,01,BAYVIEW,1,Wednesday
15915,SECONDARY CODES,01,CENTRAL,1,Monday
15916,SECONDARY CODES,01,CENTRAL,1,Saturday
15917,SECONDARY CODES,01,CENTRAL,2,Sunday
15918,SECONDARY CODES,01,CENTRAL,1,Thursday
15919,SECONDARY CODES,01,CENTRAL,2,Tuesday
15920,SECONDARY CODES,01,CENTRAL,1,Wednesday
15921,SECONDARY CODES,01,INGLESIDE,2,Friday
15922,SECONDARY CODES,01,INGLESIDE,1,Saturday
15923,SECONDARY CODES,01,INGLESIDE,2,Sunday
15924,SECONDARY CODES,01,INGLESIDE,1,Tuesday
15925,SECONDARY CODES,01,MISSION,1,Monday
15926,SECONDARY CODES,01,MISSION,1,Sunday
15927,SECONDARY CODES,01,MISSION,1,Thursday
15928,SECONDARY CODES,01,MISSION,1,Wednesday
15929,SECONDARY CODES,01,NORTHERN,2,Monday
15930,SECONDARY CODES,01,NORTHERN,1,Saturday
15931,SECONDARY CODES,01,NORTHERN,4,Sunday
15932,SECONDARY CODES,01,NORTHERN,1,Tuesday
15933,SECONDARY CODES,01,PARK,1,Saturday
15934,SECONDARY CODES,01,PARK,1,Tuesday
15935,SECONDARY CODES,01,RICHMOND,2,Friday
15936,SECONDARY CODES,01,RICHMOND,1,Sunday
15937,SECONDARY CODES,01,RICHMOND,1,Tuesday
15938,SECONDARY CODES,01,SOUTHERN,1,Friday
15939,SECONDARY CODES,01,SOUTHERN,1,Monday
15940,SECONDARY CODES,01,SOUTHERN,1,Sunday
15941,SECONDARY CODES,01,SOUTHERN,1,Tuesday
15942,SECONDARY CODES,01,SOUTHERN,1,Wednesday
15943,SECONDARY CODES,01,TARAVAL,1,Monday
15944,SECONDARY CODES,01,TARAVAL,1,Saturday
15945,SECONDARY CODES,01,TARAVAL,4,Sunday
15946,SECONDARY CODES,01,TARAVAL,1,Thursday
15947,SECONDARY CODES,01,TARAVAL,1,Tuesday
15948,SECONDARY CODES,01,TENDERLOIN,1,Thursday
15949,SECONDARY CODES,02,BAYVIEW,2,Friday
15950,SECONDARY CODES,02,BAYVIEW,1,Sunday
15951,SECONDARY CODES,02,BAYVIEW,1,Thursday
15952,SECONDARY CODES,02,BAYVIEW,1,Tuesday
15953,SECONDARY CODES,02,CENTRAL,1,Sunday
15954,SECONDARY CODES,02,CENTRAL,1,Wednesday
15955,SECONDARY CODES,02,INGLESIDE,2,Monday
15956,SECONDARY CODES,02,INGLESIDE,1,Sunday
15957,SECONDARY CODES,02,INGLESIDE,1,Thursday
15958,SECONDARY CODES,02,INGLESIDE,2,Wednesday
15959,SECONDARY CODES,02,MISSION,2,Saturday
15960,SECONDARY CODES,02,MISSION,1,Sunday
15961,SECONDARY CODES,02,MISSION,1,Wednesday
15962,SECONDARY CODES,02,NORTHERN,2,Sunday
15963,SECONDARY CODES,02,RICHMOND,1,Saturday
15964,SECONDARY CODES,02,RICHMOND,1,Sunday
15965,SECONDARY CODES,02,SOUTHERN,1,Friday
15966,SECONDARY CODES,02,SOUTHERN,4,Monday
15967,SECONDARY CODES,02,SOUTHERN,1,Saturday
15968,SECONDARY CODES,02,SOUTHERN,2,Sunday
15969,SECONDARY CODES,02,SOUTHERN,1,Tuesday
15970,SECONDARY CODES,02,SOUTHERN,1,Wednesday
15971,SECONDARY CODES,02,TARAVAL,1,Friday
15972,SECONDARY CODES,02,TARAVAL,1,Monday
15973,SECONDARY CODES,02,TARAVAL,1,Saturday
15974,SECONDARY CODES,02,TARAVAL,1,Sunday
15975,SECONDARY CODES,02,TARAVAL,1,Thursday
15976,SECONDARY CODES,02,TENDERLOIN,1,Friday
15977,SECONDARY CODES,02,TENDERLOIN,1,Monday
15978,SECONDARY CODES,02,TENDERLOIN,1,Saturday
15979,SECONDARY CODES,02,TENDERLOIN,1,Sunday
15980,SECONDARY CODES,02,TENDERLOIN,1,Thursday
15981,SECONDARY CODES,02,TENDERLOIN,1,Tuesday
15982,SECONDARY CODES,03,BAYVIEW,1,Friday
15983,SECONDARY CODES,03,BAYVIEW,1,Monday
15984,SECONDARY CODES,03,BAYVIEW,2,Saturday
15985,SECONDARY CODES,03,BAYVIEW,1,Sunday
15986,SECONDARY CODES,03,BAYVIEW,1,Thursday
15987,SECONDARY CODES,03,CENTRAL,2,Saturday
15988,SECONDARY CODES,03,CENTRAL,1,Sunday
15989,SECONDARY CODES,03,INGLESIDE,1,Friday
15990,SECONDARY CODES,03,INGLESIDE,1,Saturday
15991,SECONDARY CODES,03,MISSION,1,Saturday
15992,SECONDARY CODES,03,MISSION,1,Sunday
15993,SECONDARY CODES,03,MISSION,1,Thursday
15994,SECONDARY CODES,03,MISSION,2,Wednesday
15995,SECONDARY CODES,03,NORTHERN,2,Friday
15996,SECONDARY CODES,03,NORTHERN,1,Monday
15997,SECONDARY CODES,03,NORTHERN,2,Sunday
15998,SECONDARY CODES,03,NORTHERN,1,Tuesday
15999,SECONDARY CODES,03,RICHMOND,1,Friday
16000,SECONDARY CODES,03,SOUTHERN,2,Friday
16001,SECONDARY CODES,03,SOUTHERN,1,Monday
16002,SECONDARY CODES,03,SOUTHERN,1,Thursday
16003,SECONDARY CODES,03,TARAVAL,1,Monday
16004,SECONDARY CODES,03,TARAVAL,2,Saturday
16005,SECONDARY CODES,03,TARAVAL,1,Tuesday
16006,SECONDARY CODES,03,TENDERLOIN,1,Monday
16007,SECONDARY CODES,03,TENDERLOIN,2,Saturday
16008,SECONDARY CODES,03,TENDERLOIN,1,Thursday
16009,SECONDARY CODES,04,BAYVIEW,2,Monday
16010,SECONDARY CODES,04,BAYVIEW,1,Sunday
16011,SECONDARY CODES,04,BAYVIEW,3,Thursday
16012,SECONDARY CODES,04,CENTRAL,1,Saturday
16013,SECONDARY CODES,04,CENTRAL,3,Sunday
16014,SECONDARY CODES,04,MISSION,1,Thursday
16015,SECONDARY CODES,04,MISSION,1,Tuesday
16016,SECONDARY CODES,04,MISSION,1,Wednesday
16017,SECONDARY CODES,04,NORTHERN,1,Monday
16018,SECONDARY CODES,04,NORTHERN,2,Saturday
16019,SECONDARY CODES,04,NORTHERN,2,Thursday
16020,SECONDARY CODES,04,PARK,1,Friday
16021,SECONDARY CODES,04,PARK,1,Saturday
16022,SECONDARY CODES,04,PARK,1,Sunday
16023,SECONDARY CODES,04,SOUTHERN,2,Saturday
16024,SECONDARY CODES,04,SOUTHERN,1,Tuesday
16025,SECONDARY CODES,04,TARAVAL,1,Saturday
16026,SECONDARY CODES,04,TARAVAL,1,Tuesday
16027,SECONDARY CODES,04,TENDERLOIN,2,Friday
16028,SECONDARY CODES,05,BAYVIEW,1,Monday
16029,SECONDARY CODES,05,BAYVIEW,1,Saturday
16030,SECONDARY CODES,05,BAYVIEW,1,Sunday
16031,SECONDARY CODES,05,INGLESIDE,1,Monday
16032,SECONDARY CODES,05,INGLESIDE,2,Sunday
16033,SECONDARY CODES,05,INGLESIDE,2,Tuesday
16034,SECONDARY CODES,05,MISSION,1,Saturday
16035,SECONDARY CODES,05,MISSION,2,Sunday
16036,SECONDARY CODES,05,NORTHERN,1,Friday
16037,SECONDARY CODES,05,PARK,1,Monday
16038,SECONDARY CODES,05,PARK,1,Thursday
16039,SECONDARY CODES,05,RICHMOND,1,Saturday
16040,SECONDARY CODES,05,SOUTHERN,2,Monday
16041,SECONDARY CODES,05,SOUTHERN,3,Saturday
16042,SECONDARY CODES,05,SOUTHERN,1,Sunday
16043,SECONDARY CODES,05,SOUTHERN,1,Thursday
16044,SECONDARY CODES,05,SOUTHERN,1,Tuesday
16045,SECONDARY CODES,05,TARAVAL,1,Sunday
16046,SECONDARY CODES,06,BAYVIEW,1,Friday
16047,SECONDARY CODES,06,BAYVIEW,3,Monday
16048,SECONDARY CODES,06,BAYVIEW,1,Saturday
16049,SECONDARY CODES,06,BAYVIEW,1,Thursday
16050,SECONDARY CODES,06,BAYVIEW,1,Wednesday
16051,SECONDARY CODES,06,CENTRAL,1,Wednesday
16052,SECONDARY CODES,06,INGLESIDE,1,Saturday
16053,SECONDARY CODES,06,INGLESIDE,2,Sunday
16054,SECONDARY CODES,06,INGLESIDE,1,Thursday
16055,SECONDARY CODES,06,INGLESIDE,1,Wednesday
16056,SECONDARY CODES,06,MISSION,1,Monday
16057,SECONDARY CODES,06,MISSION,1,Saturday
16058,SECONDARY CODES,06,MISSION,1,Sunday
16059,SECONDARY CODES,06,MISSION,1,Thursday
16060,SECONDARY CODES,06,MISSION,1,Wednesday
16061,SECONDARY CODES,06,NORTHERN,1,Saturday
16062,SECONDARY CODES,06,PARK,1,Monday
16063,SECONDARY CODES,06,RICHMOND,1,Sunday
16064,SECONDARY CODES,06,SOUTHERN,1,Friday
16065,SECONDARY CODES,06,SOUTHERN,2,Sunday
16066,SECONDARY CODES,06,SOUTHERN,1,Thursday
16067,SECONDARY CODES,06,SOUTHERN,1,Wednesday
16068,SECONDARY CODES,06,TARAVAL,2,Monday
16069,SECONDARY CODES,06,TENDERLOIN,1,Monday
16070,SECONDARY CODES,06,TENDERLOIN,1,Saturday
16071,SECONDARY CODES,07,BAYVIEW,1,Monday
16072,SECONDARY CODES,07,BAYVIEW,1,Saturday
16073,SECONDARY CODES,07,BAYVIEW,1,Sunday
16074,SECONDARY CODES,07,BAYVIEW,1,Thursday
16075,SECONDARY CODES,07,BAYVIEW,3,Tuesday
16076,SECONDARY CODES,07,CENTRAL,1,Friday
16077,SECONDARY CODES,07,CENTRAL,1,Saturday
16078,SECONDARY CODES,07,CENTRAL,1,Sunday
16079,SECONDARY CODES,07,CENTRAL,2,Tuesday
16080,SECONDARY CODES,07,INGLESIDE,3,Friday
16081,SECONDARY CODES,07,INGLESIDE,1,Monday
16082,SECONDARY CODES,07,INGLESIDE,1,Sunday
16083,SECONDARY CODES,07,INGLESIDE,2,Thursday
16084,SECONDARY CODES,07,INGLESIDE,1,Tuesday
16085,SECONDARY CODES,07,MISSION,1,Friday
16086,SECONDARY CODES,07,MISSION,1,Monday
16087,SECONDARY CODES,07,MISSION,1,Sunday
16088,SECONDARY CODES,07,MISSION,1,Thursday
16089,SECONDARY CODES,07,MISSION,1,Tuesday
16090,SECONDARY CODES,07,MISSION,2,Wednesday
16091,SECONDARY CODES,07,NORTHERN,2,Friday
16092,SECONDARY CODES,07,NORTHERN,1,Monday
16093,SECONDARY CODES,07,NORTHERN,1,Saturday
16094,SECONDARY CODES,07,NORTHERN,1,Sunday
16095,SECONDARY CODES,07,NORTHERN,1,Thursday
16096,SECONDARY CODES,07,NORTHERN,2,Tuesday
16097,SECONDARY CODES,07,NORTHERN,1,Wednesday
16098,SECONDARY CODES,07,PARK,2,Wednesday
16099,SECONDARY CODES,07,RICHMOND,1,Friday
16100,SECONDARY CODES,07,RICHMOND,1,Monday
16101,SECONDARY CODES,07,SOUTHERN,2,Friday
16102,SECONDARY CODES,07,SOUTHERN,2,Monday
16103,SECONDARY CODES,07,SOUTHERN,1,Saturday
16104,SECONDARY CODES,07,SOUTHERN,1,Sunday
16105,SECONDARY CODES,07,SOUTHERN,1,Thursday
16106,SECONDARY CODES,07,TARAVAL,2,Sunday
16107,SECONDARY CODES,07,TARAVAL,1,Tuesday
16108,SECONDARY CODES,08,BAYVIEW,1,Friday
16109,SECONDARY CODES,08,BAYVIEW,1,Monday
16110,SECONDARY CODES,08,BAYVIEW,1,Saturday
16111,SECONDARY CODES,08,BAYVIEW,2,Sunday
16112,SECONDARY CODES,08,BAYVIEW,2,Thursday
16113,SECONDARY CODES,08,BAYVIEW,1,Tuesday
16114,SECONDARY CODES,08,BAYVIEW,3,Wednesday
16115,SECONDARY CODES,08,CENTRAL,2,Friday
16116,SECONDARY CODES,08,CENTRAL,1,Saturday
16117,SECONDARY CODES,08,CENTRAL,2,Tuesday
16118,SECONDARY CODES,08,CENTRAL,1,Wednesday
16119,SECONDARY CODES,08,INGLESIDE,2,Friday
16120,SECONDARY CODES,08,INGLESIDE,1,Monday
16121,SECONDARY CODES,08,INGLESIDE,1,Saturday
16122,SECONDARY CODES,08,INGLESIDE,2,Thursday
16123,SECONDARY CODES,08,INGLESIDE,2,Tuesday
16124,SECONDARY CODES,08,INGLESIDE,3,Wednesday
16125,SECONDARY CODES,08,MISSION,1,Friday
16126,SECONDARY CODES,08,MISSION,1,Saturday
16127,SECONDARY CODES,08,MISSION,1,Sunday
16128,SECONDARY CODES,08,MISSION,3,Thursday
16129,SECONDARY CODES,08,MISSION,2,Tuesday
16130,SECONDARY CODES,08,MISSION,1,Wednesday
16131,SECONDARY CODES,08,NORTHERN,1,Friday
16132,SECONDARY CODES,08,NORTHERN,1,Monday
16133,SECONDARY CODES,08,NORTHERN,1,Saturday
16134,SECONDARY CODES,08,NORTHERN,2,Sunday
16135,SECONDARY CODES,08,NORTHERN,3,Tuesday
16136,SECONDARY CODES,08,NORTHERN,1,Wednesday
16137,SECONDARY CODES,08,PARK,1,Saturday
16138,SECONDARY CODES,08,PARK,2,Thursday
16139,SECONDARY CODES,08,PARK,1,Wednesday
16140,SECONDARY CODES,08,RICHMOND,2,Friday
16141,SECONDARY CODES,08,RICHMOND,1,Monday
16142,SECONDARY CODES,08,RICHMOND,1,Sunday
16143,SECONDARY CODES,08,SOUTHERN,1,Friday
16144,SECONDARY CODES,08,SOUTHERN,2,Monday
16145,SECONDARY CODES,08,SOUTHERN,1,Saturday
16146,SECONDARY CODES,08,SOUTHERN,2,Thursday
16147,SECONDARY CODES,08,SOUTHERN,1,Tuesday
16148,SECONDARY CODES,08,SOUTHERN,1,Wednesday
16149,SECONDARY CODES,08,TARAVAL,1,Friday
16150,SECONDARY CODES,08,TARAVAL,1,Monday
16151,SECONDARY CODES,08,TARAVAL,3,Thursday
16152,SECONDARY CODES,08,TARAVAL,1,Tuesday
16153,SECONDARY CODES,08,TARAVAL,1,Wednesday
16154,SECONDARY CODES,09,BAYVIEW,7,Friday
16155,SECONDARY CODES,09,BAYVIEW,4,Saturday
16156,SECONDARY CODES,09,BAYVIEW,1,Thursday
16157,SECONDARY CODES,09,BAYVIEW,3,Wednesday
16158,SECONDARY CODES,09,CENTRAL,1,Tuesday
16159,SECONDARY CODES,09,INGLESIDE,2,Friday
16160,SECONDARY CODES,09,INGLESIDE,2,Monday
16161,SECONDARY CODES,09,INGLESIDE,6,Saturday
16162,SECONDARY CODES,09,INGLESIDE,1,Sunday
16163,SECONDARY CODES,09,INGLESIDE,4,Thursday
16164,SECONDARY CODES,09,INGLESIDE,2,Tuesday
16165,SECONDARY CODES,09,INGLESIDE,3,Wednesday
16166,SECONDARY CODES,09,MISSION,1,Monday
16167,SECONDARY CODES,09,MISSION,3,Sunday
16168,SECONDARY CODES,09,MISSION,1,Thursday
16169,SECONDARY CODES,09,MISSION,1,Tuesday
16170,SECONDARY CODES,09,NORTHERN,2,Friday
16171,SECONDARY CODES,09,NORTHERN,1,Monday
16172,SECONDARY CODES,09,NORTHERN,1,Sunday
16173,SECONDARY CODES,09,NORTHERN,1,Thursday
16174,SECONDARY CODES,09,NORTHERN,3,Tuesday
16175,SECONDARY CODES,09,NORTHERN,3,Wednesday
16176,SECONDARY CODES,09,PARK,3,Friday
16177,SECONDARY CODES,09,PARK,1,Monday
16178,SECONDARY CODES,09,PARK,3,Sunday
16179,SECONDARY CODES,09,PARK,2,Thursday
16180,SECONDARY CODES,09,PARK,1,Wednesday
16181,SECONDARY CODES,09,RICHMOND,1,Friday
16182,SECONDARY CODES,09,RICHMOND,2,Saturday
16183,SECONDARY CODES,09,RICHMOND,1,Thursday
16184,SECONDARY CODES,09,RICHMOND,3,Wednesday
16185,SECONDARY CODES,09,SOUTHERN,1,Friday
16186,SECONDARY CODES,09,SOUTHERN,2,Monday
16187,SECONDARY CODES,09,SOUTHERN,2,Saturday
16188,SECONDARY CODES,09,SOUTHERN,1,Sunday
16189,SECONDARY CODES,09,SOUTHERN,1,Thursday
16190,SECONDARY CODES,09,SOUTHERN,2,Tuesday
16191,SECONDARY CODES,09,TARAVAL,1,Friday
16192,SECONDARY CODES,09,TARAVAL,2,Monday
16193,SECONDARY CODES,09,TARAVAL,1,Saturday
16194,SECONDARY CODES,09,TARAVAL,1,Sunday
16195,SECONDARY CODES,09,TARAVAL,2,Thursday
16196,SECONDARY CODES,09,TARAVAL,6,Tuesday
16197,SECONDARY CODES,09,TARAVAL,6,Wednesday
16198,SECONDARY CODES,09,TENDERLOIN,1,Sunday
16199,SECONDARY CODES,09,TENDERLOIN,1,Tuesday
16200,SECONDARY CODES,10,BAYVIEW,1,Friday
16201,SECONDARY CODES,10,BAYVIEW,2,Monday
16202,SECONDARY CODES,10,BAYVIEW,3,Saturday
16203,SECONDARY CODES,10,BAYVIEW,1,Sunday
16204,SECONDARY CODES,10,BAYVIEW,1,Tuesday
16205,SECONDARY CODES,10,CENTRAL,1,Friday
16206,SECONDARY CODES,10,CENTRAL,1,Saturday
16207,SECONDARY CODES,10,CENTRAL,3,Sunday
16208,SECONDARY CODES,10,CENTRAL,1,Wednesday
16209,SECONDARY CODES,10,INGLESIDE,2,Thursday
16210,SECONDARY CODES,10,INGLESIDE,2,Tuesday
16211,SECONDARY CODES,10,MISSION,1,Friday
16212,SECONDARY CODES,10,MISSION,3,Saturday
16213,SECONDARY CODES,10,MISSION,1,Wednesday
16214,SECONDARY CODES,10,NORTHERN,1,Friday
16215,SECONDARY CODES,10,NORTHERN,1,Saturday
16216,SECONDARY CODES,10,NORTHERN,2,Thursday
16217,SECONDARY CODES,10,NORTHERN,2,Tuesday
16218,SECONDARY CODES,10,NORTHERN,5,Wednesday
16219,SECONDARY CODES,10,PARK,1,Friday
16220,SECONDARY CODES,10,PARK,2,Sunday
16221,SECONDARY CODES,10,PARK,1,Tuesday
16222,SECONDARY CODES,10,PARK,1,Wednesday
16223,SECONDARY CODES,10,RICHMOND,3,Tuesday
16224,SECONDARY CODES,10,SOUTHERN,4,Friday
16225,SECONDARY CODES,10,SOUTHERN,1,Sunday
16226,SECONDARY CODES,10,SOUTHERN,2,Thursday
16227,SECONDARY CODES,10,SOUTHERN,1,Tuesday
16228,SECONDARY CODES,10,SOUTHERN,2,Wednesday
16229,SECONDARY CODES,10,TARAVAL,1,Friday
16230,SECONDARY CODES,10,TARAVAL,2,Monday
16231,SECONDARY CODES,10,TARAVAL,5,Thursday
16232,SECONDARY CODES,10,TARAVAL,3,Tuesday
16233,SECONDARY CODES,10,TARAVAL,1,Wednesday
16234,SECONDARY CODES,10,TENDERLOIN,3,Friday
16235,SECONDARY CODES,10,TENDERLOIN,1,Saturday
16236,SECONDARY CODES,10,TENDERLOIN,1,Tuesday
16237,SECONDARY CODES,10,TENDERLOIN,1,Wednesday
16238,SECONDARY CODES,11,BAYVIEW,1,Monday
16239,SECONDARY CODES,11,BAYVIEW,1,Saturday
16240,SECONDARY CODES,11,BAYVIEW,2,Sunday
16241,SECONDARY CODES,11,BAYVIEW,1,Thursday
16242,SECONDARY CODES,11,BAYVIEW,1,Wednesday
16243,SECONDARY CODES,11,CENTRAL,2,Tuesday
16244,SECONDARY CODES,11,CENTRAL,1,Wednesday
16245,SECONDARY CODES,11,INGLESIDE,1,Saturday
16246,SECONDARY CODES,11,INGLESIDE,1,Sunday
16247,SECONDARY CODES,11,INGLESIDE,1,Tuesday
16248,SECONDARY CODES,11,INGLESIDE,2,Wednesday
16249,SECONDARY CODES,11,MISSION,1,Monday
16250,SECONDARY CODES,11,MISSION,1,Saturday
16251,SECONDARY CODES,11,MISSION,3,Tuesday
16252,SECONDARY CODES,11,NORTHERN,2,Monday
16253,SECONDARY CODES,11,NORTHERN,1,Saturday
16254,SECONDARY CODES,11,NORTHERN,1,Sunday
16255,SECONDARY CODES,11,NORTHERN,5,Thursday
16256,SECONDARY CODES,11,NORTHERN,1,Wednesday
16257,SECONDARY CODES,11,PARK,2,Friday
16258,SECONDARY CODES,11,PARK,1,Monday
16259,SECONDARY CODES,11,PARK,1,Saturday
16260,SECONDARY CODES,11,PARK,1,Sunday
16261,SECONDARY CODES,11,PARK,1,Thursday
16262,SECONDARY CODES,11,PARK,2,Tuesday
16263,SECONDARY CODES,11,PARK,1,Wednesday
16264,SECONDARY CODES,11,RICHMOND,1,Friday
16265,SECONDARY CODES,11,RICHMOND,1,Saturday
16266,SECONDARY CODES,11,RICHMOND,1,Thursday
16267,SECONDARY CODES,11,RICHMOND,2,Tuesday
16268,SECONDARY CODES,11,RICHMOND,3,Wednesday
16269,SECONDARY CODES,11,SOUTHERN,4,Friday
16270,SECONDARY CODES,11,SOUTHERN,3,Monday
16271,SECONDARY CODES,11,SOUTHERN,2,Saturday
16272,SECONDARY CODES,11,SOUTHERN,2,Sunday
16273,SECONDARY CODES,11,SOUTHERN,3,Thursday
16274,SECONDARY CODES,11,SOUTHERN,3,Tuesday
16275,SECONDARY CODES,11,SOUTHERN,2,Wednesday
16276,SECONDARY CODES,11,TARAVAL,2,Friday
16277,SECONDARY CODES,11,TARAVAL,2,Monday
16278,SECONDARY CODES,11,TARAVAL,1,Sunday
16279,SECONDARY CODES,11,TARAVAL,1,Thursday
16280,SECONDARY CODES,11,TARAVAL,3,Tuesday
16281,SECONDARY CODES,11,TARAVAL,3,Wednesday
16282,SECONDARY CODES,11,TENDERLOIN,1,Wednesday
16283,SECONDARY CODES,12,BAYVIEW,1,Monday
16284,SECONDARY CODES,12,BAYVIEW,3,Sunday
16285,SECONDARY CODES,12,BAYVIEW,1,Thursday
16286,SECONDARY CODES,12,BAYVIEW,2,Tuesday
16287,SECONDARY CODES,12,BAYVIEW,2,Wednesday
16288,SECONDARY CODES,12,CENTRAL,1,Monday
16289,SECONDARY CODES,12,CENTRAL,2,Sunday
16290,SECONDARY CODES,12,CENTRAL,1,Thursday
16291,SECONDARY CODES,12,CENTRAL,1,Tuesday
16292,SECONDARY CODES,12,CENTRAL,3,Wednesday
16293,SECONDARY CODES,12,INGLESIDE,4,Friday
16294,SECONDARY CODES,12,INGLESIDE,2,Monday
16295,SECONDARY CODES,12,INGLESIDE,3,Saturday
16296,SECONDARY CODES,12,INGLESIDE,2,Sunday
16297,SECONDARY CODES,12,INGLESIDE,2,Thursday
16298,SECONDARY CODES,12,INGLESIDE,1,Tuesday
16299,SECONDARY CODES,12,MISSION,2,Monday
16300,SECONDARY CODES,12,MISSION,1,Saturday
16301,SECONDARY CODES,12,MISSION,1,Sunday
16302,SECONDARY CODES,12,MISSION,2,Tuesday
16303,SECONDARY CODES,12,MISSION,1,Wednesday
16304,SECONDARY CODES,12,NORTHERN,2,Friday
16305,SECONDARY CODES,12,NORTHERN,3,Monday
16306,SECONDARY CODES,12,NORTHERN,1,Sunday
16307,SECONDARY CODES,12,NORTHERN,5,Thursday
16308,SECONDARY CODES,12,NORTHERN,1,Tuesday
16309,SECONDARY CODES,12,NORTHERN,4,Wednesday
16310,SECONDARY CODES,12,PARK,1,Friday
16311,SECONDARY CODES,12,PARK,1,Monday
16312,SECONDARY CODES,12,PARK,1,Saturday
16313,SECONDARY CODES,12,PARK,1,Sunday
16314,SECONDARY CODES,12,PARK,1,Thursday
16315,SECONDARY CODES,12,PARK,1,Tuesday
16316,SECONDARY CODES,12,RICHMOND,1,Friday
16317,SECONDARY CODES,12,RICHMOND,1,Saturday
16318,SECONDARY CODES,12,RICHMOND,1,Sunday
16319,SECONDARY CODES,12,RICHMOND,1,Thursday
16320,SECONDARY CODES,12,RICHMOND,4,Tuesday
16321,SECONDARY CODES,12,SOUTHERN,2,Friday
16322,SECONDARY CODES,12,SOUTHERN,2,Monday
16323,SECONDARY CODES,12,SOUTHERN,1,Saturday
16324,SECONDARY CODES,12,SOUTHERN,6,Sunday
16325,SECONDARY CODES,12,SOUTHERN,2,Thursday
16326,SECONDARY CODES,12,SOUTHERN,4,Tuesday
16327,SECONDARY CODES,12,SOUTHERN,2,Wednesday
16328,SECONDARY CODES,12,TARAVAL,1,Friday
16329,SECONDARY CODES,12,TARAVAL,3,Monday
16330,SECONDARY CODES,12,TARAVAL,2,Saturday
16331,SECONDARY CODES,12,TARAVAL,3,Thursday
16332,SECONDARY CODES,12,TARAVAL,4,Tuesday
16333,SECONDARY CODES,12,TARAVAL,3,Wednesday
16334,SECONDARY CODES,12,TENDERLOIN,1,Friday
16335,SECONDARY CODES,12,TENDERLOIN,1,Saturday
16336,SECONDARY CODES,12,TENDERLOIN,1,Thursday
16337,SECONDARY CODES,13,BAYVIEW,4,Friday
16338,SECONDARY CODES,13,BAYVIEW,3,Monday
16339,SECONDARY CODES,13,BAYVIEW,1,Saturday
16340,SECONDARY CODES,13,BAYVIEW,2,Sunday
16341,SECONDARY CODES,13,BAYVIEW,2,Thursday
16342,SECONDARY CODES,13,BAYVIEW,3,Wednesday
16343,SECONDARY CODES,13,CENTRAL,1,Friday
16344,SECONDARY CODES,13,CENTRAL,3,Monday
16345,SECONDARY CODES,13,CENTRAL,1,Sunday
16346,SECONDARY CODES,13,INGLESIDE,3,Friday
16347,SECONDARY CODES,13,INGLESIDE,2,Monday
16348,SECONDARY CODES,13,INGLESIDE,1,Saturday
16349,SECONDARY CODES,13,INGLESIDE,1,Thursday
16350,SECONDARY CODES,13,INGLESIDE,1,Tuesday
16351,SECONDARY CODES,13,INGLESIDE,1,Wednesday
16352,SECONDARY CODES,13,MISSION,1,Friday
16353,SECONDARY CODES,13,MISSION,1,Saturday
16354,SECONDARY CODES,13,MISSION,1,Sunday
16355,SECONDARY CODES,13,MISSION,1,Thursday
16356,SECONDARY CODES,13,MISSION,1,Tuesday
16357,SECONDARY CODES,13,MISSION,1,Wednesday
16358,SECONDARY CODES,13,NORTHERN,1,Monday
16359,SECONDARY CODES,13,NORTHERN,3,Sunday
16360,SECONDARY CODES,13,NORTHERN,2,Tuesday
16361,SECONDARY CODES,13,PARK,1,Friday
16362,SECONDARY CODES,13,PARK,1,Wednesday
16363,SECONDARY CODES,13,RICHMOND,1,Friday
16364,SECONDARY CODES,13,RICHMOND,2,Monday
16365,SECONDARY CODES,13,RICHMOND,1,Saturday
16366,SECONDARY CODES,13,RICHMOND,2,Thursday
16367,SECONDARY CODES,13,RICHMOND,4,Wednesday
16368,SECONDARY CODES,13,SOUTHERN,1,Monday
16369,SECONDARY CODES,13,SOUTHERN,3,Saturday
16370,SECONDARY CODES,13,SOUTHERN,4,Sunday
16371,SECONDARY CODES,13,SOUTHERN,1,Thursday
16372,SECONDARY CODES,13,SOUTHERN,3,Tuesday
16373,SECONDARY CODES,13,SOUTHERN,5,Wednesday
16374,SECONDARY CODES,13,TARAVAL,3,Friday
16375,SECONDARY CODES,13,TARAVAL,3,Monday
16376,SECONDARY CODES,13,TARAVAL,3,Saturday
16377,SECONDARY CODES,13,TARAVAL,2,Sunday
16378,SECONDARY CODES,13,TARAVAL,4,Thursday
16379,SECONDARY CODES,13,TARAVAL,1,Tuesday
16380,SECONDARY CODES,13,TARAVAL,1,Wednesday
16381,SECONDARY CODES,13,TENDERLOIN,1,Friday
16382,SECONDARY CODES,13,TENDERLOIN,2,Monday
16383,SECONDARY CODES,13,TENDERLOIN,1,Sunday
16384,SECONDARY CODES,13,TENDERLOIN,1,Thursday
16385,SECONDARY CODES,13,TENDERLOIN,2,Tuesday
16386,SECONDARY CODES,14,BAYVIEW,3,Friday
16387,SECONDARY CODES,14,BAYVIEW,2,Monday
16388,SECONDARY CODES,14,BAYVIEW,1,Saturday
16389,SECONDARY CODES,14,BAYVIEW,1,Sunday
16390,SECONDARY CODES,14,BAYVIEW,3,Thursday
16391,SECONDARY CODES,14,BAYVIEW,1,Wednesday
16392,SECONDARY CODES,14,CENTRAL,1,Friday
16393,SECONDARY CODES,14,CENTRAL,2,Monday
16394,SECONDARY CODES,14,CENTRAL,2,Saturday
16395,SECONDARY CODES,14,CENTRAL,3,Sunday
16396,SECONDARY CODES,14,CENTRAL,2,Thursday
16397,SECONDARY CODES,14,CENTRAL,1,Tuesday
16398,SECONDARY CODES,14,INGLESIDE,1,Friday
16399,SECONDARY CODES,14,INGLESIDE,1,Saturday
16400,SECONDARY CODES,14,INGLESIDE,2,Sunday
16401,SECONDARY CODES,14,INGLESIDE,1,Thursday
16402,SECONDARY CODES,14,INGLESIDE,1,Tuesday
16403,SECONDARY CODES,14,INGLESIDE,2,Wednesday
16404,SECONDARY CODES,14,MISSION,2,Friday
16405,SECONDARY CODES,14,MISSION,2,Monday
16406,SECONDARY CODES,14,MISSION,4,Saturday
16407,SECONDARY CODES,14,MISSION,2,Sunday
16408,SECONDARY CODES,14,MISSION,4,Thursday
16409,SECONDARY CODES,14,MISSION,3,Tuesday
16410,SECONDARY CODES,14,MISSION,2,Wednesday
16411,SECONDARY CODES,14,NORTHERN,2,Friday
16412,SECONDARY CODES,14,NORTHERN,1,Saturday
16413,SECONDARY CODES,14,NORTHERN,3,Sunday
16414,SECONDARY CODES,14,NORTHERN,1,Thursday
16415,SECONDARY CODES,14,NORTHERN,1,Tuesday
16416,SECONDARY CODES,14,PARK,1,Friday
16417,SECONDARY CODES,14,PARK,1,Sunday
16418,SECONDARY CODES,14,PARK,1,Wednesday
16419,SECONDARY CODES,14,RICHMOND,1,Monday
16420,SECONDARY CODES,14,RICHMOND,1,Saturday
16421,SECONDARY CODES,14,RICHMOND,2,Thursday
16422,SECONDARY CODES,14,RICHMOND,1,Tuesday
16423,SECONDARY CODES,14,RICHMOND,3,Wednesday
16424,SECONDARY CODES,14,SOUTHERN,4,Friday
16425,SECONDARY CODES,14,SOUTHERN,2,Monday
16426,SECONDARY CODES,14,SOUTHERN,3,Saturday
16427,SECONDARY CODES,14,SOUTHERN,3,Sunday
16428,SECONDARY CODES,14,SOUTHERN,4,Thursday
16429,SECONDARY CODES,14,SOUTHERN,5,Tuesday
16430,SECONDARY CODES,14,TARAVAL,1,Friday
16431,SECONDARY CODES,14,TARAVAL,3,Monday
16432,SECONDARY CODES,14,TARAVAL,2,Sunday
16433,SECONDARY CODES,14,TARAVAL,4,Thursday
16434,SECONDARY CODES,14,TARAVAL,1,Tuesday
16435,SECONDARY CODES,14,TARAVAL,4,Wednesday
16436,SECONDARY CODES,14,TENDERLOIN,1,Monday
16437,SECONDARY CODES,14,TENDERLOIN,1,Sunday
16438,SECONDARY CODES,14,TENDERLOIN,1,Thursday
16439,SECONDARY CODES,14,TENDERLOIN,1,Tuesday
16440,SECONDARY CODES,14,TENDERLOIN,1,Wednesday
16441,SECONDARY CODES,15,BAYVIEW,2,Friday
16442,SECONDARY CODES,15,BAYVIEW,2,Monday
16443,SECONDARY CODES,15,BAYVIEW,3,Saturday
16444,SECONDARY CODES,15,BAYVIEW,2,Sunday
16445,SECONDARY CODES,15,BAYVIEW,1,Thursday
16446,SECONDARY CODES,15,BAYVIEW,2,Tuesday
16447,SECONDARY CODES,15,BAYVIEW,5,Wednesday
16448,SECONDARY CODES,15,CENTRAL,2,Monday
16449,SECONDARY CODES,15,CENTRAL,3,Sunday
16450,SECONDARY CODES,15,INGLESIDE,2,Friday
16451,SECONDARY CODES,15,INGLESIDE,3,Monday
16452,SECONDARY CODES,15,INGLESIDE,1,Saturday
16453,SECONDARY CODES,15,INGLESIDE,3,Sunday
16454,SECONDARY CODES,15,INGLESIDE,1,Thursday
16455,SECONDARY CODES,15,INGLESIDE,4,Tuesday
16456,SECONDARY CODES,15,INGLESIDE,2,Wednesday
16457,SECONDARY CODES,15,MISSION,1,Friday
16458,SECONDARY CODES,15,MISSION,4,Monday
16459,SECONDARY CODES,15,MISSION,2,Saturday
16460,SECONDARY CODES,15,MISSION,2,Sunday
16461,SECONDARY CODES,15,MISSION,2,Thursday
16462,SECONDARY CODES,15,MISSION,1,Tuesday
16463,SECONDARY CODES,15,MISSION,2,Wednesday
16464,SECONDARY CODES,15,NORTHERN,1,Friday
16465,SECONDARY CODES,15,NORTHERN,4,Monday
16466,SECONDARY CODES,15,NORTHERN,1,Saturday
16467,SECONDARY CODES,15,NORTHERN,2,Sunday
16468,SECONDARY CODES,15,NORTHERN,1,Thursday
16469,SECONDARY CODES,15,NORTHERN,2,Tuesday
16470,SECONDARY CODES,15,NORTHERN,2,Wednesday
16471,SECONDARY CODES,15,PARK,2,Tuesday
16472,SECONDARY CODES,15,PARK,2,Wednesday
16473,SECONDARY CODES,15,RICHMOND,1,Monday
16474,SECONDARY CODES,15,RICHMOND,3,Sunday
16475,SECONDARY CODES,15,RICHMOND,1,Thursday
16476,SECONDARY CODES,15,RICHMOND,1,Tuesday
16477,SECONDARY CODES,15,SOUTHERN,4,Monday
16478,SECONDARY CODES,15,SOUTHERN,3,Saturday
16479,SECONDARY CODES,15,SOUTHERN,3,Sunday
16480,SECONDARY CODES,15,SOUTHERN,1,Thursday
16481,SECONDARY CODES,15,SOUTHERN,1,Tuesday
16482,SECONDARY CODES,15,SOUTHERN,2,Wednesday
16483,SECONDARY CODES,15,TARAVAL,2,Friday
16484,SECONDARY CODES,15,TARAVAL,1,Monday
16485,SECONDARY CODES,15,TARAVAL,2,Saturday
16486,SECONDARY CODES,15,TARAVAL,1,Thursday
16487,SECONDARY CODES,15,TARAVAL,2,Tuesday
16488,SECONDARY CODES,15,TARAVAL,4,Wednesday
16489,SECONDARY CODES,15,TENDERLOIN,1,Friday
16490,SECONDARY CODES,15,TENDERLOIN,1,Monday
16491,SECONDARY CODES,15,TENDERLOIN,1,Saturday
16492,SECONDARY CODES,15,TENDERLOIN,3,Sunday
16493,SECONDARY CODES,15,TENDERLOIN,2,Thursday
16494,SECONDARY CODES,15,TENDERLOIN,1,Wednesday
16495,SECONDARY CODES,16,BAYVIEW,1,Friday
16496,SECONDARY CODES,16,BAYVIEW,3,Monday
16497,SECONDARY CODES,16,BAYVIEW,2,Saturday
16498,SECONDARY CODES,16,BAYVIEW,5,Thursday
16499,SECONDARY CODES,16,BAYVIEW,3,Tuesday
16500,SECONDARY CODES,16,CENTRAL,1,Friday
16501,SECONDARY CODES,16,CENTRAL,1,Monday
16502,SECONDARY CODES,16,CENTRAL,2,Saturday
16503,SECONDARY CODES,16,CENTRAL,1,Sunday
16504,SECONDARY CODES,16,CENTRAL,1,Thursday
16505,SECONDARY CODES,16,CENTRAL,3,Tuesday
16506,SECONDARY CODES,16,CENTRAL,2,Wednesday
16507,SECONDARY CODES,16,INGLESIDE,3,Friday
16508,SECONDARY CODES,16,INGLESIDE,3,Monday
16509,SECONDARY CODES,16,INGLESIDE,1,Saturday
16510,SECONDARY CODES,16,INGLESIDE,3,Sunday
16511,SECONDARY CODES,16,INGLESIDE,3,Thursday
16512,SECONDARY CODES,16,INGLESIDE,4,Tuesday
16513,SECONDARY CODES,16,INGLESIDE,4,Wednesday
16514,SECONDARY CODES,16,MISSION,1,Friday
16515,SECONDARY CODES,16,MISSION,1,Monday
16516,SECONDARY CODES,16,MISSION,3,Saturday
16517,SECONDARY CODES,16,MISSION,2,Thursday
16518,SECONDARY CODES,16,MISSION,3,Tuesday
16519,SECONDARY CODES,16,MISSION,3,Wednesday
16520,SECONDARY CODES,16,NORTHERN,2,Friday
16521,SECONDARY CODES,16,NORTHERN,1,Monday
16522,SECONDARY CODES,16,NORTHERN,2,Saturday
16523,SECONDARY CODES,16,NORTHERN,2,Sunday
16524,SECONDARY CODES,16,NORTHERN,1,Tuesday
16525,SECONDARY CODES,16,NORTHERN,1,Wednesday
16526,SECONDARY CODES,16,PARK,1,Monday
16527,SECONDARY CODES,16,PARK,1,Thursday
16528,SECONDARY CODES,16,PARK,1,Wednesday
16529,SECONDARY CODES,16,RICHMOND,2,Friday
16530,SECONDARY CODES,16,RICHMOND,1,Monday
16531,SECONDARY CODES,16,RICHMOND,1,Saturday
16532,SECONDARY CODES,16,RICHMOND,2,Sunday
16533,SECONDARY CODES,16,RICHMOND,4,Thursday
16534,SECONDARY CODES,16,RICHMOND,1,Wednesday
16535,SECONDARY CODES,16,SOUTHERN,4,Friday
16536,SECONDARY CODES,16,SOUTHERN,1,Saturday
16537,SECONDARY CODES,16,SOUTHERN,2,Sunday
16538,SECONDARY CODES,16,SOUTHERN,1,Thursday
16539,SECONDARY CODES,16,SOUTHERN,2,Tuesday
16540,SECONDARY CODES,16,SOUTHERN,4,Wednesday
16541,SECONDARY CODES,16,TARAVAL,2,Friday
16542,SECONDARY CODES,16,TARAVAL,3,Monday
16543,SECONDARY CODES,16,TARAVAL,2,Saturday
16544,SECONDARY CODES,16,TARAVAL,2,Thursday
16545,SECONDARY CODES,16,TARAVAL,5,Tuesday
16546,SECONDARY CODES,16,TARAVAL,3,Wednesday
16547,SECONDARY CODES,16,TENDERLOIN,3,Monday
16548,SECONDARY CODES,16,TENDERLOIN,1,Tuesday
16549,SECONDARY CODES,17,BAYVIEW,2,Friday
16550,SECONDARY CODES,17,BAYVIEW,1,Saturday
16551,SECONDARY CODES,17,BAYVIEW,1,Sunday
16552,SECONDARY CODES,17,BAYVIEW,1,Thursday
16553,SECONDARY CODES,17,BAYVIEW,3,Tuesday
16554,SECONDARY CODES,17,BAYVIEW,3,Wednesday
16555,SECONDARY CODES,17,CENTRAL,2,Saturday
16556,SECONDARY CODES,17,CENTRAL,3,Sunday
16557,SECONDARY CODES,17,CENTRAL,4,Tuesday
16558,SECONDARY CODES,17,CENTRAL,2,Wednesday
16559,SECONDARY CODES,17,INGLESIDE,2,Friday
16560,SECONDARY CODES,17,INGLESIDE,2,Monday
16561,SECONDARY CODES,17,INGLESIDE,3,Sunday
16562,SECONDARY CODES,17,INGLESIDE,2,Thursday
16563,SECONDARY CODES,17,INGLESIDE,2,Tuesday
16564,SECONDARY CODES,17,MISSION,1,Friday
16565,SECONDARY CODES,17,MISSION,1,Monday
16566,SECONDARY CODES,17,MISSION,1,Saturday
16567,SECONDARY CODES,17,MISSION,4,Thursday
16568,SECONDARY CODES,17,MISSION,2,Tuesday
16569,SECONDARY CODES,17,MISSION,2,Wednesday
16570,SECONDARY CODES,17,NORTHERN,1,Friday
16571,SECONDARY CODES,17,NORTHERN,1,Monday
16572,SECONDARY CODES,17,NORTHERN,1,Thursday
16573,SECONDARY CODES,17,NORTHERN,1,Tuesday
16574,SECONDARY CODES,17,NORTHERN,2,Wednesday
16575,SECONDARY CODES,17,PARK,2,Friday
16576,SECONDARY CODES,17,PARK,1,Saturday
16577,SECONDARY CODES,17,PARK,1,Tuesday
16578,SECONDARY CODES,17,RICHMOND,1,Monday
16579,SECONDARY CODES,17,RICHMOND,1,Saturday
16580,SECONDARY CODES,17,RICHMOND,1,Thursday
16581,SECONDARY CODES,17,RICHMOND,1,Wednesday
16582,SECONDARY CODES,17,SOUTHERN,1,Friday
16583,SECONDARY CODES,17,SOUTHERN,7,Monday
16584,SECONDARY CODES,17,SOUTHERN,2,Saturday
16585,SECONDARY CODES,17,SOUTHERN,3,Thursday
16586,SECONDARY CODES,17,SOUTHERN,1,Wednesday
16587,SECONDARY CODES,17,TARAVAL,4,Friday
16588,SECONDARY CODES,17,TARAVAL,4,Monday
16589,SECONDARY CODES,17,TARAVAL,2,Saturday
16590,SECONDARY CODES,17,TARAVAL,4,Sunday
16591,SECONDARY CODES,17,TARAVAL,4,Tuesday
16592,SECONDARY CODES,17,TARAVAL,1,Wednesday
16593,SECONDARY CODES,17,TENDERLOIN,2,Monday
16594,SECONDARY CODES,17,TENDERLOIN,2,Saturday
16595,SECONDARY CODES,17,TENDERLOIN,4,Sunday
16596,SECONDARY CODES,17,TENDERLOIN,2,Tuesday
16597,SECONDARY CODES,17,TENDERLOIN,1,Wednesday
16598,SECONDARY CODES,18,BAYVIEW,3,Friday
16599,SECONDARY CODES,18,BAYVIEW,2,Monday
16600,SECONDARY CODES,18,BAYVIEW,1,Saturday
16601,SECONDARY CODES,18,BAYVIEW,3,Sunday
16602,SECONDARY CODES,18,BAYVIEW,1,Thursday
16603,SECONDARY CODES,18,BAYVIEW,2,Tuesday
16604,SECONDARY CODES,18,BAYVIEW,2,Wednesday
16605,SECONDARY CODES,18,CENTRAL,2,Friday
16606,SECONDARY CODES,18,CENTRAL,1,Monday
16607,SECONDARY CODES,18,CENTRAL,1,Thursday
16608,SECONDARY CODES,18,CENTRAL,1,Tuesday
16609,SECONDARY CODES,18,CENTRAL,1,Wednesday
16610,SECONDARY CODES,18,INGLESIDE,1,Friday
16611,SECONDARY CODES,18,INGLESIDE,3,Monday
16612,SECONDARY CODES,18,INGLESIDE,2,Sunday
16613,SECONDARY CODES,18,INGLESIDE,4,Thursday
16614,SECONDARY CODES,18,INGLESIDE,5,Tuesday
16615,SECONDARY CODES,18,INGLESIDE,2,Wednesday
16616,SECONDARY CODES,18,MISSION,2,Friday
16617,SECONDARY CODES,18,MISSION,3,Monday
16618,SECONDARY CODES,18,MISSION,1,Saturday
16619,SECONDARY CODES,18,MISSION,1,Sunday
16620,SECONDARY CODES,18,MISSION,3,Thursday
16621,SECONDARY CODES,18,MISSION,3,Tuesday
16622,SECONDARY CODES,18,MISSION,3,Wednesday
16623,SECONDARY CODES,18,NORTHERN,2,Friday
16624,SECONDARY CODES,18,NORTHERN,3,Monday
16625,SECONDARY CODES,18,NORTHERN,1,Saturday
16626,SECONDARY CODES,18,NORTHERN,1,Sunday
16627,SECONDARY CODES,18,NORTHERN,2,Tuesday
16628,SECONDARY CODES,18,NORTHERN,1,Wednesday
16629,SECONDARY CODES,18,PARK,3,Tuesday
16630,SECONDARY CODES,18,PARK,3,Wednesday
16631,SECONDARY CODES,18,RICHMOND,2,Friday
16632,SECONDARY CODES,18,RICHMOND,2,Monday
16633,SECONDARY CODES,18,RICHMOND,3,Thursday
16634,SECONDARY CODES,18,RICHMOND,1,Wednesday
16635,SECONDARY CODES,18,SOUTHERN,3,Friday
16636,SECONDARY CODES,18,SOUTHERN,3,Monday
16637,SECONDARY CODES,18,SOUTHERN,1,Saturday
16638,SECONDARY CODES,18,SOUTHERN,1,Sunday
16639,SECONDARY CODES,18,SOUTHERN,4,Tuesday
16640,SECONDARY CODES,18,SOUTHERN,1,Wednesday
16641,SECONDARY CODES,18,TARAVAL,1,Friday
16642,SECONDARY CODES,18,TARAVAL,1,Monday
16643,SECONDARY CODES,18,TARAVAL,2,Saturday
16644,SECONDARY CODES,18,TARAVAL,1,Sunday
16645,SECONDARY CODES,18,TARAVAL,2,Thursday
16646,SECONDARY CODES,18,TARAVAL,1,Tuesday
16647,SECONDARY CODES,18,TARAVAL,3,Wednesday
16648,SECONDARY CODES,18,TENDERLOIN,2,Friday
16649,SECONDARY CODES,18,TENDERLOIN,1,Sunday
16650,SECONDARY CODES,18,TENDERLOIN,1,Thursday
16651,SECONDARY CODES,18,TENDERLOIN,1,Tuesday
16652,SECONDARY CODES,18,TENDERLOIN,1,Wednesday
16653,SECONDARY CODES,19,BAYVIEW,2,Friday
16654,SECONDARY CODES,19,BAYVIEW,3,Monday
16655,SECONDARY CODES,19,BAYVIEW,3,Saturday
16656,SECONDARY CODES,19,BAYVIEW,2,Thursday
16657,SECONDARY CODES,19,BAYVIEW,2,Tuesday
16658,SECONDARY CODES,19,BAYVIEW,4,Wednesday
16659,SECONDARY CODES,19,CENTRAL,1,Friday
16660,SECONDARY CODES,19,CENTRAL,1,Saturday
16661,SECONDARY CODES,19,CENTRAL,1,Thursday
16662,SECONDARY CODES,19,CENTRAL,1,Tuesday
16663,SECONDARY CODES,19,CENTRAL,1,Wednesday
16664,SECONDARY CODES,19,INGLESIDE,1,Friday
16665,SECONDARY CODES,19,INGLESIDE,2,Monday
16666,SECONDARY CODES,19,INGLESIDE,2,Saturday
16667,SECONDARY CODES,19,INGLESIDE,2,Tuesday
16668,SECONDARY CODES,19,INGLESIDE,2,Wednesday
16669,SECONDARY CODES,19,MISSION,2,Friday
16670,SECONDARY CODES,19,MISSION,2,Monday
16671,SECONDARY CODES,19,MISSION,2,Saturday
16672,SECONDARY CODES,19,MISSION,1,Sunday
16673,SECONDARY CODES,19,MISSION,1,Thursday
16674,SECONDARY CODES,19,MISSION,2,Tuesday
16675,SECONDARY CODES,19,MISSION,5,Wednesday
16676,SECONDARY CODES,19,NORTHERN,1,Monday
16677,SECONDARY CODES,19,NORTHERN,3,Saturday
16678,SECONDARY CODES,19,NORTHERN,1,Sunday
16679,SECONDARY CODES,19,NORTHERN,1,Thursday
16680,SECONDARY CODES,19,NORTHERN,1,Tuesday
16681,SECONDARY CODES,19,NORTHERN,1,Wednesday
16682,SECONDARY CODES,19,PARK,1,Tuesday
16683,SECONDARY CODES,19,PARK,2,Wednesday
16684,SECONDARY CODES,19,RICHMOND,1,Saturday
16685,SECONDARY CODES,19,RICHMOND,1,Thursday
16686,SECONDARY CODES,19,RICHMOND,1,Wednesday
16687,SECONDARY CODES,19,SOUTHERN,3,Friday
16688,SECONDARY CODES,19,SOUTHERN,2,Monday
16689,SECONDARY CODES,19,SOUTHERN,1,Saturday
16690,SECONDARY CODES,19,SOUTHERN,2,Sunday
16691,SECONDARY CODES,19,SOUTHERN,1,Wednesday
16692,SECONDARY CODES,19,TARAVAL,2,Friday
16693,SECONDARY CODES,19,TARAVAL,2,Saturday
16694,SECONDARY CODES,19,TARAVAL,2,Sunday
16695,SECONDARY CODES,19,TARAVAL,1,Thursday
16696,SECONDARY CODES,19,TARAVAL,1,Wednesday
16697,SECONDARY CODES,19,TENDERLOIN,2,Friday
16698,SECONDARY CODES,19,TENDERLOIN,1,Monday
16699,SECONDARY CODES,19,TENDERLOIN,1,Sunday
16700,SECONDARY CODES,19,TENDERLOIN,2,Wednesday
16701,SECONDARY CODES,20,BAYVIEW,2,Friday
16702,SECONDARY CODES,20,BAYVIEW,2,Monday
16703,SECONDARY CODES,20,BAYVIEW,1,Saturday
16704,SECONDARY CODES,20,BAYVIEW,1,Sunday
16705,SECONDARY CODES,20,BAYVIEW,2,Thursday
16706,SECONDARY CODES,20,BAYVIEW,2,Tuesday
16707,SECONDARY CODES,20,BAYVIEW,2,Wednesday
16708,SECONDARY CODES,20,CENTRAL,2,Friday
16709,SECONDARY CODES,20,CENTRAL,2,Monday
16710,SECONDARY CODES,20,CENTRAL,1,Tuesday
16711,SECONDARY CODES,20,CENTRAL,1,Wednesday
16712,SECONDARY CODES,20,INGLESIDE,4,Monday
16713,SECONDARY CODES,20,INGLESIDE,3,Saturday
16714,SECONDARY CODES,20,INGLESIDE,2,Sunday
16715,SECONDARY CODES,20,INGLESIDE,4,Thursday
16716,SECONDARY CODES,20,INGLESIDE,3,Tuesday
16717,SECONDARY CODES,20,MISSION,3,Friday
16718,SECONDARY CODES,20,MISSION,6,Monday
16719,SECONDARY CODES,20,MISSION,3,Saturday
16720,SECONDARY CODES,20,MISSION,1,Sunday
16721,SECONDARY CODES,20,MISSION,1,Thursday
16722,SECONDARY CODES,20,MISSION,1,Tuesday
16723,SECONDARY CODES,20,MISSION,3,Wednesday
16724,SECONDARY CODES,20,NORTHERN,2,Friday
16725,SECONDARY CODES,20,NORTHERN,3,Sunday
16726,SECONDARY CODES,20,NORTHERN,1,Thursday
16727,SECONDARY CODES,20,NORTHERN,1,Wednesday
16728,SECONDARY CODES,20,PARK,1,Monday
16729,SECONDARY CODES,20,PARK,3,Sunday
16730,SECONDARY CODES,20,PARK,1,Thursday
16731,SECONDARY CODES,20,RICHMOND,2,Friday
16732,SECONDARY CODES,20,RICHMOND,1,Saturday
16733,SECONDARY CODES,20,RICHMOND,2,Sunday
16734,SECONDARY CODES,20,RICHMOND,1,Tuesday
16735,SECONDARY CODES,20,RICHMOND,2,Wednesday
16736,SECONDARY CODES,20,SOUTHERN,2,Friday
16737,SECONDARY CODES,20,SOUTHERN,2,Monday
16738,SECONDARY CODES,20,SOUTHERN,2,Saturday
16739,SECONDARY CODES,20,SOUTHERN,3,Sunday
16740,SECONDARY CODES,20,SOUTHERN,1,Thursday
16741,SECONDARY CODES,20,SOUTHERN,1,Tuesday
16742,SECONDARY CODES,20,SOUTHERN,1,Wednesday
16743,SECONDARY CODES,20,TARAVAL,2,Friday
16744,SECONDARY CODES,20,TARAVAL,3,Monday
16745,SECONDARY CODES,20,TARAVAL,1,Saturday
16746,SECONDARY CODES,20,TARAVAL,1,Thursday
16747,SECONDARY CODES,20,TARAVAL,1,Tuesday
16748,SECONDARY CODES,20,TARAVAL,1,Wednesday
16749,SECONDARY CODES,20,TENDERLOIN,2,Friday
16750,SECONDARY CODES,20,TENDERLOIN,1,Monday
16751,SECONDARY CODES,20,TENDERLOIN,1,Saturday
16752,SECONDARY CODES,20,TENDERLOIN,1,Thursday
16753,SECONDARY CODES,20,TENDERLOIN,1,Tuesday
16754,SECONDARY CODES,21,BAYVIEW,6,Friday
16755,SECONDARY CODES,21,BAYVIEW,4,Monday
16756,SECONDARY CODES,21,BAYVIEW,4,Saturday
16757,SECONDARY CODES,21,BAYVIEW,1,Sunday
16758,SECONDARY CODES,21,BAYVIEW,2,Thursday
16759,SECONDARY CODES,21,BAYVIEW,1,Tuesday
16760,SECONDARY CODES,21,BAYVIEW,2,Wednesday
16761,SECONDARY CODES,21,CENTRAL,1,Friday
16762,SECONDARY CODES,21,CENTRAL,1,Monday
16763,SECONDARY CODES,21,CENTRAL,1,Sunday
16764,SECONDARY CODES,21,CENTRAL,2,Thursday
16765,SECONDARY CODES,21,CENTRAL,1,Wednesday
16766,SECONDARY CODES,21,INGLESIDE,1,Friday
16767,SECONDARY CODES,21,INGLESIDE,1,Monday
16768,SECONDARY CODES,21,INGLESIDE,1,Saturday
16769,SECONDARY CODES,21,INGLESIDE,3,Sunday
16770,SECONDARY CODES,21,INGLESIDE,1,Thursday
16771,SECONDARY CODES,21,INGLESIDE,1,Tuesday
16772,SECONDARY CODES,21,INGLESIDE,4,Wednesday
16773,SECONDARY CODES,21,MISSION,3,Monday
16774,SECONDARY CODES,21,MISSION,3,Saturday
16775,SECONDARY CODES,21,MISSION,8,Sunday
16776,SECONDARY CODES,21,MISSION,1,Thursday
16777,SECONDARY CODES,21,MISSION,1,Tuesday
16778,SECONDARY CODES,21,MISSION,2,Wednesday
16779,SECONDARY CODES,21,NORTHERN,2,Saturday
16780,SECONDARY CODES,21,NORTHERN,1,Sunday
16781,SECONDARY CODES,21,NORTHERN,2,Thursday
16782,SECONDARY CODES,21,NORTHERN,1,Tuesday
16783,SECONDARY CODES,21,NORTHERN,2,Wednesday
16784,SECONDARY CODES,21,PARK,1,Monday
16785,SECONDARY CODES,21,PARK,1,Thursday
16786,SECONDARY CODES,21,PARK,1,Tuesday
16787,SECONDARY CODES,21,PARK,3,Wednesday
16788,SECONDARY CODES,21,RICHMOND,1,Friday
16789,SECONDARY CODES,21,RICHMOND,2,Saturday
16790,SECONDARY CODES,21,RICHMOND,1,Sunday
16791,SECONDARY CODES,21,SOUTHERN,2,Friday
16792,SECONDARY CODES,21,SOUTHERN,2,Saturday
16793,SECONDARY CODES,21,SOUTHERN,2,Sunday
16794,SECONDARY CODES,21,SOUTHERN,1,Thursday
16795,SECONDARY CODES,21,SOUTHERN,2,Tuesday
16796,SECONDARY CODES,21,TARAVAL,1,Friday
16797,SECONDARY CODES,21,TARAVAL,1,Saturday
16798,SECONDARY CODES,21,TARAVAL,1,Sunday
16799,SECONDARY CODES,21,TARAVAL,2,Tuesday
16800,SECONDARY CODES,21,TARAVAL,1,Wednesday
16801,SECONDARY CODES,21,TENDERLOIN,3,Saturday
16802,SECONDARY CODES,21,TENDERLOIN,2,Wednesday
16803,SECONDARY CODES,22,BAYVIEW,4,Friday
16804,SECONDARY CODES,22,BAYVIEW,4,Thursday
16805,SECONDARY CODES,22,CENTRAL,1,Monday
16806,SECONDARY CODES,22,CENTRAL,1,Thursday
16807,SECONDARY CODES,22,CENTRAL,1,Wednesday
16808,SECONDARY CODES,22,INGLESIDE,3,Friday
16809,SECONDARY CODES,22,INGLESIDE,2,Thursday
16810,SECONDARY CODES,22,INGLESIDE,1,Tuesday
16811,SECONDARY CODES,22,INGLESIDE,2,Wednesday
16812,SECONDARY CODES,22,MISSION,2,Friday
16813,SECONDARY CODES,22,MISSION,1,Monday
16814,SECONDARY CODES,22,MISSION,1,Saturday
16815,SECONDARY CODES,22,MISSION,3,Sunday
16816,SECONDARY CODES,22,MISSION,2,Tuesday
16817,SECONDARY CODES,22,MISSION,2,Wednesday
16818,SECONDARY CODES,22,NORTHERN,5,Friday
16819,SECONDARY CODES,22,NORTHERN,1,Saturday
16820,SECONDARY CODES,22,NORTHERN,1,Tuesday
16821,SECONDARY CODES,22,NORTHERN,2,Wednesday
16822,SECONDARY CODES,22,PARK,1,Friday
16823,SECONDARY CODES,22,PARK,1,Monday
16824,SECONDARY CODES,22,PARK,2,Thursday
16825,SECONDARY CODES,22,PARK,1,Tuesday
16826,SECONDARY CODES,22,RICHMOND,1,Friday
16827,SECONDARY CODES,22,RICHMOND,1,Saturday
16828,SECONDARY CODES,22,RICHMOND,1,Sunday
16829,SECONDARY CODES,22,RICHMOND,4,Tuesday
16830,SECONDARY CODES,22,SOUTHERN,1,Monday
16831,SECONDARY CODES,22,SOUTHERN,2,Saturday
16832,SECONDARY CODES,22,SOUTHERN,1,Sunday
16833,SECONDARY CODES,22,TARAVAL,3,Friday
16834,SECONDARY CODES,22,TARAVAL,1,Monday
16835,SECONDARY CODES,22,TARAVAL,1,Saturday
16836,SECONDARY CODES,22,TARAVAL,4,Thursday
16837,SECONDARY CODES,22,TARAVAL,3,Tuesday
16838,SECONDARY CODES,22,TENDERLOIN,1,Friday
16839,SECONDARY CODES,22,TENDERLOIN,1,Saturday
16840,SECONDARY CODES,22,TENDERLOIN,1,Tuesday
16841,SECONDARY CODES,22,TENDERLOIN,1,Wednesday
16842,SECONDARY CODES,23,BAYVIEW,4,Friday
16843,SECONDARY CODES,23,BAYVIEW,2,Saturday
16844,SECONDARY CODES,23,BAYVIEW,3,Thursday
16845,SECONDARY CODES,23,BAYVIEW,2,Tuesday
16846,SECONDARY CODES,23,CENTRAL,2,Friday
16847,SECONDARY CODES,23,CENTRAL,3,Saturday
16848,SECONDARY CODES,23,CENTRAL,1,Thursday
16849,SECONDARY CODES,23,CENTRAL,1,Tuesday
16850,SECONDARY CODES,23,CENTRAL,2,Wednesday
16851,SECONDARY CODES,23,INGLESIDE,1,Friday
16852,SECONDARY CODES,23,INGLESIDE,1,Monday
16853,SECONDARY CODES,23,INGLESIDE,2,Saturday
16854,SECONDARY CODES,23,INGLESIDE,3,Sunday
16855,SECONDARY CODES,23,INGLESIDE,1,Thursday
16856,SECONDARY CODES,23,MISSION,2,Friday
16857,SECONDARY CODES,23,MISSION,2,Monday
16858,SECONDARY CODES,23,MISSION,1,Sunday
16859,SECONDARY CODES,23,MISSION,2,Thursday
16860,SECONDARY CODES,23,MISSION,2,Tuesday
16861,SECONDARY CODES,23,NORTHERN,1,Friday
16862,SECONDARY CODES,23,NORTHERN,1,Monday
16863,SECONDARY CODES,23,NORTHERN,2,Saturday
16864,SECONDARY CODES,23,NORTHERN,2,Sunday
16865,SECONDARY CODES,23,NORTHERN,2,Wednesday
16866,SECONDARY CODES,23,PARK,1,Monday
16867,SECONDARY CODES,23,PARK,2,Thursday
16868,SECONDARY CODES,23,PARK,1,Tuesday
16869,SECONDARY CODES,23,RICHMOND,1,Tuesday
16870,SECONDARY CODES,23,SOUTHERN,2,Friday
16871,SECONDARY CODES,23,SOUTHERN,1,Saturday
16872,SECONDARY CODES,23,SOUTHERN,1,Sunday
16873,SECONDARY CODES,23,SOUTHERN,2,Thursday
16874,SECONDARY CODES,23,SOUTHERN,1,Tuesday
16875,SECONDARY CODES,23,SOUTHERN,3,Wednesday
16876,SECONDARY CODES,23,TARAVAL,1,Friday
16877,SECONDARY CODES,23,TARAVAL,2,Saturday
16878,SECONDARY CODES,23,TARAVAL,2,Sunday
16879,SECONDARY CODES,23,TARAVAL,3,Thursday
16880,SECONDARY CODES,23,TENDERLOIN,2,Friday
16881,SECONDARY CODES,23,TENDERLOIN,1,Thursday
16882,SECONDARY CODES,23,TENDERLOIN,2,Wednesday
16883,"SEX OFFENSES, FORCIBLE",00,BAYVIEW,2,Friday
16884,"SEX OFFENSES, FORCIBLE",00,BAYVIEW,1,Tuesday
16885,"SEX OFFENSES, FORCIBLE",00,CENTRAL,1,Friday
16886,"SEX OFFENSES, FORCIBLE",00,CENTRAL,2,Monday
16887,"SEX OFFENSES, FORCIBLE",00,CENTRAL,3,Sunday
16888,"SEX OFFENSES, FORCIBLE",00,CENTRAL,5,Thursday
16889,"SEX OFFENSES, FORCIBLE",00,CENTRAL,2,Tuesday
16890,"SEX OFFENSES, FORCIBLE",00,INGLESIDE,2,Friday
16891,"SEX OFFENSES, FORCIBLE",00,INGLESIDE,1,Monday
16892,"SEX OFFENSES, FORCIBLE",00,INGLESIDE,2,Saturday
16893,"SEX OFFENSES, FORCIBLE",00,INGLESIDE,2,Sunday
16894,"SEX OFFENSES, FORCIBLE",00,INGLESIDE,3,Tuesday
16895,"SEX OFFENSES, FORCIBLE",00,MISSION,2,Friday
16896,"SEX OFFENSES, FORCIBLE",00,MISSION,1,Monday
16897,"SEX OFFENSES, FORCIBLE",00,MISSION,4,Saturday
16898,"SEX OFFENSES, FORCIBLE",00,MISSION,4,Sunday
16899,"SEX OFFENSES, FORCIBLE",00,MISSION,3,Thursday
16900,"SEX OFFENSES, FORCIBLE",00,MISSION,3,Tuesday
16901,"SEX OFFENSES, FORCIBLE",00,MISSION,3,Wednesday
16902,"SEX OFFENSES, FORCIBLE",00,NORTHERN,2,Friday
16903,"SEX OFFENSES, FORCIBLE",00,NORTHERN,2,Saturday
16904,"SEX OFFENSES, FORCIBLE",00,NORTHERN,1,Sunday
16905,"SEX OFFENSES, FORCIBLE",00,NORTHERN,5,Thursday
16906,"SEX OFFENSES, FORCIBLE",00,PARK,2,Sunday
16907,"SEX OFFENSES, FORCIBLE",00,PARK,3,Thursday
16908,"SEX OFFENSES, FORCIBLE",00,PARK,1,Tuesday
16909,"SEX OFFENSES, FORCIBLE",00,RICHMOND,1,Monday
16910,"SEX OFFENSES, FORCIBLE",00,RICHMOND,1,Sunday
16911,"SEX OFFENSES, FORCIBLE",00,SOUTHERN,4,Friday
16912,"SEX OFFENSES, FORCIBLE",00,SOUTHERN,1,Monday
16913,"SEX OFFENSES, FORCIBLE",00,SOUTHERN,4,Saturday
16914,"SEX OFFENSES, FORCIBLE",00,SOUTHERN,5,Thursday
16915,"SEX OFFENSES, FORCIBLE",00,SOUTHERN,4,Tuesday
16916,"SEX OFFENSES, FORCIBLE",00,SOUTHERN,4,Wednesday
16917,"SEX OFFENSES, FORCIBLE",00,TARAVAL,1,Friday
16918,"SEX OFFENSES, FORCIBLE",00,TARAVAL,3,Monday
16919,"SEX OFFENSES, FORCIBLE",00,TARAVAL,3,Saturday
16920,"SEX OFFENSES, FORCIBLE",00,TARAVAL,1,Tuesday
16921,"SEX OFFENSES, FORCIBLE",00,TENDERLOIN,2,Thursday
16922,"SEX OFFENSES, FORCIBLE",00,TENDERLOIN,1,Tuesday
16923,"SEX OFFENSES, FORCIBLE",01,BAYVIEW,1,Monday
16924,"SEX OFFENSES, FORCIBLE",01,BAYVIEW,2,Saturday
16925,"SEX OFFENSES, FORCIBLE",01,CENTRAL,2,Friday
16926,"SEX OFFENSES, FORCIBLE",01,CENTRAL,1,Monday
16927,"SEX OFFENSES, FORCIBLE",01,CENTRAL,4,Saturday
16928,"SEX OFFENSES, FORCIBLE",01,CENTRAL,1,Sunday
16929,"SEX OFFENSES, FORCIBLE",01,CENTRAL,1,Thursday
16930,"SEX OFFENSES, FORCIBLE",01,INGLESIDE,1,Friday
16931,"SEX OFFENSES, FORCIBLE",01,INGLESIDE,4,Saturday
16932,"SEX OFFENSES, FORCIBLE",01,INGLESIDE,2,Sunday
16933,"SEX OFFENSES, FORCIBLE",01,MISSION,4,Friday
16934,"SEX OFFENSES, FORCIBLE",01,MISSION,1,Monday
16935,"SEX OFFENSES, FORCIBLE",01,MISSION,2,Sunday
16936,"SEX OFFENSES, FORCIBLE",01,NORTHERN,1,Friday
16937,"SEX OFFENSES, FORCIBLE",01,NORTHERN,1,Monday
16938,"SEX OFFENSES, FORCIBLE",01,NORTHERN,3,Saturday
16939,"SEX OFFENSES, FORCIBLE",01,NORTHERN,3,Thursday
16940,"SEX OFFENSES, FORCIBLE",01,NORTHERN,1,Tuesday
16941,"SEX OFFENSES, FORCIBLE",01,PARK,1,Sunday
16942,"SEX OFFENSES, FORCIBLE",01,PARK,1,Tuesday
16943,"SEX OFFENSES, FORCIBLE",01,PARK,1,Wednesday
16944,"SEX OFFENSES, FORCIBLE",01,RICHMOND,4,Saturday
16945,"SEX OFFENSES, FORCIBLE",01,RICHMOND,1,Tuesday
16946,"SEX OFFENSES, FORCIBLE",01,SOUTHERN,4,Sunday
16947,"SEX OFFENSES, FORCIBLE",01,SOUTHERN,1,Wednesday
16948,"SEX OFFENSES, FORCIBLE",01,TARAVAL,1,Monday
16949,"SEX OFFENSES, FORCIBLE",01,TENDERLOIN,1,Monday
16950,"SEX OFFENSES, FORCIBLE",01,TENDERLOIN,4,Saturday
16951,"SEX OFFENSES, FORCIBLE",02,BAYVIEW,3,Sunday
16952,"SEX OFFENSES, FORCIBLE",02,CENTRAL,3,Monday
16953,"SEX OFFENSES, FORCIBLE",02,CENTRAL,1,Saturday
16954,"SEX OFFENSES, FORCIBLE",02,INGLESIDE,1,Monday
16955,"SEX OFFENSES, FORCIBLE",02,INGLESIDE,2,Sunday
16956,"SEX OFFENSES, FORCIBLE",02,INGLESIDE,1,Thursday
16957,"SEX OFFENSES, FORCIBLE",02,INGLESIDE,1,Tuesday
16958,"SEX OFFENSES, FORCIBLE",02,INGLESIDE,1,Wednesday
16959,"SEX OFFENSES, FORCIBLE",02,MISSION,1,Thursday
16960,"SEX OFFENSES, FORCIBLE",02,MISSION,1,Wednesday
16961,"SEX OFFENSES, FORCIBLE",02,NORTHERN,2,Saturday
16962,"SEX OFFENSES, FORCIBLE",02,NORTHERN,1,Thursday
16963,"SEX OFFENSES, FORCIBLE",02,SOUTHERN,1,Friday
16964,"SEX OFFENSES, FORCIBLE",02,SOUTHERN,1,Monday
16965,"SEX OFFENSES, FORCIBLE",02,SOUTHERN,3,Saturday
16966,"SEX OFFENSES, FORCIBLE",02,SOUTHERN,3,Sunday
16967,"SEX OFFENSES, FORCIBLE",02,SOUTHERN,1,Thursday
16968,"SEX OFFENSES, FORCIBLE",02,SOUTHERN,1,Tuesday
16969,"SEX OFFENSES, FORCIBLE",02,SOUTHERN,1,Wednesday
16970,"SEX OFFENSES, FORCIBLE",02,TARAVAL,2,Monday
16971,"SEX OFFENSES, FORCIBLE",02,TARAVAL,1,Saturday
16972,"SEX OFFENSES, FORCIBLE",02,TARAVAL,1,Sunday
16973,"SEX OFFENSES, FORCIBLE",02,TENDERLOIN,1,Monday
16974,"SEX OFFENSES, FORCIBLE",02,TENDERLOIN,1,Sunday
16975,"SEX OFFENSES, FORCIBLE",03,BAYVIEW,1,Friday
16976,"SEX OFFENSES, FORCIBLE",03,BAYVIEW,1,Saturday
16977,"SEX OFFENSES, FORCIBLE",03,BAYVIEW,1,Wednesday
16978,"SEX OFFENSES, FORCIBLE",03,INGLESIDE,1,Saturday
16979,"SEX OFFENSES, FORCIBLE",03,MISSION,3,Friday
16980,"SEX OFFENSES, FORCIBLE",03,MISSION,2,Monday
16981,"SEX OFFENSES, FORCIBLE",03,MISSION,3,Saturday
16982,"SEX OFFENSES, FORCIBLE",03,MISSION,8,Sunday
16983,"SEX OFFENSES, FORCIBLE",03,MISSION,1,Wednesday
16984,"SEX OFFENSES, FORCIBLE",03,NORTHERN,3,Saturday
16985,"SEX OFFENSES, FORCIBLE",03,NORTHERN,1,Thursday
16986,"SEX OFFENSES, FORCIBLE",03,PARK,1,Saturday
16987,"SEX OFFENSES, FORCIBLE",03,PARK,1,Sunday
16988,"SEX OFFENSES, FORCIBLE",03,PARK,1,Wednesday
16989,"SEX OFFENSES, FORCIBLE",03,RICHMOND,1,Monday
16990,"SEX OFFENSES, FORCIBLE",03,SOUTHERN,4,Saturday
16991,"SEX OFFENSES, FORCIBLE",03,SOUTHERN,3,Sunday
16992,"SEX OFFENSES, FORCIBLE",03,SOUTHERN,3,Tuesday
16993,"SEX OFFENSES, FORCIBLE",03,SOUTHERN,1,Wednesday
16994,"SEX OFFENSES, FORCIBLE",04,MISSION,2,Saturday
16995,"SEX OFFENSES, FORCIBLE",04,MISSION,1,Thursday
16996,"SEX OFFENSES, FORCIBLE",04,NORTHERN,2,Friday
16997,"SEX OFFENSES, FORCIBLE",04,NORTHERN,1,Monday
16998,"SEX OFFENSES, FORCIBLE",04,NORTHERN,2,Saturday
16999,"SEX OFFENSES, FORCIBLE",04,NORTHERN,1,Sunday
17000,"SEX OFFENSES, FORCIBLE",04,PARK,1,Sunday
17001,"SEX OFFENSES, FORCIBLE",04,SOUTHERN,2,Friday
17002,"SEX OFFENSES, FORCIBLE",04,SOUTHERN,1,Wednesday
17003,"SEX OFFENSES, FORCIBLE",04,TARAVAL,1,Friday
17004,"SEX OFFENSES, FORCIBLE",04,TARAVAL,1,Saturday
17005,"SEX OFFENSES, FORCIBLE",04,TARAVAL,1,Thursday
17006,"SEX OFFENSES, FORCIBLE",05,CENTRAL,1,Saturday
17007,"SEX OFFENSES, FORCIBLE",05,CENTRAL,1,Wednesday
17008,"SEX OFFENSES, FORCIBLE",05,INGLESIDE,1,Friday
17009,"SEX OFFENSES, FORCIBLE",05,MISSION,3,Saturday
17010,"SEX OFFENSES, FORCIBLE",05,MISSION,1,Wednesday
17011,"SEX OFFENSES, FORCIBLE",05,NORTHERN,4,Monday
17012,"SEX OFFENSES, FORCIBLE",05,RICHMOND,1,Thursday
17013,"SEX OFFENSES, FORCIBLE",05,SOUTHERN,1,Saturday
17014,"SEX OFFENSES, FORCIBLE",05,SOUTHERN,1,Thursday
17015,"SEX OFFENSES, FORCIBLE",05,TARAVAL,4,Sunday
17016,"SEX OFFENSES, FORCIBLE",06,BAYVIEW,1,Tuesday
17017,"SEX OFFENSES, FORCIBLE",06,INGLESIDE,1,Friday
17018,"SEX OFFENSES, FORCIBLE",06,INGLESIDE,1,Thursday
17019,"SEX OFFENSES, FORCIBLE",06,MISSION,1,Friday
17020,"SEX OFFENSES, FORCIBLE",06,NORTHERN,1,Saturday
17021,"SEX OFFENSES, FORCIBLE",06,NORTHERN,1,Sunday
17022,"SEX OFFENSES, FORCIBLE",06,NORTHERN,1,Wednesday
17023,"SEX OFFENSES, FORCIBLE",06,SOUTHERN,2,Sunday
17024,"SEX OFFENSES, FORCIBLE",06,SOUTHERN,1,Thursday
17025,"SEX OFFENSES, FORCIBLE",06,SOUTHERN,1,Tuesday
17026,"SEX OFFENSES, FORCIBLE",07,BAYVIEW,2,Monday
17027,"SEX OFFENSES, FORCIBLE",07,BAYVIEW,1,Saturday
17028,"SEX OFFENSES, FORCIBLE",07,BAYVIEW,3,Tuesday
17029,"SEX OFFENSES, FORCIBLE",07,CENTRAL,1,Saturday
17030,"SEX OFFENSES, FORCIBLE",07,INGLESIDE,1,Friday
17031,"SEX OFFENSES, FORCIBLE",07,INGLESIDE,2,Monday
17032,"SEX OFFENSES, FORCIBLE",07,INGLESIDE,1,Thursday
17033,"SEX OFFENSES, FORCIBLE",07,MISSION,1,Friday
17034,"SEX OFFENSES, FORCIBLE",07,MISSION,1,Thursday
17035,"SEX OFFENSES, FORCIBLE",07,MISSION,1,Wednesday
17036,"SEX OFFENSES, FORCIBLE",07,SOUTHERN,2,Monday
17037,"SEX OFFENSES, FORCIBLE",07,SOUTHERN,1,Thursday
17038,"SEX OFFENSES, FORCIBLE",07,SOUTHERN,1,Tuesday
17039,"SEX OFFENSES, FORCIBLE",07,SOUTHERN,1,Wednesday
17040,"SEX OFFENSES, FORCIBLE",07,TARAVAL,1,Friday
17041,"SEX OFFENSES, FORCIBLE",08,CENTRAL,1,Monday
17042,"SEX OFFENSES, FORCIBLE",08,CENTRAL,1,Sunday
17043,"SEX OFFENSES, FORCIBLE",08,CENTRAL,1,Thursday
17044,"SEX OFFENSES, FORCIBLE",08,CENTRAL,1,Tuesday
17045,"SEX OFFENSES, FORCIBLE",08,MISSION,3,Friday
17046,"SEX OFFENSES, FORCIBLE",08,MISSION,7,Monday
17047,"SEX OFFENSES, FORCIBLE",08,MISSION,10,Thursday
17048,"SEX OFFENSES, FORCIBLE",08,MISSION,7,Tuesday
17049,"SEX OFFENSES, FORCIBLE",08,MISSION,2,Wednesday
17050,"SEX OFFENSES, FORCIBLE",08,NORTHERN,1,Saturday
17051,"SEX OFFENSES, FORCIBLE",08,NORTHERN,1,Thursday
17052,"SEX OFFENSES, FORCIBLE",08,NORTHERN,1,Tuesday
17053,"SEX OFFENSES, FORCIBLE",08,NORTHERN,2,Wednesday
17054,"SEX OFFENSES, FORCIBLE",08,PARK,1,Tuesday
17055,"SEX OFFENSES, FORCIBLE",08,PARK,1,Wednesday
17056,"SEX OFFENSES, FORCIBLE",08,SOUTHERN,2,Friday
17057,"SEX OFFENSES, FORCIBLE",08,SOUTHERN,1,Monday
17058,"SEX OFFENSES, FORCIBLE",08,SOUTHERN,1,Saturday
17059,"SEX OFFENSES, FORCIBLE",08,SOUTHERN,1,Tuesday
17060,"SEX OFFENSES, FORCIBLE",08,SOUTHERN,2,Wednesday
17061,"SEX OFFENSES, FORCIBLE",08,TARAVAL,2,Monday
17062,"SEX OFFENSES, FORCIBLE",08,TENDERLOIN,1,Friday
17063,"SEX OFFENSES, FORCIBLE",08,TENDERLOIN,3,Sunday
17064,"SEX OFFENSES, FORCIBLE",08,TENDERLOIN,1,Tuesday
17065,"SEX OFFENSES, FORCIBLE",09,BAYVIEW,1,Friday
17066,"SEX OFFENSES, FORCIBLE",09,BAYVIEW,2,Saturday
17067,"SEX OFFENSES, FORCIBLE",09,BAYVIEW,1,Thursday
17068,"SEX OFFENSES, FORCIBLE",09,CENTRAL,1,Friday
17069,"SEX OFFENSES, FORCIBLE",09,CENTRAL,1,Monday
17070,"SEX OFFENSES, FORCIBLE",09,CENTRAL,1,Thursday
17071,"SEX OFFENSES, FORCIBLE",09,MISSION,1,Friday
17072,"SEX OFFENSES, FORCIBLE",09,MISSION,1,Monday
17073,"SEX OFFENSES, FORCIBLE",09,MISSION,1,Thursday
17074,"SEX OFFENSES, FORCIBLE",09,MISSION,3,Tuesday
17075,"SEX OFFENSES, FORCIBLE",09,MISSION,2,Wednesday
17076,"SEX OFFENSES, FORCIBLE",09,NORTHERN,2,Saturday
17077,"SEX OFFENSES, FORCIBLE",09,NORTHERN,1,Tuesday
17078,"SEX OFFENSES, FORCIBLE",09,NORTHERN,1,Wednesday
17079,"SEX OFFENSES, FORCIBLE",09,RICHMOND,1,Friday
17080,"SEX OFFENSES, FORCIBLE",09,RICHMOND,3,Monday
17081,"SEX OFFENSES, FORCIBLE",09,RICHMOND,1,Sunday
17082,"SEX OFFENSES, FORCIBLE",09,SOUTHERN,2,Tuesday
17083,"SEX OFFENSES, FORCIBLE",09,SOUTHERN,1,Wednesday
17084,"SEX OFFENSES, FORCIBLE",09,TARAVAL,2,Thursday
17085,"SEX OFFENSES, FORCIBLE",09,TARAVAL,1,Tuesday
17086,"SEX OFFENSES, FORCIBLE",10,CENTRAL,1,Friday
17087,"SEX OFFENSES, FORCIBLE",10,CENTRAL,1,Saturday
17088,"SEX OFFENSES, FORCIBLE",10,CENTRAL,1,Sunday
17089,"SEX OFFENSES, FORCIBLE",10,INGLESIDE,1,Sunday
17090,"SEX OFFENSES, FORCIBLE",10,MISSION,1,Saturday
17091,"SEX OFFENSES, FORCIBLE",10,MISSION,3,Thursday
17092,"SEX OFFENSES, FORCIBLE",10,MISSION,5,Tuesday
17093,"SEX OFFENSES, FORCIBLE",10,NORTHERN,2,Friday
17094,"SEX OFFENSES, FORCIBLE",10,NORTHERN,2,Saturday
17095,"SEX OFFENSES, FORCIBLE",10,NORTHERN,1,Sunday
17096,"SEX OFFENSES, FORCIBLE",10,NORTHERN,1,Thursday
17097,"SEX OFFENSES, FORCIBLE",10,RICHMOND,1,Friday
17098,"SEX OFFENSES, FORCIBLE",10,SOUTHERN,1,Monday
17099,"SEX OFFENSES, FORCIBLE",10,SOUTHERN,1,Thursday
17100,"SEX OFFENSES, FORCIBLE",10,SOUTHERN,1,Tuesday
17101,"SEX OFFENSES, FORCIBLE",10,SOUTHERN,1,Wednesday
17102,"SEX OFFENSES, FORCIBLE",10,TENDERLOIN,3,Saturday
17103,"SEX OFFENSES, FORCIBLE",11,BAYVIEW,3,Friday
17104,"SEX OFFENSES, FORCIBLE",11,CENTRAL,1,Friday
17105,"SEX OFFENSES, FORCIBLE",11,CENTRAL,1,Wednesday
17106,"SEX OFFENSES, FORCIBLE",11,INGLESIDE,1,Friday
17107,"SEX OFFENSES, FORCIBLE",11,INGLESIDE,1,Tuesday
17108,"SEX OFFENSES, FORCIBLE",11,MISSION,1,Friday
17109,"SEX OFFENSES, FORCIBLE",11,MISSION,2,Saturday
17110,"SEX OFFENSES, FORCIBLE",11,NORTHERN,1,Monday
17111,"SEX OFFENSES, FORCIBLE",11,NORTHERN,1,Saturday
17112,"SEX OFFENSES, FORCIBLE",11,RICHMOND,1,Thursday
17113,"SEX OFFENSES, FORCIBLE",11,SOUTHERN,1,Friday
17114,"SEX OFFENSES, FORCIBLE",11,SOUTHERN,2,Monday
17115,"SEX OFFENSES, FORCIBLE",11,SOUTHERN,1,Thursday
17116,"SEX OFFENSES, FORCIBLE",11,TENDERLOIN,1,Thursday
17117,"SEX OFFENSES, FORCIBLE",11,TENDERLOIN,4,Tuesday
17118,"SEX OFFENSES, FORCIBLE",12,BAYVIEW,1,Friday
17119,"SEX OFFENSES, FORCIBLE",12,BAYVIEW,1,Monday
17120,"SEX OFFENSES, FORCIBLE",12,BAYVIEW,4,Saturday
17121,"SEX OFFENSES, FORCIBLE",12,BAYVIEW,1,Tuesday
17122,"SEX OFFENSES, FORCIBLE",12,BAYVIEW,3,Wednesday
17123,"SEX OFFENSES, FORCIBLE",12,CENTRAL,1,Sunday
17124,"SEX OFFENSES, FORCIBLE",12,INGLESIDE,1,Tuesday
17125,"SEX OFFENSES, FORCIBLE",12,MISSION,2,Saturday
17126,"SEX OFFENSES, FORCIBLE",12,MISSION,1,Sunday
17127,"SEX OFFENSES, FORCIBLE",12,MISSION,1,Thursday
17128,"SEX OFFENSES, FORCIBLE",12,MISSION,1,Tuesday
17129,"SEX OFFENSES, FORCIBLE",12,NORTHERN,4,Thursday
17130,"SEX OFFENSES, FORCIBLE",12,PARK,1,Tuesday
17131,"SEX OFFENSES, FORCIBLE",12,RICHMOND,1,Thursday
17132,"SEX OFFENSES, FORCIBLE",12,RICHMOND,2,Tuesday
17133,"SEX OFFENSES, FORCIBLE",12,SOUTHERN,1,Monday
17134,"SEX OFFENSES, FORCIBLE",12,SOUTHERN,1,Saturday
17135,"SEX OFFENSES, FORCIBLE",12,SOUTHERN,1,Thursday
17136,"SEX OFFENSES, FORCIBLE",12,SOUTHERN,1,Tuesday
17137,"SEX OFFENSES, FORCIBLE",12,TARAVAL,1,Monday
17138,"SEX OFFENSES, FORCIBLE",12,TARAVAL,2,Tuesday
17139,"SEX OFFENSES, FORCIBLE",12,TARAVAL,1,Wednesday
17140,"SEX OFFENSES, FORCIBLE",12,TENDERLOIN,1,Monday
17141,"SEX OFFENSES, FORCIBLE",13,BAYVIEW,1,Friday
17142,"SEX OFFENSES, FORCIBLE",13,BAYVIEW,1,Monday
17143,"SEX OFFENSES, FORCIBLE",13,BAYVIEW,1,Saturday
17144,"SEX OFFENSES, FORCIBLE",13,BAYVIEW,1,Sunday
17145,"SEX OFFENSES, FORCIBLE",13,CENTRAL,2,Sunday
17146,"SEX OFFENSES, FORCIBLE",13,INGLESIDE,1,Monday
17147,"SEX OFFENSES, FORCIBLE",13,INGLESIDE,1,Wednesday
17148,"SEX OFFENSES, FORCIBLE",13,MISSION,3,Saturday
17149,"SEX OFFENSES, FORCIBLE",13,MISSION,1,Tuesday
17150,"SEX OFFENSES, FORCIBLE",13,NORTHERN,2,Sunday
17151,"SEX OFFENSES, FORCIBLE",13,NORTHERN,1,Thursday
17152,"SEX OFFENSES, FORCIBLE",13,NORTHERN,1,Tuesday
17153,"SEX OFFENSES, FORCIBLE",13,PARK,1,Monday
17154,"SEX OFFENSES, FORCIBLE",13,PARK,1,Sunday
17155,"SEX OFFENSES, FORCIBLE",13,SOUTHERN,2,Friday
17156,"SEX OFFENSES, FORCIBLE",13,SOUTHERN,4,Tuesday
17157,"SEX OFFENSES, FORCIBLE",13,SOUTHERN,1,Wednesday
17158,"SEX OFFENSES, FORCIBLE",13,TARAVAL,2,Friday
17159,"SEX OFFENSES, FORCIBLE",13,TARAVAL,1,Sunday
17160,"SEX OFFENSES, FORCIBLE",13,TARAVAL,2,Thursday
17161,"SEX OFFENSES, FORCIBLE",13,TARAVAL,1,Tuesday
17162,"SEX OFFENSES, FORCIBLE",14,BAYVIEW,1,Thursday
17163,"SEX OFFENSES, FORCIBLE",14,CENTRAL,1,Tuesday
17164,"SEX OFFENSES, FORCIBLE",14,INGLESIDE,1,Wednesday
17165,"SEX OFFENSES, FORCIBLE",14,MISSION,3,Friday
17166,"SEX OFFENSES, FORCIBLE",14,MISSION,1,Saturday
17167,"SEX OFFENSES, FORCIBLE",14,MISSION,3,Sunday
17168,"SEX OFFENSES, FORCIBLE",14,MISSION,3,Tuesday
17169,"SEX OFFENSES, FORCIBLE",14,MISSION,1,Wednesday
17170,"SEX OFFENSES, FORCIBLE",14,NORTHERN,1,Friday
17171,"SEX OFFENSES, FORCIBLE",14,NORTHERN,1,Monday
17172,"SEX OFFENSES, FORCIBLE",14,NORTHERN,2,Tuesday
17173,"SEX OFFENSES, FORCIBLE",14,PARK,1,Monday
17174,"SEX OFFENSES, FORCIBLE",14,RICHMOND,1,Tuesday
17175,"SEX OFFENSES, FORCIBLE",14,RICHMOND,1,Wednesday
17176,"SEX OFFENSES, FORCIBLE",14,SOUTHERN,1,Friday
17177,"SEX OFFENSES, FORCIBLE",14,SOUTHERN,2,Saturday
17178,"SEX OFFENSES, FORCIBLE",14,SOUTHERN,3,Sunday
17179,"SEX OFFENSES, FORCIBLE",14,SOUTHERN,3,Thursday
17180,"SEX OFFENSES, FORCIBLE",14,SOUTHERN,1,Tuesday
17181,"SEX OFFENSES, FORCIBLE",14,SOUTHERN,2,Wednesday
17182,"SEX OFFENSES, FORCIBLE",14,TARAVAL,1,Monday
17183,"SEX OFFENSES, FORCIBLE",14,TARAVAL,1,Wednesday
17184,"SEX OFFENSES, FORCIBLE",14,TENDERLOIN,1,Thursday
17185,"SEX OFFENSES, FORCIBLE",15,BAYVIEW,1,Friday
17186,"SEX OFFENSES, FORCIBLE",15,BAYVIEW,1,Monday
17187,"SEX OFFENSES, FORCIBLE",15,BAYVIEW,1,Saturday
17188,"SEX OFFENSES, FORCIBLE",15,BAYVIEW,1,Thursday
17189,"SEX OFFENSES, FORCIBLE",15,BAYVIEW,2,Tuesday
17190,"SEX OFFENSES, FORCIBLE",15,CENTRAL,1,Monday
17191,"SEX OFFENSES, FORCIBLE",15,CENTRAL,1,Wednesday
17192,"SEX OFFENSES, FORCIBLE",15,INGLESIDE,3,Monday
17193,"SEX OFFENSES, FORCIBLE",15,INGLESIDE,2,Saturday
17194,"SEX OFFENSES, FORCIBLE",15,INGLESIDE,2,Thursday
17195,"SEX OFFENSES, FORCIBLE",15,INGLESIDE,3,Tuesday
17196,"SEX OFFENSES, FORCIBLE",15,MISSION,1,Friday
17197,"SEX OFFENSES, FORCIBLE",15,MISSION,3,Saturday
17198,"SEX OFFENSES, FORCIBLE",15,MISSION,2,Sunday
17199,"SEX OFFENSES, FORCIBLE",15,MISSION,1,Thursday
17200,"SEX OFFENSES, FORCIBLE",15,NORTHERN,1,Monday
17201,"SEX OFFENSES, FORCIBLE",15,NORTHERN,3,Wednesday
17202,"SEX OFFENSES, FORCIBLE",15,PARK,1,Friday
17203,"SEX OFFENSES, FORCIBLE",15,PARK,1,Saturday
17204,"SEX OFFENSES, FORCIBLE",15,PARK,1,Thursday
17205,"SEX OFFENSES, FORCIBLE",15,RICHMOND,2,Sunday
17206,"SEX OFFENSES, FORCIBLE",15,RICHMOND,1,Thursday
17207,"SEX OFFENSES, FORCIBLE",15,RICHMOND,1,Tuesday
17208,"SEX OFFENSES, FORCIBLE",15,RICHMOND,1,Wednesday
17209,"SEX OFFENSES, FORCIBLE",15,SOUTHERN,2,Monday
17210,"SEX OFFENSES, FORCIBLE",15,SOUTHERN,1,Sunday
17211,"SEX OFFENSES, FORCIBLE",15,SOUTHERN,1,Wednesday
17212,"SEX OFFENSES, FORCIBLE",15,TARAVAL,2,Thursday
17213,"SEX OFFENSES, FORCIBLE",15,TARAVAL,4,Wednesday
17214,"SEX OFFENSES, FORCIBLE",15,TENDERLOIN,1,Monday
17215,"SEX OFFENSES, FORCIBLE",15,TENDERLOIN,1,Sunday
17216,"SEX OFFENSES, FORCIBLE",15,TENDERLOIN,1,Tuesday
17217,"SEX OFFENSES, FORCIBLE",16,BAYVIEW,1,Monday
17218,"SEX OFFENSES, FORCIBLE",16,BAYVIEW,1,Saturday
17219,"SEX OFFENSES, FORCIBLE",16,CENTRAL,1,Monday
17220,"SEX OFFENSES, FORCIBLE",16,CENTRAL,1,Sunday
17221,"SEX OFFENSES, FORCIBLE",16,CENTRAL,3,Tuesday
17222,"SEX OFFENSES, FORCIBLE",16,CENTRAL,1,Wednesday
17223,"SEX OFFENSES, FORCIBLE",16,INGLESIDE,1,Monday
17224,"SEX OFFENSES, FORCIBLE",16,INGLESIDE,2,Saturday
17225,"SEX OFFENSES, FORCIBLE",16,INGLESIDE,1,Thursday
17226,"SEX OFFENSES, FORCIBLE",16,INGLESIDE,2,Wednesday
17227,"SEX OFFENSES, FORCIBLE",16,MISSION,1,Monday
17228,"SEX OFFENSES, FORCIBLE",16,MISSION,1,Tuesday
17229,"SEX OFFENSES, FORCIBLE",16,NORTHERN,1,Friday
17230,"SEX OFFENSES, FORCIBLE",16,PARK,2,Tuesday
17231,"SEX OFFENSES, FORCIBLE",16,RICHMOND,1,Sunday
17232,"SEX OFFENSES, FORCIBLE",16,RICHMOND,1,Thursday
17233,"SEX OFFENSES, FORCIBLE",16,SOUTHERN,2,Friday
17234,"SEX OFFENSES, FORCIBLE",16,SOUTHERN,2,Tuesday
17235,"SEX OFFENSES, FORCIBLE",16,SOUTHERN,2,Wednesday
17236,"SEX OFFENSES, FORCIBLE",16,TARAVAL,1,Friday
17237,"SEX OFFENSES, FORCIBLE",16,TARAVAL,1,Monday
17238,"SEX OFFENSES, FORCIBLE",16,TARAVAL,2,Thursday
17239,"SEX OFFENSES, FORCIBLE",16,TARAVAL,3,Wednesday
17240,"SEX OFFENSES, FORCIBLE",16,TENDERLOIN,1,Thursday
17241,"SEX OFFENSES, FORCIBLE",16,TENDERLOIN,1,Wednesday
17242,"SEX OFFENSES, FORCIBLE",17,BAYVIEW,1,Friday
17243,"SEX OFFENSES, FORCIBLE",17,BAYVIEW,2,Sunday
17244,"SEX OFFENSES, FORCIBLE",17,BAYVIEW,4,Thursday
17245,"SEX OFFENSES, FORCIBLE",17,CENTRAL,1,Friday
17246,"SEX OFFENSES, FORCIBLE",17,CENTRAL,1,Monday
17247,"SEX OFFENSES, FORCIBLE",17,CENTRAL,1,Sunday
17248,"SEX OFFENSES, FORCIBLE",17,CENTRAL,2,Thursday
17249,"SEX OFFENSES, FORCIBLE",17,CENTRAL,1,Tuesday
17250,"SEX OFFENSES, FORCIBLE",17,INGLESIDE,2,Monday
17251,"SEX OFFENSES, FORCIBLE",17,INGLESIDE,4,Saturday
17252,"SEX OFFENSES, FORCIBLE",17,INGLESIDE,2,Sunday
17253,"SEX OFFENSES, FORCIBLE",17,INGLESIDE,1,Wednesday
17254,"SEX OFFENSES, FORCIBLE",17,MISSION,2,Saturday
17255,"SEX OFFENSES, FORCIBLE",17,MISSION,2,Sunday
17256,"SEX OFFENSES, FORCIBLE",17,MISSION,1,Wednesday
17257,"SEX OFFENSES, FORCIBLE",17,NORTHERN,2,Friday
17258,"SEX OFFENSES, FORCIBLE",17,NORTHERN,1,Tuesday
17259,"SEX OFFENSES, FORCIBLE",17,PARK,1,Friday
17260,"SEX OFFENSES, FORCIBLE",17,PARK,3,Saturday
17261,"SEX OFFENSES, FORCIBLE",17,PARK,3,Thursday
17262,"SEX OFFENSES, FORCIBLE",17,RICHMOND,1,Friday
17263,"SEX OFFENSES, FORCIBLE",17,RICHMOND,1,Monday
17264,"SEX OFFENSES, FORCIBLE",17,RICHMOND,1,Tuesday
17265,"SEX OFFENSES, FORCIBLE",17,SOUTHERN,2,Friday
17266,"SEX OFFENSES, FORCIBLE",17,SOUTHERN,3,Monday
17267,"SEX OFFENSES, FORCIBLE",17,SOUTHERN,2,Saturday
17268,"SEX OFFENSES, FORCIBLE",17,SOUTHERN,2,Sunday
17269,"SEX OFFENSES, FORCIBLE",17,SOUTHERN,1,Thursday
17270,"SEX OFFENSES, FORCIBLE",17,SOUTHERN,1,Wednesday
17271,"SEX OFFENSES, FORCIBLE",17,TARAVAL,1,Saturday
17272,"SEX OFFENSES, FORCIBLE",17,TARAVAL,2,Sunday
17273,"SEX OFFENSES, FORCIBLE",17,TARAVAL,3,Thursday
17274,"SEX OFFENSES, FORCIBLE",17,TARAVAL,3,Tuesday
17275,"SEX OFFENSES, FORCIBLE",17,TARAVAL,1,Wednesday
17276,"SEX OFFENSES, FORCIBLE",17,TENDERLOIN,1,Friday
17277,"SEX OFFENSES, FORCIBLE",17,TENDERLOIN,1,Monday
17278,"SEX OFFENSES, FORCIBLE",17,TENDERLOIN,1,Thursday
17279,"SEX OFFENSES, FORCIBLE",17,TENDERLOIN,1,Tuesday
17280,"SEX OFFENSES, FORCIBLE",17,TENDERLOIN,1,Wednesday
17281,"SEX OFFENSES, FORCIBLE",18,BAYVIEW,1,Saturday
17282,"SEX OFFENSES, FORCIBLE",18,BAYVIEW,1,Wednesday
17283,"SEX OFFENSES, FORCIBLE",18,CENTRAL,1,Monday
17284,"SEX OFFENSES, FORCIBLE",18,CENTRAL,1,Saturday
17285,"SEX OFFENSES, FORCIBLE",18,CENTRAL,1,Sunday
17286,"SEX OFFENSES, FORCIBLE",18,CENTRAL,1,Thursday
17287,"SEX OFFENSES, FORCIBLE",18,CENTRAL,1,Tuesday
17288,"SEX OFFENSES, FORCIBLE",18,CENTRAL,1,Wednesday
17289,"SEX OFFENSES, FORCIBLE",18,INGLESIDE,1,Monday
17290,"SEX OFFENSES, FORCIBLE",18,INGLESIDE,3,Thursday
17291,"SEX OFFENSES, FORCIBLE",18,MISSION,1,Monday
17292,"SEX OFFENSES, FORCIBLE",18,MISSION,1,Sunday
17293,"SEX OFFENSES, FORCIBLE",18,MISSION,1,Thursday
17294,"SEX OFFENSES, FORCIBLE",18,MISSION,1,Tuesday
17295,"SEX OFFENSES, FORCIBLE",18,NORTHERN,1,Friday
17296,"SEX OFFENSES, FORCIBLE",18,NORTHERN,1,Saturday
17297,"SEX OFFENSES, FORCIBLE",18,NORTHERN,1,Tuesday
17298,"SEX OFFENSES, FORCIBLE",18,NORTHERN,1,Wednesday
17299,"SEX OFFENSES, FORCIBLE",18,PARK,1,Friday
17300,"SEX OFFENSES, FORCIBLE",18,PARK,1,Monday
17301,"SEX OFFENSES, FORCIBLE",18,PARK,2,Sunday
17302,"SEX OFFENSES, FORCIBLE",18,PARK,3,Thursday
17303,"SEX OFFENSES, FORCIBLE",18,PARK,1,Tuesday
17304,"SEX OFFENSES, FORCIBLE",18,PARK,2,Wednesday
17305,"SEX OFFENSES, FORCIBLE",18,RICHMOND,1,Saturday
17306,"SEX OFFENSES, FORCIBLE",18,SOUTHERN,1,Monday
17307,"SEX OFFENSES, FORCIBLE",18,SOUTHERN,3,Saturday
17308,"SEX OFFENSES, FORCIBLE",18,SOUTHERN,2,Sunday
17309,"SEX OFFENSES, FORCIBLE",18,SOUTHERN,2,Thursday
17310,"SEX OFFENSES, FORCIBLE",18,SOUTHERN,3,Wednesday
17311,"SEX OFFENSES, FORCIBLE",18,TARAVAL,1,Friday
17312,"SEX OFFENSES, FORCIBLE",18,TARAVAL,1,Saturday
17313,"SEX OFFENSES, FORCIBLE",18,TARAVAL,2,Thursday
17314,"SEX OFFENSES, FORCIBLE",18,TENDERLOIN,1,Friday
17315,"SEX OFFENSES, FORCIBLE",18,TENDERLOIN,1,Saturday
17316,"SEX OFFENSES, FORCIBLE",18,TENDERLOIN,1,Thursday
17317,"SEX OFFENSES, FORCIBLE",18,TENDERLOIN,1,Wednesday
17318,"SEX OFFENSES, FORCIBLE",19,BAYVIEW,1,Friday
17319,"SEX OFFENSES, FORCIBLE",19,BAYVIEW,2,Saturday
17320,"SEX OFFENSES, FORCIBLE",19,BAYVIEW,1,Tuesday
17321,"SEX OFFENSES, FORCIBLE",19,CENTRAL,1,Friday
17322,"SEX OFFENSES, FORCIBLE",19,CENTRAL,1,Monday
17323,"SEX OFFENSES, FORCIBLE",19,CENTRAL,2,Thursday
17324,"SEX OFFENSES, FORCIBLE",19,INGLESIDE,2,Friday
17325,"SEX OFFENSES, FORCIBLE",19,INGLESIDE,2,Saturday
17326,"SEX OFFENSES, FORCIBLE",19,MISSION,2,Saturday
17327,"SEX OFFENSES, FORCIBLE",19,MISSION,2,Sunday
17328,"SEX OFFENSES, FORCIBLE",19,MISSION,2,Thursday
17329,"SEX OFFENSES, FORCIBLE",19,MISSION,1,Tuesday
17330,"SEX OFFENSES, FORCIBLE",19,MISSION,1,Wednesday
17331,"SEX OFFENSES, FORCIBLE",19,PARK,1,Saturday
17332,"SEX OFFENSES, FORCIBLE",19,PARK,1,Thursday
17333,"SEX OFFENSES, FORCIBLE",19,SOUTHERN,1,Monday
17334,"SEX OFFENSES, FORCIBLE",19,SOUTHERN,3,Saturday
17335,"SEX OFFENSES, FORCIBLE",19,SOUTHERN,2,Thursday
17336,"SEX OFFENSES, FORCIBLE",19,TARAVAL,1,Sunday
17337,"SEX OFFENSES, FORCIBLE",19,TARAVAL,1,Tuesday
17338,"SEX OFFENSES, FORCIBLE",19,TENDERLOIN,1,Thursday
17339,"SEX OFFENSES, FORCIBLE",20,BAYVIEW,3,Friday
17340,"SEX OFFENSES, FORCIBLE",20,BAYVIEW,1,Saturday
17341,"SEX OFFENSES, FORCIBLE",20,BAYVIEW,2,Thursday
17342,"SEX OFFENSES, FORCIBLE",20,CENTRAL,1,Monday
17343,"SEX OFFENSES, FORCIBLE",20,CENTRAL,3,Thursday
17344,"SEX OFFENSES, FORCIBLE",20,CENTRAL,4,Wednesday
17345,"SEX OFFENSES, FORCIBLE",20,INGLESIDE,2,Friday
17346,"SEX OFFENSES, FORCIBLE",20,INGLESIDE,2,Monday
17347,"SEX OFFENSES, FORCIBLE",20,MISSION,1,Friday
17348,"SEX OFFENSES, FORCIBLE",20,MISSION,1,Saturday
17349,"SEX OFFENSES, FORCIBLE",20,MISSION,2,Sunday
17350,"SEX OFFENSES, FORCIBLE",20,MISSION,1,Tuesday
17351,"SEX OFFENSES, FORCIBLE",20,NORTHERN,2,Friday
17352,"SEX OFFENSES, FORCIBLE",20,NORTHERN,1,Saturday
17353,"SEX OFFENSES, FORCIBLE",20,NORTHERN,2,Thursday
17354,"SEX OFFENSES, FORCIBLE",20,PARK,2,Monday
17355,"SEX OFFENSES, FORCIBLE",20,PARK,1,Saturday
17356,"SEX OFFENSES, FORCIBLE",20,RICHMOND,1,Saturday
17357,"SEX OFFENSES, FORCIBLE",20,SOUTHERN,2,Friday
17358,"SEX OFFENSES, FORCIBLE",20,SOUTHERN,2,Saturday
17359,"SEX OFFENSES, FORCIBLE",20,SOUTHERN,1,Sunday
17360,"SEX OFFENSES, FORCIBLE",20,SOUTHERN,1,Thursday
17361,"SEX OFFENSES, FORCIBLE",20,SOUTHERN,1,Tuesday
17362,"SEX OFFENSES, FORCIBLE",20,SOUTHERN,1,Wednesday
17363,"SEX OFFENSES, FORCIBLE",20,TARAVAL,2,Thursday
17364,"SEX OFFENSES, FORCIBLE",20,TARAVAL,1,Tuesday
17365,"SEX OFFENSES, FORCIBLE",20,TENDERLOIN,1,Saturday
17366,"SEX OFFENSES, FORCIBLE",21,BAYVIEW,1,Friday
17367,"SEX OFFENSES, FORCIBLE",21,BAYVIEW,3,Monday
17368,"SEX OFFENSES, FORCIBLE",21,BAYVIEW,1,Saturday
17369,"SEX OFFENSES, FORCIBLE",21,BAYVIEW,2,Sunday
17370,"SEX OFFENSES, FORCIBLE",21,BAYVIEW,1,Thursday
17371,"SEX OFFENSES, FORCIBLE",21,INGLESIDE,1,Saturday
17372,"SEX OFFENSES, FORCIBLE",21,INGLESIDE,1,Thursday
17373,"SEX OFFENSES, FORCIBLE",21,MISSION,2,Saturday
17374,"SEX OFFENSES, FORCIBLE",21,MISSION,3,Tuesday
17375,"SEX OFFENSES, FORCIBLE",21,MISSION,2,Wednesday
17376,"SEX OFFENSES, FORCIBLE",21,NORTHERN,1,Friday
17377,"SEX OFFENSES, FORCIBLE",21,NORTHERN,1,Thursday
17378,"SEX OFFENSES, FORCIBLE",21,PARK,1,Friday
17379,"SEX OFFENSES, FORCIBLE",21,RICHMOND,1,Sunday
17380,"SEX OFFENSES, FORCIBLE",21,RICHMOND,2,Tuesday
17381,"SEX OFFENSES, FORCIBLE",21,SOUTHERN,4,Friday
17382,"SEX OFFENSES, FORCIBLE",21,SOUTHERN,1,Monday
17383,"SEX OFFENSES, FORCIBLE",21,SOUTHERN,1,Sunday
17384,"SEX OFFENSES, FORCIBLE",21,SOUTHERN,1,Thursday
17385,"SEX OFFENSES, FORCIBLE",21,TARAVAL,1,Sunday
17386,"SEX OFFENSES, FORCIBLE",21,TARAVAL,1,Thursday
17387,"SEX OFFENSES, FORCIBLE",21,TARAVAL,1,Tuesday
17388,"SEX OFFENSES, FORCIBLE",22,BAYVIEW,3,Sunday
17389,"SEX OFFENSES, FORCIBLE",22,BAYVIEW,1,Thursday
17390,"SEX OFFENSES, FORCIBLE",22,CENTRAL,2,Saturday
17391,"SEX OFFENSES, FORCIBLE",22,CENTRAL,1,Sunday
17392,"SEX OFFENSES, FORCIBLE",22,CENTRAL,3,Thursday
17393,"SEX OFFENSES, FORCIBLE",22,MISSION,6,Friday
17394,"SEX OFFENSES, FORCIBLE",22,MISSION,2,Monday
17395,"SEX OFFENSES, FORCIBLE",22,MISSION,1,Saturday
17396,"SEX OFFENSES, FORCIBLE",22,MISSION,2,Sunday
17397,"SEX OFFENSES, FORCIBLE",22,MISSION,1,Tuesday
17398,"SEX OFFENSES, FORCIBLE",22,NORTHERN,2,Friday
17399,"SEX OFFENSES, FORCIBLE",22,NORTHERN,3,Sunday
17400,"SEX OFFENSES, FORCIBLE",22,NORTHERN,1,Tuesday
17401,"SEX OFFENSES, FORCIBLE",22,PARK,1,Friday
17402,"SEX OFFENSES, FORCIBLE",22,PARK,1,Tuesday
17403,"SEX OFFENSES, FORCIBLE",22,RICHMOND,1,Monday
17404,"SEX OFFENSES, FORCIBLE",22,RICHMOND,1,Wednesday
17405,"SEX OFFENSES, FORCIBLE",22,SOUTHERN,2,Friday
17406,"SEX OFFENSES, FORCIBLE",22,SOUTHERN,8,Sunday
17407,"SEX OFFENSES, FORCIBLE",22,SOUTHERN,1,Thursday
17408,"SEX OFFENSES, FORCIBLE",22,SOUTHERN,3,Wednesday
17409,"SEX OFFENSES, FORCIBLE",22,TARAVAL,2,Friday
17410,"SEX OFFENSES, FORCIBLE",22,TARAVAL,3,Saturday
17411,"SEX OFFENSES, FORCIBLE",22,TENDERLOIN,1,Thursday
17412,"SEX OFFENSES, FORCIBLE",23,BAYVIEW,4,Friday
17413,"SEX OFFENSES, FORCIBLE",23,BAYVIEW,1,Monday
17414,"SEX OFFENSES, FORCIBLE",23,BAYVIEW,2,Saturday
17415,"SEX OFFENSES, FORCIBLE",23,BAYVIEW,1,Tuesday
17416,"SEX OFFENSES, FORCIBLE",23,CENTRAL,3,Friday
17417,"SEX OFFENSES, FORCIBLE",23,CENTRAL,1,Thursday
17418,"SEX OFFENSES, FORCIBLE",23,INGLESIDE,2,Saturday
17419,"SEX OFFENSES, FORCIBLE",23,INGLESIDE,4,Sunday
17420,"SEX OFFENSES, FORCIBLE",23,INGLESIDE,1,Thursday
17421,"SEX OFFENSES, FORCIBLE",23,INGLESIDE,2,Tuesday
17422,"SEX OFFENSES, FORCIBLE",23,INGLESIDE,2,Wednesday
17423,"SEX OFFENSES, FORCIBLE",23,MISSION,1,Monday
17424,"SEX OFFENSES, FORCIBLE",23,MISSION,1,Saturday
17425,"SEX OFFENSES, FORCIBLE",23,MISSION,2,Thursday
17426,"SEX OFFENSES, FORCIBLE",23,NORTHERN,3,Friday
17427,"SEX OFFENSES, FORCIBLE",23,PARK,2,Saturday
17428,"SEX OFFENSES, FORCIBLE",23,RICHMOND,1,Saturday
17429,"SEX OFFENSES, FORCIBLE",23,RICHMOND,1,Thursday
17430,"SEX OFFENSES, FORCIBLE",23,SOUTHERN,4,Friday
17431,"SEX OFFENSES, FORCIBLE",23,SOUTHERN,1,Monday
17432,"SEX OFFENSES, FORCIBLE",23,SOUTHERN,3,Saturday
17433,"SEX OFFENSES, FORCIBLE",23,SOUTHERN,2,Thursday
17434,"SEX OFFENSES, FORCIBLE",23,SOUTHERN,3,Wednesday
17435,"SEX OFFENSES, FORCIBLE",23,TARAVAL,2,Friday
17436,"SEX OFFENSES, FORCIBLE",23,TARAVAL,1,Thursday
17437,"SEX OFFENSES, FORCIBLE",23,TARAVAL,1,Wednesday
17438,"SEX OFFENSES, FORCIBLE",23,TENDERLOIN,1,Sunday
17439,"SEX OFFENSES, FORCIBLE",23,TENDERLOIN,1,Thursday
17440,"SEX OFFENSES, NON FORCIBLE",00,MISSION,1,Thursday
17441,"SEX OFFENSES, NON FORCIBLE",00,MISSION,1,Wednesday
17442,"SEX OFFENSES, NON FORCIBLE",00,SOUTHERN,1,Saturday
17443,"SEX OFFENSES, NON FORCIBLE",00,SOUTHERN,1,Tuesday
17444,"SEX OFFENSES, NON FORCIBLE",00,TENDERLOIN,1,Tuesday
17445,"SEX OFFENSES, NON FORCIBLE",01,SOUTHERN,1,Thursday
17446,"SEX OFFENSES, NON FORCIBLE",06,NORTHERN,1,Sunday
17447,"SEX OFFENSES, NON FORCIBLE",09,RICHMOND,1,Thursday
17448,"SEX OFFENSES, NON FORCIBLE",09,SOUTHERN,1,Friday
17449,"SEX OFFENSES, NON FORCIBLE",09,TARAVAL,1,Saturday
17450,"SEX OFFENSES, NON FORCIBLE",09,TARAVAL,1,Tuesday
17451,"SEX OFFENSES, NON FORCIBLE",11,BAYVIEW,1,Sunday
17452,"SEX OFFENSES, NON FORCIBLE",11,INGLESIDE,1,Sunday
17453,"SEX OFFENSES, NON FORCIBLE",13,SOUTHERN,1,Thursday
17454,"SEX OFFENSES, NON FORCIBLE",14,TARAVAL,1,Thursday
17455,"SEX OFFENSES, NON FORCIBLE",15,INGLESIDE,1,Saturday
17456,"SEX OFFENSES, NON FORCIBLE",15,NORTHERN,1,Sunday
17457,"SEX OFFENSES, NON FORCIBLE",15,RICHMOND,1,Thursday
17458,"SEX OFFENSES, NON FORCIBLE",15,SOUTHERN,1,Saturday
17459,"SEX OFFENSES, NON FORCIBLE",15,TARAVAL,1,Thursday
17460,"SEX OFFENSES, NON FORCIBLE",15,TARAVAL,2,Wednesday
17461,"SEX OFFENSES, NON FORCIBLE",16,TARAVAL,1,Monday
17462,"SEX OFFENSES, NON FORCIBLE",16,TARAVAL,1,Thursday
17463,"SEX OFFENSES, NON FORCIBLE",17,BAYVIEW,1,Friday
17464,"SEX OFFENSES, NON FORCIBLE",17,INGLESIDE,1,Wednesday
17465,"SEX OFFENSES, NON FORCIBLE",17,NORTHERN,1,Tuesday
17466,"SEX OFFENSES, NON FORCIBLE",17,SOUTHERN,1,Saturday
17467,"SEX OFFENSES, NON FORCIBLE",17,TARAVAL,2,Tuesday
17468,"SEX OFFENSES, NON FORCIBLE",18,MISSION,1,Thursday
17469,"SEX OFFENSES, NON FORCIBLE",18,PARK,1,Friday
17470,"SEX OFFENSES, NON FORCIBLE",18,PARK,1,Thursday
17471,"SEX OFFENSES, NON FORCIBLE",18,SOUTHERN,1,Tuesday
17472,"SEX OFFENSES, NON FORCIBLE",19,TARAVAL,1,Wednesday
17473,"SEX OFFENSES, NON FORCIBLE",20,TARAVAL,2,Thursday
17474,"SEX OFFENSES, NON FORCIBLE",20,TARAVAL,1,Tuesday
17475,"SEX OFFENSES, NON FORCIBLE",22,SOUTHERN,1,Wednesday
17476,"SEX OFFENSES, NON FORCIBLE",23,PARK,1,Saturday
17477,STOLEN PROPERTY,00,BAYVIEW,1,Sunday
17478,STOLEN PROPERTY,00,CENTRAL,2,Monday
17479,STOLEN PROPERTY,00,CENTRAL,1,Sunday
17480,STOLEN PROPERTY,00,CENTRAL,1,Tuesday
17481,STOLEN PROPERTY,00,MISSION,1,Friday
17482,STOLEN PROPERTY,00,MISSION,1,Saturday
17483,STOLEN PROPERTY,00,MISSION,1,Thursday
17484,STOLEN PROPERTY,00,MISSION,1,Tuesday
17485,STOLEN PROPERTY,00,NORTHERN,1,Friday
17486,STOLEN PROPERTY,00,NORTHERN,2,Monday
17487,STOLEN PROPERTY,00,NORTHERN,1,Sunday
17488,STOLEN PROPERTY,00,NORTHERN,1,Tuesday
17489,STOLEN PROPERTY,00,NORTHERN,2,Wednesday
17490,STOLEN PROPERTY,00,PARK,1,Wednesday
17491,STOLEN PROPERTY,00,RICHMOND,1,Monday
17492,STOLEN PROPERTY,00,RICHMOND,1,Saturday
17493,STOLEN PROPERTY,00,SOUTHERN,2,Friday
17494,STOLEN PROPERTY,00,SOUTHERN,2,Monday
17495,STOLEN PROPERTY,00,SOUTHERN,3,Saturday
17496,STOLEN PROPERTY,00,SOUTHERN,2,Sunday
17497,STOLEN PROPERTY,00,SOUTHERN,1,Wednesday
17498,STOLEN PROPERTY,00,TARAVAL,1,Thursday
17499,STOLEN PROPERTY,00,TENDERLOIN,2,Friday
17500,STOLEN PROPERTY,01,BAYVIEW,1,Monday
17501,STOLEN PROPERTY,01,BAYVIEW,1,Saturday
17502,STOLEN PROPERTY,01,BAYVIEW,1,Sunday
17503,STOLEN PROPERTY,01,CENTRAL,1,Monday
17504,STOLEN PROPERTY,01,CENTRAL,1,Saturday
17505,STOLEN PROPERTY,01,CENTRAL,1,Sunday
17506,STOLEN PROPERTY,01,INGLESIDE,1,Monday
17507,STOLEN PROPERTY,01,INGLESIDE,1,Tuesday
17508,STOLEN PROPERTY,01,MISSION,1,Saturday
17509,STOLEN PROPERTY,01,MISSION,1,Sunday
17510,STOLEN PROPERTY,01,MISSION,1,Thursday
17511,STOLEN PROPERTY,01,NORTHERN,1,Friday
17512,STOLEN PROPERTY,01,NORTHERN,2,Monday
17513,STOLEN PROPERTY,01,NORTHERN,1,Thursday
17514,STOLEN PROPERTY,01,NORTHERN,1,Tuesday
17515,STOLEN PROPERTY,01,RICHMOND,1,Sunday
17516,STOLEN PROPERTY,01,RICHMOND,1,Wednesday
17517,STOLEN PROPERTY,01,SOUTHERN,1,Friday
17518,STOLEN PROPERTY,01,SOUTHERN,2,Saturday
17519,STOLEN PROPERTY,01,SOUTHERN,1,Thursday
17520,STOLEN PROPERTY,02,BAYVIEW,1,Wednesday
17521,STOLEN PROPERTY,02,CENTRAL,1,Monday
17522,STOLEN PROPERTY,02,CENTRAL,1,Sunday
17523,STOLEN PROPERTY,02,CENTRAL,1,Tuesday
17524,STOLEN PROPERTY,02,INGLESIDE,1,Wednesday
17525,STOLEN PROPERTY,02,MISSION,1,Sunday
17526,STOLEN PROPERTY,02,MISSION,1,Thursday
17527,STOLEN PROPERTY,02,MISSION,2,Wednesday
17528,STOLEN PROPERTY,02,NORTHERN,1,Thursday
17529,STOLEN PROPERTY,02,NORTHERN,2,Tuesday
17530,STOLEN PROPERTY,02,NORTHERN,4,Wednesday
17531,STOLEN PROPERTY,02,PARK,1,Friday
17532,STOLEN PROPERTY,02,RICHMOND,1,Wednesday
17533,STOLEN PROPERTY,02,SOUTHERN,1,Friday
17534,STOLEN PROPERTY,02,SOUTHERN,1,Monday
17535,STOLEN PROPERTY,02,SOUTHERN,1,Saturday
17536,STOLEN PROPERTY,02,SOUTHERN,1,Thursday
17537,STOLEN PROPERTY,02,TARAVAL,1,Saturday
17538,STOLEN PROPERTY,02,TARAVAL,1,Sunday
17539,STOLEN PROPERTY,02,TARAVAL,1,Tuesday
17540,STOLEN PROPERTY,02,TENDERLOIN,1,Saturday
17541,STOLEN PROPERTY,02,TENDERLOIN,1,Tuesday
17542,STOLEN PROPERTY,02,TENDERLOIN,1,Wednesday
17543,STOLEN PROPERTY,03,BAYVIEW,1,Wednesday
17544,STOLEN PROPERTY,03,CENTRAL,1,Saturday
17545,STOLEN PROPERTY,03,CENTRAL,1,Sunday
17546,STOLEN PROPERTY,03,CENTRAL,2,Thursday
17547,STOLEN PROPERTY,03,INGLESIDE,1,Saturday
17548,STOLEN PROPERTY,03,INGLESIDE,1,Tuesday
17549,STOLEN PROPERTY,03,INGLESIDE,1,Wednesday
17550,STOLEN PROPERTY,03,MISSION,1,Monday
17551,STOLEN PROPERTY,03,MISSION,2,Tuesday
17552,STOLEN PROPERTY,03,MISSION,1,Wednesday
17553,STOLEN PROPERTY,03,NORTHERN,1,Friday
17554,STOLEN PROPERTY,03,NORTHERN,1,Monday
17555,STOLEN PROPERTY,03,NORTHERN,2,Saturday
17556,STOLEN PROPERTY,03,NORTHERN,1,Sunday
17557,STOLEN PROPERTY,03,NORTHERN,1,Tuesday
17558,STOLEN PROPERTY,03,NORTHERN,2,Wednesday
17559,STOLEN PROPERTY,03,RICHMOND,1,Saturday
17560,STOLEN PROPERTY,03,SOUTHERN,1,Sunday
17561,STOLEN PROPERTY,03,SOUTHERN,1,Wednesday
17562,STOLEN PROPERTY,03,TARAVAL,1,Saturday
17563,STOLEN PROPERTY,03,TARAVAL,1,Thursday
17564,STOLEN PROPERTY,03,TENDERLOIN,1,Thursday
17565,STOLEN PROPERTY,04,BAYVIEW,1,Thursday
17566,STOLEN PROPERTY,04,CENTRAL,1,Monday
17567,STOLEN PROPERTY,04,INGLESIDE,2,Saturday
17568,STOLEN PROPERTY,04,INGLESIDE,1,Thursday
17569,STOLEN PROPERTY,04,INGLESIDE,1,Tuesday
17570,STOLEN PROPERTY,04,MISSION,1,Saturday
17571,STOLEN PROPERTY,04,MISSION,1,Sunday
17572,STOLEN PROPERTY,04,MISSION,1,Wednesday
17573,STOLEN PROPERTY,04,NORTHERN,3,Sunday
17574,STOLEN PROPERTY,04,NORTHERN,1,Thursday
17575,STOLEN PROPERTY,04,NORTHERN,1,Tuesday
17576,STOLEN PROPERTY,04,PARK,1,Friday
17577,STOLEN PROPERTY,04,RICHMOND,2,Thursday
17578,STOLEN PROPERTY,04,SOUTHERN,1,Monday
17579,STOLEN PROPERTY,04,TARAVAL,1,Monday
17580,STOLEN PROPERTY,04,TENDERLOIN,1,Saturday
17581,STOLEN PROPERTY,05,CENTRAL,2,Friday
17582,STOLEN PROPERTY,05,CENTRAL,1,Sunday
17583,STOLEN PROPERTY,05,INGLESIDE,1,Wednesday
17584,STOLEN PROPERTY,05,MISSION,1,Sunday
17585,STOLEN PROPERTY,05,NORTHERN,1,Monday
17586,STOLEN PROPERTY,05,NORTHERN,1,Saturday
17587,STOLEN PROPERTY,05,NORTHERN,1,Thursday
17588,STOLEN PROPERTY,05,PARK,1,Sunday
17589,STOLEN PROPERTY,05,SOUTHERN,1,Saturday
17590,STOLEN PROPERTY,05,TARAVAL,1,Saturday
17591,STOLEN PROPERTY,05,TENDERLOIN,1,Monday
17592,STOLEN PROPERTY,06,BAYVIEW,1,Friday
17593,STOLEN PROPERTY,06,BAYVIEW,2,Sunday
17594,STOLEN PROPERTY,06,CENTRAL,1,Friday
17595,STOLEN PROPERTY,06,CENTRAL,1,Wednesday
17596,STOLEN PROPERTY,06,MISSION,1,Friday
17597,STOLEN PROPERTY,06,MISSION,2,Sunday
17598,STOLEN PROPERTY,06,MISSION,2,Tuesday
17599,STOLEN PROPERTY,06,MISSION,1,Wednesday
17600,STOLEN PROPERTY,06,NORTHERN,1,Friday
17601,STOLEN PROPERTY,06,NORTHERN,1,Sunday
17602,STOLEN PROPERTY,06,PARK,1,Friday
17603,STOLEN PROPERTY,06,PARK,1,Monday
17604,STOLEN PROPERTY,06,RICHMOND,1,Sunday
17605,STOLEN PROPERTY,06,SOUTHERN,1,Saturday
17606,STOLEN PROPERTY,06,SOUTHERN,1,Thursday
17607,STOLEN PROPERTY,06,SOUTHERN,1,Tuesday
17608,STOLEN PROPERTY,06,TARAVAL,1,Friday
17609,STOLEN PROPERTY,06,TENDERLOIN,1,Monday
17610,STOLEN PROPERTY,07,CENTRAL,1,Friday
17611,STOLEN PROPERTY,07,CENTRAL,1,Sunday
17612,STOLEN PROPERTY,07,INGLESIDE,1,Monday
17613,STOLEN PROPERTY,07,INGLESIDE,1,Saturday
17614,STOLEN PROPERTY,07,INGLESIDE,1,Tuesday
17615,STOLEN PROPERTY,07,MISSION,1,Friday
17616,STOLEN PROPERTY,07,MISSION,3,Wednesday
17617,STOLEN PROPERTY,07,NORTHERN,1,Monday
17618,STOLEN PROPERTY,07,NORTHERN,1,Thursday
17619,STOLEN PROPERTY,07,PARK,1,Sunday
17620,STOLEN PROPERTY,07,PARK,1,Wednesday
17621,STOLEN PROPERTY,07,SOUTHERN,3,Monday
17622,STOLEN PROPERTY,07,SOUTHERN,2,Sunday
17623,STOLEN PROPERTY,07,SOUTHERN,3,Thursday
17624,STOLEN PROPERTY,07,SOUTHERN,3,Tuesday
17625,STOLEN PROPERTY,07,SOUTHERN,4,Wednesday
17626,STOLEN PROPERTY,07,TARAVAL,1,Wednesday
17627,STOLEN PROPERTY,07,TENDERLOIN,1,Friday
17628,STOLEN PROPERTY,07,TENDERLOIN,1,Saturday
17629,STOLEN PROPERTY,08,BAYVIEW,2,Friday
17630,STOLEN PROPERTY,08,BAYVIEW,1,Thursday
17631,STOLEN PROPERTY,08,CENTRAL,1,Friday
17632,STOLEN PROPERTY,08,CENTRAL,1,Monday
17633,STOLEN PROPERTY,08,CENTRAL,1,Saturday
17634,STOLEN PROPERTY,08,CENTRAL,1,Sunday
17635,STOLEN PROPERTY,08,CENTRAL,1,Thursday
17636,STOLEN PROPERTY,08,CENTRAL,2,Tuesday
17637,STOLEN PROPERTY,08,CENTRAL,1,Wednesday
17638,STOLEN PROPERTY,08,INGLESIDE,1,Wednesday
17639,STOLEN PROPERTY,08,MISSION,1,Friday
17640,STOLEN PROPERTY,08,MISSION,1,Saturday
17641,STOLEN PROPERTY,08,MISSION,1,Thursday
17642,STOLEN PROPERTY,08,NORTHERN,2,Monday
17643,STOLEN PROPERTY,08,NORTHERN,1,Wednesday
17644,STOLEN PROPERTY,08,PARK,2,Tuesday
17645,STOLEN PROPERTY,08,SOUTHERN,3,Monday
17646,STOLEN PROPERTY,08,SOUTHERN,2,Saturday
17647,STOLEN PROPERTY,08,SOUTHERN,1,Thursday
17648,STOLEN PROPERTY,08,SOUTHERN,1,Tuesday
17649,STOLEN PROPERTY,08,SOUTHERN,1,Wednesday
17650,STOLEN PROPERTY,08,TARAVAL,1,Tuesday
17651,STOLEN PROPERTY,08,TENDERLOIN,1,Saturday
17652,STOLEN PROPERTY,08,TENDERLOIN,1,Wednesday
17653,STOLEN PROPERTY,09,BAYVIEW,1,Saturday
17654,STOLEN PROPERTY,09,BAYVIEW,1,Thursday
17655,STOLEN PROPERTY,09,CENTRAL,1,Monday
17656,STOLEN PROPERTY,09,CENTRAL,1,Sunday
17657,STOLEN PROPERTY,09,INGLESIDE,1,Sunday
17658,STOLEN PROPERTY,09,INGLESIDE,1,Thursday
17659,STOLEN PROPERTY,09,MISSION,2,Friday
17660,STOLEN PROPERTY,09,MISSION,1,Sunday
17661,STOLEN PROPERTY,09,MISSION,1,Thursday
17662,STOLEN PROPERTY,09,NORTHERN,1,Friday
17663,STOLEN PROPERTY,09,NORTHERN,1,Saturday
17664,STOLEN PROPERTY,09,NORTHERN,1,Wednesday
17665,STOLEN PROPERTY,09,PARK,1,Saturday
17666,STOLEN PROPERTY,09,PARK,1,Tuesday
17667,STOLEN PROPERTY,09,SOUTHERN,1,Friday
17668,STOLEN PROPERTY,09,SOUTHERN,1,Sunday
17669,STOLEN PROPERTY,09,TARAVAL,1,Monday
17670,STOLEN PROPERTY,09,TARAVAL,2,Tuesday
17671,STOLEN PROPERTY,09,TENDERLOIN,1,Sunday
17672,STOLEN PROPERTY,10,BAYVIEW,1,Wednesday
17673,STOLEN PROPERTY,10,CENTRAL,2,Friday
17674,STOLEN PROPERTY,10,CENTRAL,1,Monday
17675,STOLEN PROPERTY,10,CENTRAL,1,Sunday
17676,STOLEN PROPERTY,10,CENTRAL,1,Thursday
17677,STOLEN PROPERTY,10,CENTRAL,1,Tuesday
17678,STOLEN PROPERTY,10,CENTRAL,1,Wednesday
17679,STOLEN PROPERTY,10,INGLESIDE,1,Monday
17680,STOLEN PROPERTY,10,MISSION,2,Friday
17681,STOLEN PROPERTY,10,MISSION,1,Thursday
17682,STOLEN PROPERTY,10,NORTHERN,1,Monday
17683,STOLEN PROPERTY,10,NORTHERN,1,Sunday
17684,STOLEN PROPERTY,10,NORTHERN,1,Tuesday
17685,STOLEN PROPERTY,10,PARK,1,Tuesday
17686,STOLEN PROPERTY,10,PARK,2,Wednesday
17687,STOLEN PROPERTY,10,RICHMOND,1,Thursday
17688,STOLEN PROPERTY,10,RICHMOND,1,Tuesday
17689,STOLEN PROPERTY,10,SOUTHERN,1,Sunday
17690,STOLEN PROPERTY,10,SOUTHERN,1,Thursday
17691,STOLEN PROPERTY,10,SOUTHERN,2,Tuesday
17692,STOLEN PROPERTY,10,SOUTHERN,2,Wednesday
17693,STOLEN PROPERTY,10,TARAVAL,3,Friday
17694,STOLEN PROPERTY,10,TARAVAL,1,Sunday
17695,STOLEN PROPERTY,10,TARAVAL,2,Wednesday
17696,STOLEN PROPERTY,11,BAYVIEW,1,Friday
17697,STOLEN PROPERTY,11,BAYVIEW,1,Wednesday
17698,STOLEN PROPERTY,11,CENTRAL,1,Monday
17699,STOLEN PROPERTY,11,CENTRAL,1,Saturday
17700,STOLEN PROPERTY,11,CENTRAL,1,Wednesday
17701,STOLEN PROPERTY,11,MISSION,1,Friday
17702,STOLEN PROPERTY,11,NORTHERN,1,Sunday
17703,STOLEN PROPERTY,11,NORTHERN,2,Thursday
17704,STOLEN PROPERTY,11,NORTHERN,2,Tuesday
17705,STOLEN PROPERTY,11,NORTHERN,1,Wednesday
17706,STOLEN PROPERTY,11,PARK,1,Friday
17707,STOLEN PROPERTY,11,PARK,1,Monday
17708,STOLEN PROPERTY,11,PARK,1,Saturday
17709,STOLEN PROPERTY,11,PARK,1,Thursday
17710,STOLEN PROPERTY,11,PARK,1,Tuesday
17711,STOLEN PROPERTY,11,RICHMOND,1,Friday
17712,STOLEN PROPERTY,11,RICHMOND,1,Monday
17713,STOLEN PROPERTY,11,RICHMOND,1,Saturday
17714,STOLEN PROPERTY,11,RICHMOND,1,Sunday
17715,STOLEN PROPERTY,11,RICHMOND,1,Wednesday
17716,STOLEN PROPERTY,11,SOUTHERN,1,Friday
17717,STOLEN PROPERTY,11,SOUTHERN,1,Saturday
17718,STOLEN PROPERTY,11,SOUTHERN,1,Tuesday
17719,STOLEN PROPERTY,11,SOUTHERN,1,Wednesday
17720,STOLEN PROPERTY,11,TARAVAL,1,Friday
17721,STOLEN PROPERTY,11,TARAVAL,1,Saturday
17722,STOLEN PROPERTY,11,TARAVAL,1,Tuesday
17723,STOLEN PROPERTY,11,TENDERLOIN,1,Tuesday
17724,STOLEN PROPERTY,11,TENDERLOIN,1,Wednesday
17725,STOLEN PROPERTY,12,BAYVIEW,2,Monday
17726,STOLEN PROPERTY,12,BAYVIEW,1,Saturday
17727,STOLEN PROPERTY,12,BAYVIEW,1,Tuesday
17728,STOLEN PROPERTY,12,CENTRAL,1,Friday
17729,STOLEN PROPERTY,12,CENTRAL,2,Sunday
17730,STOLEN PROPERTY,12,CENTRAL,1,Thursday
17731,STOLEN PROPERTY,12,INGLESIDE,1,Sunday
17732,STOLEN PROPERTY,12,INGLESIDE,1,Thursday
17733,STOLEN PROPERTY,12,MISSION,3,Friday
17734,STOLEN PROPERTY,12,MISSION,2,Monday
17735,STOLEN PROPERTY,12,MISSION,2,Sunday
17736,STOLEN PROPERTY,12,MISSION,2,Wednesday
17737,STOLEN PROPERTY,12,NORTHERN,1,Friday
17738,STOLEN PROPERTY,12,NORTHERN,2,Monday
17739,STOLEN PROPERTY,12,NORTHERN,2,Sunday
17740,STOLEN PROPERTY,12,NORTHERN,1,Thursday
17741,STOLEN PROPERTY,12,NORTHERN,2,Tuesday
17742,STOLEN PROPERTY,12,NORTHERN,2,Wednesday
17743,STOLEN PROPERTY,12,RICHMOND,1,Monday
17744,STOLEN PROPERTY,12,RICHMOND,1,Wednesday
17745,STOLEN PROPERTY,12,SOUTHERN,2,Friday
17746,STOLEN PROPERTY,12,SOUTHERN,1,Monday
17747,STOLEN PROPERTY,12,SOUTHERN,1,Saturday
17748,STOLEN PROPERTY,12,SOUTHERN,1,Sunday
17749,STOLEN PROPERTY,12,SOUTHERN,2,Tuesday
17750,STOLEN PROPERTY,12,SOUTHERN,3,Wednesday
17751,STOLEN PROPERTY,12,TARAVAL,1,Saturday
17752,STOLEN PROPERTY,12,TARAVAL,1,Tuesday
17753,STOLEN PROPERTY,12,TENDERLOIN,2,Sunday
17754,STOLEN PROPERTY,12,TENDERLOIN,2,Thursday
17755,STOLEN PROPERTY,12,TENDERLOIN,1,Tuesday
17756,STOLEN PROPERTY,13,BAYVIEW,1,Friday
17757,STOLEN PROPERTY,13,BAYVIEW,1,Monday
17758,STOLEN PROPERTY,13,BAYVIEW,1,Sunday
17759,STOLEN PROPERTY,13,BAYVIEW,1,Wednesday
17760,STOLEN PROPERTY,13,CENTRAL,1,Monday
17761,STOLEN PROPERTY,13,CENTRAL,2,Saturday
17762,STOLEN PROPERTY,13,CENTRAL,4,Sunday
17763,STOLEN PROPERTY,13,CENTRAL,1,Thursday
17764,STOLEN PROPERTY,13,CENTRAL,4,Wednesday
17765,STOLEN PROPERTY,13,INGLESIDE,1,Sunday
17766,STOLEN PROPERTY,13,MISSION,1,Saturday
17767,STOLEN PROPERTY,13,MISSION,1,Sunday
17768,STOLEN PROPERTY,13,MISSION,1,Wednesday
17769,STOLEN PROPERTY,13,NORTHERN,1,Friday
17770,STOLEN PROPERTY,13,NORTHERN,3,Monday
17771,STOLEN PROPERTY,13,NORTHERN,1,Saturday
17772,STOLEN PROPERTY,13,NORTHERN,3,Sunday
17773,STOLEN PROPERTY,13,NORTHERN,1,Wednesday
17774,STOLEN PROPERTY,13,PARK,1,Friday
17775,STOLEN PROPERTY,13,PARK,1,Thursday
17776,STOLEN PROPERTY,13,RICHMOND,1,Monday
17777,STOLEN PROPERTY,13,RICHMOND,1,Tuesday
17778,STOLEN PROPERTY,13,SOUTHERN,1,Saturday
17779,STOLEN PROPERTY,13,SOUTHERN,3,Sunday
17780,STOLEN PROPERTY,13,SOUTHERN,1,Thursday
17781,STOLEN PROPERTY,13,SOUTHERN,3,Tuesday
17782,STOLEN PROPERTY,13,SOUTHERN,2,Wednesday
17783,STOLEN PROPERTY,13,TENDERLOIN,1,Monday
17784,STOLEN PROPERTY,13,TENDERLOIN,1,Saturday
17785,STOLEN PROPERTY,13,TENDERLOIN,2,Tuesday
17786,STOLEN PROPERTY,14,BAYVIEW,1,Wednesday
17787,STOLEN PROPERTY,14,CENTRAL,1,Friday
17788,STOLEN PROPERTY,14,CENTRAL,1,Monday
17789,STOLEN PROPERTY,14,CENTRAL,1,Saturday
17790,STOLEN PROPERTY,14,CENTRAL,1,Sunday
17791,STOLEN PROPERTY,14,CENTRAL,2,Tuesday
17792,STOLEN PROPERTY,14,CENTRAL,4,Wednesday
17793,STOLEN PROPERTY,14,INGLESIDE,1,Saturday
17794,STOLEN PROPERTY,14,INGLESIDE,1,Sunday
17795,STOLEN PROPERTY,14,INGLESIDE,1,Tuesday
17796,STOLEN PROPERTY,14,MISSION,1,Saturday
17797,STOLEN PROPERTY,14,MISSION,1,Sunday
17798,STOLEN PROPERTY,14,MISSION,1,Thursday
17799,STOLEN PROPERTY,14,MISSION,1,Tuesday
17800,STOLEN PROPERTY,14,NORTHERN,1,Monday
17801,STOLEN PROPERTY,14,NORTHERN,3,Saturday
17802,STOLEN PROPERTY,14,NORTHERN,1,Thursday
17803,STOLEN PROPERTY,14,NORTHERN,2,Wednesday
17804,STOLEN PROPERTY,14,PARK,1,Friday
17805,STOLEN PROPERTY,14,RICHMOND,2,Monday
17806,STOLEN PROPERTY,14,RICHMOND,2,Tuesday
17807,STOLEN PROPERTY,14,SOUTHERN,1,Friday
17808,STOLEN PROPERTY,14,SOUTHERN,2,Monday
17809,STOLEN PROPERTY,14,SOUTHERN,1,Sunday
17810,STOLEN PROPERTY,14,SOUTHERN,1,Thursday
17811,STOLEN PROPERTY,14,SOUTHERN,1,Tuesday
17812,STOLEN PROPERTY,14,SOUTHERN,1,Wednesday
17813,STOLEN PROPERTY,14,TARAVAL,1,Friday
17814,STOLEN PROPERTY,14,TARAVAL,2,Monday
17815,STOLEN PROPERTY,14,TARAVAL,2,Tuesday
17816,STOLEN PROPERTY,14,TENDERLOIN,1,Thursday
17817,STOLEN PROPERTY,14,TENDERLOIN,2,Tuesday
17818,STOLEN PROPERTY,15,BAYVIEW,2,Monday
17819,STOLEN PROPERTY,15,BAYVIEW,1,Tuesday
17820,STOLEN PROPERTY,15,CENTRAL,2,Friday
17821,STOLEN PROPERTY,15,CENTRAL,1,Saturday
17822,STOLEN PROPERTY,15,CENTRAL,2,Sunday
17823,STOLEN PROPERTY,15,CENTRAL,1,Tuesday
17824,STOLEN PROPERTY,15,CENTRAL,1,Wednesday
17825,STOLEN PROPERTY,15,INGLESIDE,2,Friday
17826,STOLEN PROPERTY,15,INGLESIDE,2,Monday
17827,STOLEN PROPERTY,15,INGLESIDE,2,Saturday
17828,STOLEN PROPERTY,15,INGLESIDE,3,Sunday
17829,STOLEN PROPERTY,15,MISSION,2,Sunday
17830,STOLEN PROPERTY,15,MISSION,3,Thursday
17831,STOLEN PROPERTY,15,MISSION,2,Tuesday
17832,STOLEN PROPERTY,15,MISSION,2,Wednesday
17833,STOLEN PROPERTY,15,NORTHERN,1,Friday
17834,STOLEN PROPERTY,15,NORTHERN,1,Sunday
17835,STOLEN PROPERTY,15,NORTHERN,1,Thursday
17836,STOLEN PROPERTY,15,NORTHERN,2,Wednesday
17837,STOLEN PROPERTY,15,RICHMOND,3,Monday
17838,STOLEN PROPERTY,15,RICHMOND,1,Tuesday
17839,STOLEN PROPERTY,15,RICHMOND,2,Wednesday
17840,STOLEN PROPERTY,15,SOUTHERN,1,Friday
17841,STOLEN PROPERTY,15,SOUTHERN,2,Monday
17842,STOLEN PROPERTY,15,SOUTHERN,3,Saturday
17843,STOLEN PROPERTY,15,SOUTHERN,1,Thursday
17844,STOLEN PROPERTY,15,SOUTHERN,2,Tuesday
17845,STOLEN PROPERTY,15,SOUTHERN,1,Wednesday
17846,STOLEN PROPERTY,15,TARAVAL,1,Wednesday
17847,STOLEN PROPERTY,15,TENDERLOIN,1,Sunday
17848,STOLEN PROPERTY,15,TENDERLOIN,1,Tuesday
17849,STOLEN PROPERTY,16,BAYVIEW,1,Monday
17850,STOLEN PROPERTY,16,BAYVIEW,1,Sunday
17851,STOLEN PROPERTY,16,BAYVIEW,2,Wednesday
17852,STOLEN PROPERTY,16,CENTRAL,2,Friday
17853,STOLEN PROPERTY,16,CENTRAL,4,Saturday
17854,STOLEN PROPERTY,16,CENTRAL,2,Sunday
17855,STOLEN PROPERTY,16,CENTRAL,3,Thursday
17856,STOLEN PROPERTY,16,CENTRAL,3,Tuesday
17857,STOLEN PROPERTY,16,CENTRAL,1,Wednesday
17858,STOLEN PROPERTY,16,INGLESIDE,2,Thursday
17859,STOLEN PROPERTY,16,INGLESIDE,2,Tuesday
17860,STOLEN PROPERTY,16,MISSION,2,Friday
17861,STOLEN PROPERTY,16,MISSION,1,Sunday
17862,STOLEN PROPERTY,16,MISSION,1,Thursday
17863,STOLEN PROPERTY,16,MISSION,1,Wednesday
17864,STOLEN PROPERTY,16,NORTHERN,1,Thursday
17865,STOLEN PROPERTY,16,NORTHERN,2,Wednesday
17866,STOLEN PROPERTY,16,PARK,1,Monday
17867,STOLEN PROPERTY,16,RICHMOND,1,Friday
17868,STOLEN PROPERTY,16,RICHMOND,1,Thursday
17869,STOLEN PROPERTY,16,RICHMOND,1,Tuesday
17870,STOLEN PROPERTY,16,SOUTHERN,3,Friday
17871,STOLEN PROPERTY,16,SOUTHERN,1,Monday
17872,STOLEN PROPERTY,16,SOUTHERN,3,Sunday
17873,STOLEN PROPERTY,16,SOUTHERN,4,Tuesday
17874,STOLEN PROPERTY,16,SOUTHERN,4,Wednesday
17875,STOLEN PROPERTY,16,TARAVAL,2,Tuesday
17876,STOLEN PROPERTY,16,TENDERLOIN,2,Friday
17877,STOLEN PROPERTY,16,TENDERLOIN,1,Saturday
17878,STOLEN PROPERTY,16,TENDERLOIN,1,Sunday
17879,STOLEN PROPERTY,16,TENDERLOIN,1,Thursday
17880,STOLEN PROPERTY,17,BAYVIEW,1,Sunday
17881,STOLEN PROPERTY,17,BAYVIEW,1,Wednesday
17882,STOLEN PROPERTY,17,CENTRAL,1,Friday
17883,STOLEN PROPERTY,17,CENTRAL,3,Monday
17884,STOLEN PROPERTY,17,CENTRAL,1,Saturday
17885,STOLEN PROPERTY,17,CENTRAL,1,Sunday
17886,STOLEN PROPERTY,17,CENTRAL,3,Thursday
17887,STOLEN PROPERTY,17,CENTRAL,3,Tuesday
17888,STOLEN PROPERTY,17,CENTRAL,3,Wednesday
17889,STOLEN PROPERTY,17,INGLESIDE,1,Friday
17890,STOLEN PROPERTY,17,INGLESIDE,1,Saturday
17891,STOLEN PROPERTY,17,MISSION,1,Sunday
17892,STOLEN PROPERTY,17,MISSION,1,Tuesday
17893,STOLEN PROPERTY,17,MISSION,1,Wednesday
17894,STOLEN PROPERTY,17,NORTHERN,2,Friday
17895,STOLEN PROPERTY,17,NORTHERN,1,Monday
17896,STOLEN PROPERTY,17,NORTHERN,1,Saturday
17897,STOLEN PROPERTY,17,NORTHERN,2,Sunday
17898,STOLEN PROPERTY,17,NORTHERN,4,Thursday
17899,STOLEN PROPERTY,17,NORTHERN,1,Tuesday
17900,STOLEN PROPERTY,17,PARK,2,Friday
17901,STOLEN PROPERTY,17,PARK,1,Wednesday
17902,STOLEN PROPERTY,17,RICHMOND,1,Sunday
17903,STOLEN PROPERTY,17,RICHMOND,1,Wednesday
17904,STOLEN PROPERTY,17,SOUTHERN,1,Friday
17905,STOLEN PROPERTY,17,SOUTHERN,7,Monday
17906,STOLEN PROPERTY,17,SOUTHERN,2,Saturday
17907,STOLEN PROPERTY,17,SOUTHERN,3,Sunday
17908,STOLEN PROPERTY,17,SOUTHERN,3,Thursday
17909,STOLEN PROPERTY,17,SOUTHERN,1,Tuesday
17910,STOLEN PROPERTY,17,TARAVAL,1,Saturday
17911,STOLEN PROPERTY,17,TARAVAL,1,Tuesday
17912,STOLEN PROPERTY,17,TENDERLOIN,1,Saturday
17913,STOLEN PROPERTY,17,TENDERLOIN,2,Sunday
17914,STOLEN PROPERTY,17,TENDERLOIN,1,Wednesday
17915,STOLEN PROPERTY,18,BAYVIEW,2,Friday
17916,STOLEN PROPERTY,18,BAYVIEW,1,Monday
17917,STOLEN PROPERTY,18,BAYVIEW,1,Thursday
17918,STOLEN PROPERTY,18,BAYVIEW,1,Wednesday
17919,STOLEN PROPERTY,18,CENTRAL,3,Friday
17920,STOLEN PROPERTY,18,CENTRAL,6,Monday
17921,STOLEN PROPERTY,18,CENTRAL,1,Thursday
17922,STOLEN PROPERTY,18,CENTRAL,4,Tuesday
17923,STOLEN PROPERTY,18,CENTRAL,1,Wednesday
17924,STOLEN PROPERTY,18,INGLESIDE,1,Monday
17925,STOLEN PROPERTY,18,INGLESIDE,1,Saturday
17926,STOLEN PROPERTY,18,MISSION,2,Friday
17927,STOLEN PROPERTY,18,MISSION,3,Monday
17928,STOLEN PROPERTY,18,MISSION,1,Sunday
17929,STOLEN PROPERTY,18,NORTHERN,2,Monday
17930,STOLEN PROPERTY,18,NORTHERN,1,Wednesday
17931,STOLEN PROPERTY,18,PARK,1,Sunday
17932,STOLEN PROPERTY,18,PARK,1,Thursday
17933,STOLEN PROPERTY,18,RICHMOND,1,Thursday
17934,STOLEN PROPERTY,18,SOUTHERN,2,Friday
17935,STOLEN PROPERTY,18,SOUTHERN,2,Monday
17936,STOLEN PROPERTY,18,SOUTHERN,1,Saturday
17937,STOLEN PROPERTY,18,SOUTHERN,1,Sunday
17938,STOLEN PROPERTY,18,SOUTHERN,1,Thursday
17939,STOLEN PROPERTY,18,SOUTHERN,3,Tuesday
17940,STOLEN PROPERTY,18,SOUTHERN,2,Wednesday
17941,STOLEN PROPERTY,18,TARAVAL,1,Friday
17942,STOLEN PROPERTY,18,TARAVAL,1,Monday
17943,STOLEN PROPERTY,18,TARAVAL,2,Thursday
17944,STOLEN PROPERTY,18,TENDERLOIN,1,Saturday
17945,STOLEN PROPERTY,18,TENDERLOIN,1,Sunday
17946,STOLEN PROPERTY,18,TENDERLOIN,1,Thursday
17947,STOLEN PROPERTY,18,TENDERLOIN,3,Tuesday
17948,STOLEN PROPERTY,19,BAYVIEW,1,Sunday
17949,STOLEN PROPERTY,19,BAYVIEW,1,Thursday
17950,STOLEN PROPERTY,19,BAYVIEW,1,Tuesday
17951,STOLEN PROPERTY,19,CENTRAL,1,Friday
17952,STOLEN PROPERTY,19,CENTRAL,3,Monday
17953,STOLEN PROPERTY,19,CENTRAL,4,Sunday
17954,STOLEN PROPERTY,19,CENTRAL,3,Thursday
17955,STOLEN PROPERTY,19,CENTRAL,2,Tuesday
17956,STOLEN PROPERTY,19,CENTRAL,2,Wednesday
17957,STOLEN PROPERTY,19,INGLESIDE,3,Sunday
17958,STOLEN PROPERTY,19,INGLESIDE,1,Tuesday
17959,STOLEN PROPERTY,19,MISSION,2,Sunday
17960,STOLEN PROPERTY,19,MISSION,2,Thursday
17961,STOLEN PROPERTY,19,NORTHERN,1,Friday
17962,STOLEN PROPERTY,19,NORTHERN,1,Monday
17963,STOLEN PROPERTY,19,NORTHERN,2,Sunday
17964,STOLEN PROPERTY,19,NORTHERN,1,Thursday
17965,STOLEN PROPERTY,19,NORTHERN,2,Tuesday
17966,STOLEN PROPERTY,19,RICHMOND,1,Sunday
17967,STOLEN PROPERTY,19,SOUTHERN,2,Friday
17968,STOLEN PROPERTY,19,SOUTHERN,1,Saturday
17969,STOLEN PROPERTY,19,SOUTHERN,1,Thursday
17970,STOLEN PROPERTY,19,SOUTHERN,1,Tuesday
17971,STOLEN PROPERTY,19,SOUTHERN,2,Wednesday
17972,STOLEN PROPERTY,19,TARAVAL,2,Sunday
17973,STOLEN PROPERTY,19,TARAVAL,1,Thursday
17974,STOLEN PROPERTY,19,TARAVAL,2,Tuesday
17975,STOLEN PROPERTY,19,TENDERLOIN,1,Monday
17976,STOLEN PROPERTY,20,BAYVIEW,2,Thursday
17977,STOLEN PROPERTY,20,BAYVIEW,1,Wednesday
17978,STOLEN PROPERTY,20,CENTRAL,4,Monday
17979,STOLEN PROPERTY,20,CENTRAL,1,Saturday
17980,STOLEN PROPERTY,20,CENTRAL,1,Sunday
17981,STOLEN PROPERTY,20,CENTRAL,2,Thursday
17982,STOLEN PROPERTY,20,CENTRAL,1,Tuesday
17983,STOLEN PROPERTY,20,CENTRAL,3,Wednesday
17984,STOLEN PROPERTY,20,INGLESIDE,1,Sunday
17985,STOLEN PROPERTY,20,MISSION,4,Monday
17986,STOLEN PROPERTY,20,MISSION,1,Saturday
17987,STOLEN PROPERTY,20,MISSION,1,Sunday
17988,STOLEN PROPERTY,20,MISSION,1,Tuesday
17989,STOLEN PROPERTY,20,NORTHERN,1,Monday
17990,STOLEN PROPERTY,20,NORTHERN,1,Tuesday
17991,STOLEN PROPERTY,20,PARK,1,Friday
17992,STOLEN PROPERTY,20,PARK,1,Monday
17993,STOLEN PROPERTY,20,PARK,1,Tuesday
17994,STOLEN PROPERTY,20,RICHMOND,1,Monday
17995,STOLEN PROPERTY,20,RICHMOND,1,Sunday
17996,STOLEN PROPERTY,20,RICHMOND,2,Thursday
17997,STOLEN PROPERTY,20,RICHMOND,1,Tuesday
17998,STOLEN PROPERTY,20,RICHMOND,1,Wednesday
17999,STOLEN PROPERTY,20,SOUTHERN,1,Monday
18000,STOLEN PROPERTY,20,SOUTHERN,4,Sunday
18001,STOLEN PROPERTY,20,SOUTHERN,4,Thursday
18002,STOLEN PROPERTY,20,SOUTHERN,2,Tuesday
18003,STOLEN PROPERTY,20,TARAVAL,1,Saturday
18004,STOLEN PROPERTY,20,TARAVAL,1,Sunday
18005,STOLEN PROPERTY,20,TENDERLOIN,2,Friday
18006,STOLEN PROPERTY,21,BAYVIEW,4,Monday
18007,STOLEN PROPERTY,21,BAYVIEW,1,Saturday
18008,STOLEN PROPERTY,21,BAYVIEW,1,Thursday
18009,STOLEN PROPERTY,21,BAYVIEW,1,Wednesday
18010,STOLEN PROPERTY,21,CENTRAL,1,Friday
18011,STOLEN PROPERTY,21,CENTRAL,1,Wednesday
18012,STOLEN PROPERTY,21,INGLESIDE,1,Monday
18013,STOLEN PROPERTY,21,INGLESIDE,1,Saturday
18014,STOLEN PROPERTY,21,INGLESIDE,3,Sunday
18015,STOLEN PROPERTY,21,MISSION,2,Monday
18016,STOLEN PROPERTY,21,MISSION,1,Saturday
18017,STOLEN PROPERTY,21,MISSION,1,Sunday
18018,STOLEN PROPERTY,21,MISSION,1,Wednesday
18019,STOLEN PROPERTY,21,NORTHERN,2,Friday
18020,STOLEN PROPERTY,21,NORTHERN,3,Sunday
18021,STOLEN PROPERTY,21,NORTHERN,1,Tuesday
18022,STOLEN PROPERTY,21,PARK,1,Wednesday
18023,STOLEN PROPERTY,21,RICHMOND,1,Monday
18024,STOLEN PROPERTY,21,RICHMOND,1,Sunday
18025,STOLEN PROPERTY,21,SOUTHERN,3,Friday
18026,STOLEN PROPERTY,21,SOUTHERN,7,Monday
18027,STOLEN PROPERTY,21,SOUTHERN,1,Saturday
18028,STOLEN PROPERTY,21,SOUTHERN,2,Sunday
18029,STOLEN PROPERTY,21,SOUTHERN,1,Thursday
18030,STOLEN PROPERTY,21,SOUTHERN,4,Tuesday
18031,STOLEN PROPERTY,21,SOUTHERN,2,Wednesday
18032,STOLEN PROPERTY,21,TARAVAL,1,Friday
18033,STOLEN PROPERTY,21,TARAVAL,1,Monday
18034,STOLEN PROPERTY,21,TENDERLOIN,1,Friday
18035,STOLEN PROPERTY,21,TENDERLOIN,1,Tuesday
18036,STOLEN PROPERTY,22,BAYVIEW,1,Thursday
18037,STOLEN PROPERTY,22,CENTRAL,2,Tuesday
18038,STOLEN PROPERTY,22,CENTRAL,3,Wednesday
18039,STOLEN PROPERTY,22,INGLESIDE,2,Friday
18040,STOLEN PROPERTY,22,INGLESIDE,1,Monday
18041,STOLEN PROPERTY,22,MISSION,1,Sunday
18042,STOLEN PROPERTY,22,MISSION,1,Thursday
18043,STOLEN PROPERTY,22,MISSION,2,Tuesday
18044,STOLEN PROPERTY,22,MISSION,1,Wednesday
18045,STOLEN PROPERTY,22,NORTHERN,2,Monday
18046,STOLEN PROPERTY,22,NORTHERN,1,Thursday
18047,STOLEN PROPERTY,22,NORTHERN,1,Wednesday
18048,STOLEN PROPERTY,22,PARK,1,Thursday
18049,STOLEN PROPERTY,22,PARK,1,Wednesday
18050,STOLEN PROPERTY,22,RICHMOND,1,Saturday
18051,STOLEN PROPERTY,22,SOUTHERN,1,Friday
18052,STOLEN PROPERTY,22,SOUTHERN,2,Monday
18053,STOLEN PROPERTY,22,SOUTHERN,1,Saturday
18054,STOLEN PROPERTY,22,SOUTHERN,1,Sunday
18055,STOLEN PROPERTY,22,SOUTHERN,1,Thursday
18056,STOLEN PROPERTY,22,SOUTHERN,2,Wednesday
18057,STOLEN PROPERTY,22,TARAVAL,1,Saturday
18058,STOLEN PROPERTY,22,TARAVAL,1,Thursday
18059,STOLEN PROPERTY,22,TARAVAL,1,Tuesday
18060,STOLEN PROPERTY,22,TENDERLOIN,1,Friday
18061,STOLEN PROPERTY,22,TENDERLOIN,1,Saturday
18062,STOLEN PROPERTY,23,BAYVIEW,4,Saturday
18063,STOLEN PROPERTY,23,CENTRAL,1,Friday
18064,STOLEN PROPERTY,23,CENTRAL,1,Monday
18065,STOLEN PROPERTY,23,INGLESIDE,1,Friday
18066,STOLEN PROPERTY,23,INGLESIDE,1,Sunday
18067,STOLEN PROPERTY,23,MISSION,1,Monday
18068,STOLEN PROPERTY,23,MISSION,1,Tuesday
18069,STOLEN PROPERTY,23,MISSION,2,Wednesday
18070,STOLEN PROPERTY,23,NORTHERN,1,Saturday
18071,STOLEN PROPERTY,23,NORTHERN,1,Sunday
18072,STOLEN PROPERTY,23,PARK,1,Friday
18073,STOLEN PROPERTY,23,PARK,1,Wednesday
18074,STOLEN PROPERTY,23,RICHMOND,1,Saturday
18075,STOLEN PROPERTY,23,RICHMOND,1,Thursday
18076,STOLEN PROPERTY,23,SOUTHERN,1,Saturday
18077,STOLEN PROPERTY,23,SOUTHERN,3,Sunday
18078,STOLEN PROPERTY,23,SOUTHERN,1,Thursday
18079,STOLEN PROPERTY,23,SOUTHERN,2,Tuesday
18080,STOLEN PROPERTY,23,SOUTHERN,1,Wednesday
18081,STOLEN PROPERTY,23,TARAVAL,1,Monday
18082,SUICIDE,00,MISSION,1,Sunday
18083,SUICIDE,00,TARAVAL,1,Friday
18084,SUICIDE,01,RICHMOND,1,Sunday
18085,SUICIDE,02,INGLESIDE,1,Saturday
18086,SUICIDE,02,RICHMOND,1,Tuesday
18087,SUICIDE,04,BAYVIEW,1,Thursday
18088,SUICIDE,04,MISSION,1,Thursday
18089,SUICIDE,04,NORTHERN,1,Friday
18090,SUICIDE,04,NORTHERN,1,Sunday
18091,SUICIDE,04,RICHMOND,1,Wednesday
18092,SUICIDE,05,NORTHERN,1,Saturday
18093,SUICIDE,05,SOUTHERN,1,Sunday
18094,SUICIDE,07,CENTRAL,1,Sunday
18095,SUICIDE,08,CENTRAL,1,Wednesday
18096,SUICIDE,08,INGLESIDE,1,Wednesday
18097,SUICIDE,09,CENTRAL,1,Monday
18098,SUICIDE,09,CENTRAL,1,Saturday
18099,SUICIDE,09,NORTHERN,1,Friday
18100,SUICIDE,09,NORTHERN,1,Thursday
18101,SUICIDE,09,NORTHERN,1,Tuesday
18102,SUICIDE,09,PARK,1,Tuesday
18103,SUICIDE,10,CENTRAL,1,Saturday
18104,SUICIDE,10,INGLESIDE,1,Monday
18105,SUICIDE,10,INGLESIDE,1,Saturday
18106,SUICIDE,10,INGLESIDE,1,Wednesday
18107,SUICIDE,10,SOUTHERN,1,Monday
18108,SUICIDE,10,TARAVAL,1,Friday
18109,SUICIDE,11,BAYVIEW,1,Friday
18110,SUICIDE,11,CENTRAL,1,Sunday
18111,SUICIDE,11,INGLESIDE,1,Saturday
18112,SUICIDE,11,NORTHERN,1,Saturday
18113,SUICIDE,11,PARK,1,Sunday
18114,SUICIDE,11,TARAVAL,1,Saturday
18115,SUICIDE,12,PARK,1,Saturday
18116,SUICIDE,13,BAYVIEW,1,Friday
18117,SUICIDE,13,BAYVIEW,1,Monday
18118,SUICIDE,13,CENTRAL,1,Monday
18119,SUICIDE,13,INGLESIDE,1,Friday
18120,SUICIDE,13,INGLESIDE,1,Saturday
18121,SUICIDE,14,CENTRAL,1,Monday
18122,SUICIDE,14,NORTHERN,1,Sunday
18123,SUICIDE,14,RICHMOND,1,Sunday
18124,SUICIDE,14,SOUTHERN,1,Tuesday
18125,SUICIDE,14,TARAVAL,1,Tuesday
18126,SUICIDE,15,INGLESIDE,1,Friday
18127,SUICIDE,15,INGLESIDE,1,Monday
18128,SUICIDE,15,MISSION,1,Sunday
18129,SUICIDE,15,NORTHERN,1,Friday
18130,SUICIDE,16,NORTHERN,1,Friday
18131,SUICIDE,16,NORTHERN,1,Saturday
18132,SUICIDE,17,CENTRAL,1,Tuesday
18133,SUICIDE,17,NORTHERN,1,Tuesday
18134,SUICIDE,18,INGLESIDE,1,Monday
18135,SUICIDE,18,PARK,1,Thursday
18136,SUICIDE,18,SOUTHERN,1,Friday
18137,SUICIDE,19,CENTRAL,1,Wednesday
18138,SUICIDE,19,INGLESIDE,1,Wednesday
18139,SUICIDE,19,NORTHERN,1,Sunday
18140,SUICIDE,19,NORTHERN,1,Thursday
18141,SUICIDE,19,TENDERLOIN,1,Monday
18142,SUICIDE,20,INGLESIDE,2,Monday
18143,SUICIDE,20,TENDERLOIN,1,Tuesday
18144,SUICIDE,21,INGLESIDE,1,Friday
18145,SUICIDE,21,INGLESIDE,1,Sunday
18146,SUICIDE,21,SOUTHERN,1,Sunday
18147,SUICIDE,21,SOUTHERN,1,Thursday
18148,SUICIDE,21,TENDERLOIN,1,Monday
18149,SUICIDE,23,PARK,1,Tuesday
18150,SUSPICIOUS OCC,00,BAYVIEW,11,Friday
18151,SUSPICIOUS OCC,00,BAYVIEW,3,Monday
18152,SUSPICIOUS OCC,00,BAYVIEW,3,Saturday
18153,SUSPICIOUS OCC,00,BAYVIEW,7,Sunday
18154,SUSPICIOUS OCC,00,BAYVIEW,4,Thursday
18155,SUSPICIOUS OCC,00,BAYVIEW,6,Tuesday
18156,SUSPICIOUS OCC,00,BAYVIEW,2,Wednesday
18157,SUSPICIOUS OCC,00,CENTRAL,8,Friday
18158,SUSPICIOUS OCC,00,CENTRAL,2,Monday
18159,SUSPICIOUS OCC,00,CENTRAL,8,Saturday
18160,SUSPICIOUS OCC,00,CENTRAL,5,Sunday
18161,SUSPICIOUS OCC,00,CENTRAL,1,Thursday
18162,SUSPICIOUS OCC,00,CENTRAL,5,Tuesday
18163,SUSPICIOUS OCC,00,CENTRAL,7,Wednesday
18164,SUSPICIOUS OCC,00,INGLESIDE,5,Friday
18165,SUSPICIOUS OCC,00,INGLESIDE,3,Monday
18166,SUSPICIOUS OCC,00,INGLESIDE,5,Saturday
18167,SUSPICIOUS OCC,00,INGLESIDE,4,Sunday
18168,SUSPICIOUS OCC,00,INGLESIDE,6,Thursday
18169,SUSPICIOUS OCC,00,INGLESIDE,5,Tuesday
18170,SUSPICIOUS OCC,00,INGLESIDE,2,Wednesday
18171,SUSPICIOUS OCC,00,MISSION,5,Friday
18172,SUSPICIOUS OCC,00,MISSION,9,Monday
18173,SUSPICIOUS OCC,00,MISSION,13,Saturday
18174,SUSPICIOUS OCC,00,MISSION,8,Sunday
18175,SUSPICIOUS OCC,00,MISSION,8,Thursday
18176,SUSPICIOUS OCC,00,MISSION,7,Tuesday
18177,SUSPICIOUS OCC,00,MISSION,5,Wednesday
18178,SUSPICIOUS OCC,00,NORTHERN,6,Friday
18179,SUSPICIOUS OCC,00,NORTHERN,5,Monday
18180,SUSPICIOUS OCC,00,NORTHERN,2,Saturday
18181,SUSPICIOUS OCC,00,NORTHERN,6,Sunday
18182,SUSPICIOUS OCC,00,NORTHERN,5,Thursday
18183,SUSPICIOUS OCC,00,NORTHERN,4,Tuesday
18184,SUSPICIOUS OCC,00,NORTHERN,3,Wednesday
18185,SUSPICIOUS OCC,00,PARK,1,Friday
18186,SUSPICIOUS OCC,00,PARK,1,Monday
18187,SUSPICIOUS OCC,00,PARK,3,Saturday
18188,SUSPICIOUS OCC,00,PARK,2,Sunday
18189,SUSPICIOUS OCC,00,PARK,6,Thursday
18190,SUSPICIOUS OCC,00,PARK,3,Wednesday
18191,SUSPICIOUS OCC,00,RICHMOND,4,Friday
18192,SUSPICIOUS OCC,00,RICHMOND,1,Monday
18193,SUSPICIOUS OCC,00,RICHMOND,3,Saturday
18194,SUSPICIOUS OCC,00,RICHMOND,7,Sunday
18195,SUSPICIOUS OCC,00,RICHMOND,5,Thursday
18196,SUSPICIOUS OCC,00,RICHMOND,3,Wednesday
18197,SUSPICIOUS OCC,00,SOUTHERN,13,Friday
18198,SUSPICIOUS OCC,00,SOUTHERN,3,Monday
18199,SUSPICIOUS OCC,00,SOUTHERN,8,Saturday
18200,SUSPICIOUS OCC,00,SOUTHERN,6,Sunday
18201,SUSPICIOUS OCC,00,SOUTHERN,7,Thursday
18202,SUSPICIOUS OCC,00,SOUTHERN,11,Tuesday
18203,SUSPICIOUS OCC,00,SOUTHERN,9,Wednesday
18204,SUSPICIOUS OCC,00,TARAVAL,5,Friday
18205,SUSPICIOUS OCC,00,TARAVAL,1,Monday
18206,SUSPICIOUS OCC,00,TARAVAL,3,Saturday
18207,SUSPICIOUS OCC,00,TARAVAL,3,Sunday
18208,SUSPICIOUS OCC,00,TARAVAL,3,Thursday
18209,SUSPICIOUS OCC,00,TARAVAL,2,Tuesday
18210,SUSPICIOUS OCC,00,TARAVAL,5,Wednesday
18211,SUSPICIOUS OCC,00,TENDERLOIN,5,Friday
18212,SUSPICIOUS OCC,00,TENDERLOIN,10,Monday
18213,SUSPICIOUS OCC,00,TENDERLOIN,6,Saturday
18214,SUSPICIOUS OCC,00,TENDERLOIN,2,Sunday
18215,SUSPICIOUS OCC,00,TENDERLOIN,3,Thursday
18216,SUSPICIOUS OCC,00,TENDERLOIN,5,Tuesday
18217,SUSPICIOUS OCC,00,TENDERLOIN,5,Wednesday
18218,SUSPICIOUS OCC,01,BAYVIEW,2,Friday
18219,SUSPICIOUS OCC,01,BAYVIEW,2,Monday
18220,SUSPICIOUS OCC,01,BAYVIEW,2,Saturday
18221,SUSPICIOUS OCC,01,BAYVIEW,2,Sunday
18222,SUSPICIOUS OCC,01,BAYVIEW,1,Thursday
18223,SUSPICIOUS OCC,01,BAYVIEW,3,Wednesday
18224,SUSPICIOUS OCC,01,CENTRAL,1,Friday
18225,SUSPICIOUS OCC,01,CENTRAL,1,Monday
18226,SUSPICIOUS OCC,01,CENTRAL,4,Saturday
18227,SUSPICIOUS OCC,01,CENTRAL,5,Sunday
18228,SUSPICIOUS OCC,01,CENTRAL,3,Thursday
18229,SUSPICIOUS OCC,01,CENTRAL,2,Tuesday
18230,SUSPICIOUS OCC,01,INGLESIDE,1,Monday
18231,SUSPICIOUS OCC,01,INGLESIDE,3,Saturday
18232,SUSPICIOUS OCC,01,INGLESIDE,1,Sunday
18233,SUSPICIOUS OCC,01,INGLESIDE,5,Thursday
18234,SUSPICIOUS OCC,01,INGLESIDE,1,Tuesday
18235,SUSPICIOUS OCC,01,INGLESIDE,3,Wednesday
18236,SUSPICIOUS OCC,01,MISSION,8,Friday
18237,SUSPICIOUS OCC,01,MISSION,9,Monday
18238,SUSPICIOUS OCC,01,MISSION,8,Sunday
18239,SUSPICIOUS OCC,01,MISSION,5,Thursday
18240,SUSPICIOUS OCC,01,MISSION,1,Tuesday
18241,SUSPICIOUS OCC,01,MISSION,8,Wednesday
18242,SUSPICIOUS OCC,01,NORTHERN,6,Friday
18243,SUSPICIOUS OCC,01,NORTHERN,3,Monday
18244,SUSPICIOUS OCC,01,NORTHERN,8,Saturday
18245,SUSPICIOUS OCC,01,NORTHERN,6,Sunday
18246,SUSPICIOUS OCC,01,NORTHERN,4,Thursday
18247,SUSPICIOUS OCC,01,NORTHERN,3,Tuesday
18248,SUSPICIOUS OCC,01,PARK,2,Tuesday
18249,SUSPICIOUS OCC,01,PARK,3,Wednesday
18250,SUSPICIOUS OCC,01,RICHMOND,3,Friday
18251,SUSPICIOUS OCC,01,RICHMOND,2,Saturday
18252,SUSPICIOUS OCC,01,RICHMOND,1,Sunday
18253,SUSPICIOUS OCC,01,RICHMOND,1,Thursday
18254,SUSPICIOUS OCC,01,RICHMOND,2,Tuesday
18255,SUSPICIOUS OCC,01,RICHMOND,1,Wednesday
18256,SUSPICIOUS OCC,01,SOUTHERN,4,Friday
18257,SUSPICIOUS OCC,01,SOUTHERN,8,Monday
18258,SUSPICIOUS OCC,01,SOUTHERN,5,Saturday
18259,SUSPICIOUS OCC,01,SOUTHERN,5,Sunday
18260,SUSPICIOUS OCC,01,SOUTHERN,3,Thursday
18261,SUSPICIOUS OCC,01,SOUTHERN,2,Tuesday
18262,SUSPICIOUS OCC,01,SOUTHERN,5,Wednesday
18263,SUSPICIOUS OCC,01,TARAVAL,1,Friday
18264,SUSPICIOUS OCC,01,TARAVAL,3,Saturday
18265,SUSPICIOUS OCC,01,TARAVAL,3,Sunday
18266,SUSPICIOUS OCC,01,TARAVAL,2,Thursday
18267,SUSPICIOUS OCC,01,TARAVAL,3,Tuesday
18268,SUSPICIOUS OCC,01,TARAVAL,3,Wednesday
18269,SUSPICIOUS OCC,01,TENDERLOIN,2,Friday
18270,SUSPICIOUS OCC,01,TENDERLOIN,3,Saturday
18271,SUSPICIOUS OCC,01,TENDERLOIN,2,Sunday
18272,SUSPICIOUS OCC,01,TENDERLOIN,1,Thursday
18273,SUSPICIOUS OCC,01,TENDERLOIN,5,Tuesday
18274,SUSPICIOUS OCC,01,TENDERLOIN,2,Wednesday
18275,SUSPICIOUS OCC,02,BAYVIEW,3,Friday
18276,SUSPICIOUS OCC,02,BAYVIEW,1,Monday
18277,SUSPICIOUS OCC,02,BAYVIEW,5,Saturday
18278,SUSPICIOUS OCC,02,BAYVIEW,3,Sunday
18279,SUSPICIOUS OCC,02,BAYVIEW,3,Thursday
18280,SUSPICIOUS OCC,02,BAYVIEW,1,Tuesday
18281,SUSPICIOUS OCC,02,BAYVIEW,1,Wednesday
18282,SUSPICIOUS OCC,02,CENTRAL,2,Friday
18283,SUSPICIOUS OCC,02,CENTRAL,4,Saturday
18284,SUSPICIOUS OCC,02,CENTRAL,10,Sunday
18285,SUSPICIOUS OCC,02,CENTRAL,2,Thursday
18286,SUSPICIOUS OCC,02,CENTRAL,2,Tuesday
18287,SUSPICIOUS OCC,02,INGLESIDE,1,Friday
18288,SUSPICIOUS OCC,02,INGLESIDE,3,Saturday
18289,SUSPICIOUS OCC,02,INGLESIDE,3,Sunday
18290,SUSPICIOUS OCC,02,INGLESIDE,1,Thursday
18291,SUSPICIOUS OCC,02,INGLESIDE,1,Tuesday
18292,SUSPICIOUS OCC,02,INGLESIDE,1,Wednesday
18293,SUSPICIOUS OCC,02,MISSION,4,Friday
18294,SUSPICIOUS OCC,02,MISSION,6,Monday
18295,SUSPICIOUS OCC,02,MISSION,3,Saturday
18296,SUSPICIOUS OCC,02,MISSION,6,Sunday
18297,SUSPICIOUS OCC,02,MISSION,2,Thursday
18298,SUSPICIOUS OCC,02,MISSION,3,Tuesday
18299,SUSPICIOUS OCC,02,MISSION,4,Wednesday
18300,SUSPICIOUS OCC,02,NORTHERN,4,Friday
18301,SUSPICIOUS OCC,02,NORTHERN,3,Saturday
18302,SUSPICIOUS OCC,02,NORTHERN,2,Sunday
18303,SUSPICIOUS OCC,02,NORTHERN,3,Thursday
18304,SUSPICIOUS OCC,02,NORTHERN,2,Tuesday
18305,SUSPICIOUS OCC,02,NORTHERN,5,Wednesday
18306,SUSPICIOUS OCC,02,PARK,2,Friday
18307,SUSPICIOUS OCC,02,PARK,1,Saturday
18308,SUSPICIOUS OCC,02,PARK,2,Thursday
18309,SUSPICIOUS OCC,02,PARK,1,Tuesday
18310,SUSPICIOUS OCC,02,RICHMOND,5,Friday
18311,SUSPICIOUS OCC,02,RICHMOND,3,Saturday
18312,SUSPICIOUS OCC,02,RICHMOND,2,Sunday
18313,SUSPICIOUS OCC,02,RICHMOND,2,Thursday
18314,SUSPICIOUS OCC,02,RICHMOND,2,Tuesday
18315,SUSPICIOUS OCC,02,RICHMOND,1,Wednesday
18316,SUSPICIOUS OCC,02,SOUTHERN,3,Friday
18317,SUSPICIOUS OCC,02,SOUTHERN,4,Monday
18318,SUSPICIOUS OCC,02,SOUTHERN,3,Saturday
18319,SUSPICIOUS OCC,02,SOUTHERN,5,Sunday
18320,SUSPICIOUS OCC,02,SOUTHERN,3,Thursday
18321,SUSPICIOUS OCC,02,SOUTHERN,1,Tuesday
18322,SUSPICIOUS OCC,02,SOUTHERN,2,Wednesday
18323,SUSPICIOUS OCC,02,TARAVAL,1,Friday
18324,SUSPICIOUS OCC,02,TARAVAL,1,Monday
18325,SUSPICIOUS OCC,02,TARAVAL,4,Saturday
18326,SUSPICIOUS OCC,02,TARAVAL,1,Sunday
18327,SUSPICIOUS OCC,02,TARAVAL,1,Thursday
18328,SUSPICIOUS OCC,02,TARAVAL,1,Tuesday
18329,SUSPICIOUS OCC,02,TENDERLOIN,4,Friday
18330,SUSPICIOUS OCC,02,TENDERLOIN,1,Monday
18331,SUSPICIOUS OCC,02,TENDERLOIN,2,Saturday
18332,SUSPICIOUS OCC,02,TENDERLOIN,1,Sunday
18333,SUSPICIOUS OCC,02,TENDERLOIN,3,Thursday
18334,SUSPICIOUS OCC,02,TENDERLOIN,1,Tuesday
18335,SUSPICIOUS OCC,02,TENDERLOIN,1,Wednesday
18336,SUSPICIOUS OCC,03,BAYVIEW,3,Saturday
18337,SUSPICIOUS OCC,03,BAYVIEW,1,Thursday
18338,SUSPICIOUS OCC,03,BAYVIEW,1,Tuesday
18339,SUSPICIOUS OCC,03,CENTRAL,3,Friday
18340,SUSPICIOUS OCC,03,CENTRAL,1,Monday
18341,SUSPICIOUS OCC,03,CENTRAL,1,Thursday
18342,SUSPICIOUS OCC,03,CENTRAL,4,Tuesday
18343,SUSPICIOUS OCC,03,INGLESIDE,1,Friday
18344,SUSPICIOUS OCC,03,INGLESIDE,3,Monday
18345,SUSPICIOUS OCC,03,INGLESIDE,1,Saturday
18346,SUSPICIOUS OCC,03,INGLESIDE,1,Wednesday
18347,SUSPICIOUS OCC,03,MISSION,4,Friday
18348,SUSPICIOUS OCC,03,MISSION,2,Monday
18349,SUSPICIOUS OCC,03,MISSION,3,Saturday
18350,SUSPICIOUS OCC,03,MISSION,4,Sunday
18351,SUSPICIOUS OCC,03,MISSION,5,Thursday
18352,SUSPICIOUS OCC,03,MISSION,2,Tuesday
18353,SUSPICIOUS OCC,03,MISSION,4,Wednesday
18354,SUSPICIOUS OCC,03,NORTHERN,1,Friday
18355,SUSPICIOUS OCC,03,NORTHERN,4,Monday
18356,SUSPICIOUS OCC,03,NORTHERN,3,Saturday
18357,SUSPICIOUS OCC,03,NORTHERN,3,Sunday
18358,SUSPICIOUS OCC,03,NORTHERN,3,Thursday
18359,SUSPICIOUS OCC,03,NORTHERN,1,Wednesday
18360,SUSPICIOUS OCC,03,PARK,1,Monday
18361,SUSPICIOUS OCC,03,PARK,2,Saturday
18362,SUSPICIOUS OCC,03,PARK,1,Tuesday
18363,SUSPICIOUS OCC,03,RICHMOND,1,Friday
18364,SUSPICIOUS OCC,03,RICHMOND,1,Monday
18365,SUSPICIOUS OCC,03,RICHMOND,1,Saturday
18366,SUSPICIOUS OCC,03,RICHMOND,1,Thursday
18367,SUSPICIOUS OCC,03,RICHMOND,3,Tuesday
18368,SUSPICIOUS OCC,03,RICHMOND,2,Wednesday
18369,SUSPICIOUS OCC,03,SOUTHERN,2,Friday
18370,SUSPICIOUS OCC,03,SOUTHERN,4,Monday
18371,SUSPICIOUS OCC,03,SOUTHERN,3,Saturday
18372,SUSPICIOUS OCC,03,SOUTHERN,4,Sunday
18373,SUSPICIOUS OCC,03,SOUTHERN,1,Tuesday
18374,SUSPICIOUS OCC,03,SOUTHERN,2,Wednesday
18375,SUSPICIOUS OCC,03,TARAVAL,1,Friday
18376,SUSPICIOUS OCC,03,TARAVAL,3,Monday
18377,SUSPICIOUS OCC,03,TARAVAL,1,Saturday
18378,SUSPICIOUS OCC,03,TARAVAL,1,Tuesday
18379,SUSPICIOUS OCC,03,TENDERLOIN,1,Friday
18380,SUSPICIOUS OCC,03,TENDERLOIN,1,Monday
18381,SUSPICIOUS OCC,03,TENDERLOIN,1,Thursday
18382,SUSPICIOUS OCC,03,TENDERLOIN,1,Tuesday
18383,SUSPICIOUS OCC,04,BAYVIEW,1,Monday
18384,SUSPICIOUS OCC,04,BAYVIEW,1,Sunday
18385,SUSPICIOUS OCC,04,BAYVIEW,2,Thursday
18386,SUSPICIOUS OCC,04,BAYVIEW,2,Tuesday
18387,SUSPICIOUS OCC,04,BAYVIEW,1,Wednesday
18388,SUSPICIOUS OCC,04,CENTRAL,1,Friday
18389,SUSPICIOUS OCC,04,CENTRAL,1,Saturday
18390,SUSPICIOUS OCC,04,CENTRAL,2,Sunday
18391,SUSPICIOUS OCC,04,CENTRAL,1,Thursday
18392,SUSPICIOUS OCC,04,CENTRAL,1,Tuesday
18393,SUSPICIOUS OCC,04,CENTRAL,1,Wednesday
18394,SUSPICIOUS OCC,04,INGLESIDE,5,Friday
18395,SUSPICIOUS OCC,04,INGLESIDE,2,Monday
18396,SUSPICIOUS OCC,04,INGLESIDE,1,Saturday
18397,SUSPICIOUS OCC,04,INGLESIDE,1,Sunday
18398,SUSPICIOUS OCC,04,INGLESIDE,1,Thursday
18399,SUSPICIOUS OCC,04,INGLESIDE,1,Wednesday
18400,SUSPICIOUS OCC,04,MISSION,1,Friday
18401,SUSPICIOUS OCC,04,MISSION,2,Monday
18402,SUSPICIOUS OCC,04,MISSION,1,Saturday
18403,SUSPICIOUS OCC,04,MISSION,2,Sunday
18404,SUSPICIOUS OCC,04,MISSION,2,Thursday
18405,SUSPICIOUS OCC,04,MISSION,2,Tuesday
18406,SUSPICIOUS OCC,04,MISSION,3,Wednesday
18407,SUSPICIOUS OCC,04,NORTHERN,1,Friday
18408,SUSPICIOUS OCC,04,NORTHERN,1,Monday
18409,SUSPICIOUS OCC,04,NORTHERN,1,Sunday
18410,SUSPICIOUS OCC,04,NORTHERN,2,Thursday
18411,SUSPICIOUS OCC,04,NORTHERN,2,Tuesday
18412,SUSPICIOUS OCC,04,NORTHERN,1,Wednesday
18413,SUSPICIOUS OCC,04,PARK,1,Monday
18414,SUSPICIOUS OCC,04,PARK,1,Sunday
18415,SUSPICIOUS OCC,04,PARK,1,Thursday
18416,SUSPICIOUS OCC,04,PARK,1,Tuesday
18417,SUSPICIOUS OCC,04,RICHMOND,1,Sunday
18418,SUSPICIOUS OCC,04,SOUTHERN,1,Monday
18419,SUSPICIOUS OCC,04,SOUTHERN,5,Saturday
18420,SUSPICIOUS OCC,04,SOUTHERN,1,Sunday
18421,SUSPICIOUS OCC,04,SOUTHERN,4,Thursday
18422,SUSPICIOUS OCC,04,SOUTHERN,2,Tuesday
18423,SUSPICIOUS OCC,04,SOUTHERN,2,Wednesday
18424,SUSPICIOUS OCC,04,TARAVAL,1,Sunday
18425,SUSPICIOUS OCC,04,TARAVAL,3,Tuesday
18426,SUSPICIOUS OCC,04,TARAVAL,1,Wednesday
18427,SUSPICIOUS OCC,04,TENDERLOIN,2,Sunday
18428,SUSPICIOUS OCC,04,TENDERLOIN,1,Thursday
18429,SUSPICIOUS OCC,04,TENDERLOIN,1,Tuesday
18430,SUSPICIOUS OCC,05,BAYVIEW,1,Friday
18431,SUSPICIOUS OCC,05,BAYVIEW,3,Saturday
18432,SUSPICIOUS OCC,05,BAYVIEW,1,Tuesday
18433,SUSPICIOUS OCC,05,CENTRAL,2,Friday
18434,SUSPICIOUS OCC,05,CENTRAL,3,Monday
18435,SUSPICIOUS OCC,05,CENTRAL,3,Saturday
18436,SUSPICIOUS OCC,05,CENTRAL,1,Sunday
18437,SUSPICIOUS OCC,05,CENTRAL,1,Thursday
18438,SUSPICIOUS OCC,05,CENTRAL,4,Tuesday
18439,SUSPICIOUS OCC,05,CENTRAL,1,Wednesday
18440,SUSPICIOUS OCC,05,INGLESIDE,1,Friday
18441,SUSPICIOUS OCC,05,INGLESIDE,2,Monday
18442,SUSPICIOUS OCC,05,INGLESIDE,2,Thursday
18443,SUSPICIOUS OCC,05,INGLESIDE,1,Tuesday
18444,SUSPICIOUS OCC,05,MISSION,2,Monday
18445,SUSPICIOUS OCC,05,MISSION,1,Saturday
18446,SUSPICIOUS OCC,05,MISSION,1,Sunday
18447,SUSPICIOUS OCC,05,MISSION,2,Thursday
18448,SUSPICIOUS OCC,05,MISSION,3,Tuesday
18449,SUSPICIOUS OCC,05,MISSION,3,Wednesday
18450,SUSPICIOUS OCC,05,NORTHERN,1,Friday
18451,SUSPICIOUS OCC,05,NORTHERN,2,Monday
18452,SUSPICIOUS OCC,05,NORTHERN,1,Sunday
18453,SUSPICIOUS OCC,05,PARK,2,Friday
18454,SUSPICIOUS OCC,05,PARK,1,Monday
18455,SUSPICIOUS OCC,05,PARK,1,Sunday
18456,SUSPICIOUS OCC,05,PARK,1,Wednesday
18457,SUSPICIOUS OCC,05,RICHMOND,3,Friday
18458,SUSPICIOUS OCC,05,RICHMOND,1,Monday
18459,SUSPICIOUS OCC,05,RICHMOND,3,Thursday
18460,SUSPICIOUS OCC,05,RICHMOND,1,Wednesday
18461,SUSPICIOUS OCC,05,SOUTHERN,2,Friday
18462,SUSPICIOUS OCC,05,SOUTHERN,1,Sunday
18463,SUSPICIOUS OCC,05,SOUTHERN,3,Thursday
18464,SUSPICIOUS OCC,05,SOUTHERN,2,Tuesday
18465,SUSPICIOUS OCC,05,TARAVAL,1,Monday
18466,SUSPICIOUS OCC,05,TARAVAL,1,Saturday
18467,SUSPICIOUS OCC,05,TARAVAL,1,Thursday
18468,SUSPICIOUS OCC,05,TARAVAL,2,Tuesday
18469,SUSPICIOUS OCC,05,TENDERLOIN,2,Monday
18470,SUSPICIOUS OCC,05,TENDERLOIN,2,Saturday
18471,SUSPICIOUS OCC,05,TENDERLOIN,1,Sunday
18472,SUSPICIOUS OCC,05,TENDERLOIN,1,Tuesday
18473,SUSPICIOUS OCC,05,TENDERLOIN,1,Wednesday
18474,SUSPICIOUS OCC,06,BAYVIEW,2,Monday
18475,SUSPICIOUS OCC,06,BAYVIEW,2,Saturday
18476,SUSPICIOUS OCC,06,BAYVIEW,3,Tuesday
18477,SUSPICIOUS OCC,06,CENTRAL,2,Friday
18478,SUSPICIOUS OCC,06,CENTRAL,1,Monday
18479,SUSPICIOUS OCC,06,CENTRAL,3,Thursday
18480,SUSPICIOUS OCC,06,CENTRAL,5,Tuesday
18481,SUSPICIOUS OCC,06,CENTRAL,3,Wednesday
18482,SUSPICIOUS OCC,06,INGLESIDE,1,Friday
18483,SUSPICIOUS OCC,06,INGLESIDE,1,Monday
18484,SUSPICIOUS OCC,06,INGLESIDE,1,Saturday
18485,SUSPICIOUS OCC,06,INGLESIDE,1,Sunday
18486,SUSPICIOUS OCC,06,INGLESIDE,1,Tuesday
18487,SUSPICIOUS OCC,06,INGLESIDE,1,Wednesday
18488,SUSPICIOUS OCC,06,MISSION,2,Friday
18489,SUSPICIOUS OCC,06,MISSION,5,Monday
18490,SUSPICIOUS OCC,06,MISSION,3,Saturday
18491,SUSPICIOUS OCC,06,MISSION,2,Sunday
18492,SUSPICIOUS OCC,06,MISSION,5,Thursday
18493,SUSPICIOUS OCC,06,MISSION,3,Tuesday
18494,SUSPICIOUS OCC,06,MISSION,2,Wednesday
18495,SUSPICIOUS OCC,06,NORTHERN,1,Friday
18496,SUSPICIOUS OCC,06,NORTHERN,3,Monday
18497,SUSPICIOUS OCC,06,NORTHERN,1,Saturday
18498,SUSPICIOUS OCC,06,NORTHERN,2,Sunday
18499,SUSPICIOUS OCC,06,NORTHERN,1,Thursday
18500,SUSPICIOUS OCC,06,NORTHERN,2,Tuesday
18501,SUSPICIOUS OCC,06,NORTHERN,3,Wednesday
18502,SUSPICIOUS OCC,06,PARK,1,Friday
18503,SUSPICIOUS OCC,06,PARK,1,Monday
18504,SUSPICIOUS OCC,06,RICHMOND,2,Friday
18505,SUSPICIOUS OCC,06,RICHMOND,3,Saturday
18506,SUSPICIOUS OCC,06,SOUTHERN,6,Friday
18507,SUSPICIOUS OCC,06,SOUTHERN,4,Monday
18508,SUSPICIOUS OCC,06,SOUTHERN,2,Saturday
18509,SUSPICIOUS OCC,06,SOUTHERN,2,Sunday
18510,SUSPICIOUS OCC,06,SOUTHERN,3,Thursday
18511,SUSPICIOUS OCC,06,SOUTHERN,1,Tuesday
18512,SUSPICIOUS OCC,06,SOUTHERN,6,Wednesday
18513,SUSPICIOUS OCC,06,TARAVAL,2,Monday
18514,SUSPICIOUS OCC,06,TARAVAL,1,Thursday
18515,SUSPICIOUS OCC,06,TARAVAL,1,Tuesday
18516,SUSPICIOUS OCC,06,TARAVAL,1,Wednesday
18517,SUSPICIOUS OCC,06,TENDERLOIN,1,Monday
18518,SUSPICIOUS OCC,06,TENDERLOIN,1,Saturday
18519,SUSPICIOUS OCC,06,TENDERLOIN,1,Sunday
18520,SUSPICIOUS OCC,06,TENDERLOIN,1,Thursday
18521,SUSPICIOUS OCC,06,TENDERLOIN,1,Tuesday
18522,SUSPICIOUS OCC,06,TENDERLOIN,1,Wednesday
18523,SUSPICIOUS OCC,07,BAYVIEW,2,Friday
18524,SUSPICIOUS OCC,07,BAYVIEW,3,Monday
18525,SUSPICIOUS OCC,07,BAYVIEW,4,Saturday
18526,SUSPICIOUS OCC,07,BAYVIEW,1,Sunday
18527,SUSPICIOUS OCC,07,BAYVIEW,2,Tuesday
18528,SUSPICIOUS OCC,07,BAYVIEW,1,Wednesday
18529,SUSPICIOUS OCC,07,CENTRAL,1,Friday
18530,SUSPICIOUS OCC,07,CENTRAL,1,Monday
18531,SUSPICIOUS OCC,07,CENTRAL,3,Sunday
18532,SUSPICIOUS OCC,07,CENTRAL,4,Thursday
18533,SUSPICIOUS OCC,07,CENTRAL,4,Tuesday
18534,SUSPICIOUS OCC,07,CENTRAL,2,Wednesday
18535,SUSPICIOUS OCC,07,INGLESIDE,1,Friday
18536,SUSPICIOUS OCC,07,INGLESIDE,2,Monday
18537,SUSPICIOUS OCC,07,INGLESIDE,2,Saturday
18538,SUSPICIOUS OCC,07,INGLESIDE,4,Thursday
18539,SUSPICIOUS OCC,07,INGLESIDE,2,Tuesday
18540,SUSPICIOUS OCC,07,INGLESIDE,3,Wednesday
18541,SUSPICIOUS OCC,07,MISSION,2,Friday
18542,SUSPICIOUS OCC,07,MISSION,5,Monday
18543,SUSPICIOUS OCC,07,MISSION,4,Saturday
18544,SUSPICIOUS OCC,07,MISSION,1,Sunday
18545,SUSPICIOUS OCC,07,MISSION,9,Thursday
18546,SUSPICIOUS OCC,07,MISSION,4,Tuesday
18547,SUSPICIOUS OCC,07,MISSION,5,Wednesday
18548,SUSPICIOUS OCC,07,NORTHERN,2,Friday
18549,SUSPICIOUS OCC,07,NORTHERN,2,Monday
18550,SUSPICIOUS OCC,07,NORTHERN,2,Saturday
18551,SUSPICIOUS OCC,07,NORTHERN,3,Sunday
18552,SUSPICIOUS OCC,07,NORTHERN,1,Thursday
18553,SUSPICIOUS OCC,07,NORTHERN,2,Tuesday
18554,SUSPICIOUS OCC,07,NORTHERN,5,Wednesday
18555,SUSPICIOUS OCC,07,PARK,2,Friday
18556,SUSPICIOUS OCC,07,PARK,3,Tuesday
18557,SUSPICIOUS OCC,07,PARK,5,Wednesday
18558,SUSPICIOUS OCC,07,RICHMOND,1,Friday
18559,SUSPICIOUS OCC,07,RICHMOND,1,Monday
18560,SUSPICIOUS OCC,07,RICHMOND,1,Saturday
18561,SUSPICIOUS OCC,07,RICHMOND,1,Sunday
18562,SUSPICIOUS OCC,07,RICHMOND,3,Thursday
18563,SUSPICIOUS OCC,07,RICHMOND,3,Wednesday
18564,SUSPICIOUS OCC,07,SOUTHERN,11,Friday
18565,SUSPICIOUS OCC,07,SOUTHERN,9,Monday
18566,SUSPICIOUS OCC,07,SOUTHERN,1,Saturday
18567,SUSPICIOUS OCC,07,SOUTHERN,4,Sunday
18568,SUSPICIOUS OCC,07,SOUTHERN,5,Thursday
18569,SUSPICIOUS OCC,07,SOUTHERN,5,Tuesday
18570,SUSPICIOUS OCC,07,SOUTHERN,4,Wednesday
18571,SUSPICIOUS OCC,07,TARAVAL,3,Friday
18572,SUSPICIOUS OCC,07,TARAVAL,4,Sunday
18573,SUSPICIOUS OCC,07,TARAVAL,1,Thursday
18574,SUSPICIOUS OCC,07,TARAVAL,3,Tuesday
18575,SUSPICIOUS OCC,07,TARAVAL,3,Wednesday
18576,SUSPICIOUS OCC,07,TENDERLOIN,1,Friday
18577,SUSPICIOUS OCC,07,TENDERLOIN,4,Monday
18578,SUSPICIOUS OCC,07,TENDERLOIN,3,Saturday
18579,SUSPICIOUS OCC,07,TENDERLOIN,1,Thursday
18580,SUSPICIOUS OCC,07,TENDERLOIN,6,Tuesday
18581,SUSPICIOUS OCC,08,BAYVIEW,5,Friday
18582,SUSPICIOUS OCC,08,BAYVIEW,3,Monday
18583,SUSPICIOUS OCC,08,BAYVIEW,2,Saturday
18584,SUSPICIOUS OCC,08,BAYVIEW,1,Sunday
18585,SUSPICIOUS OCC,08,BAYVIEW,3,Thursday
18586,SUSPICIOUS OCC,08,BAYVIEW,5,Tuesday
18587,SUSPICIOUS OCC,08,BAYVIEW,4,Wednesday
18588,SUSPICIOUS OCC,08,CENTRAL,1,Friday
18589,SUSPICIOUS OCC,08,CENTRAL,2,Monday
18590,SUSPICIOUS OCC,08,CENTRAL,5,Saturday
18591,SUSPICIOUS OCC,08,CENTRAL,2,Sunday
18592,SUSPICIOUS OCC,08,CENTRAL,3,Thursday
18593,SUSPICIOUS OCC,08,CENTRAL,3,Tuesday
18594,SUSPICIOUS OCC,08,CENTRAL,2,Wednesday
18595,SUSPICIOUS OCC,08,INGLESIDE,1,Friday
18596,SUSPICIOUS OCC,08,INGLESIDE,3,Monday
18597,SUSPICIOUS OCC,08,INGLESIDE,2,Saturday
18598,SUSPICIOUS OCC,08,INGLESIDE,2,Thursday
18599,SUSPICIOUS OCC,08,INGLESIDE,2,Tuesday
18600,SUSPICIOUS OCC,08,INGLESIDE,3,Wednesday
18601,SUSPICIOUS OCC,08,MISSION,3,Friday
18602,SUSPICIOUS OCC,08,MISSION,5,Monday
18603,SUSPICIOUS OCC,08,MISSION,2,Saturday
18604,SUSPICIOUS OCC,08,MISSION,6,Sunday
18605,SUSPICIOUS OCC,08,MISSION,14,Thursday
18606,SUSPICIOUS OCC,08,MISSION,6,Tuesday
18607,SUSPICIOUS OCC,08,MISSION,5,Wednesday
18608,SUSPICIOUS OCC,08,NORTHERN,6,Friday
18609,SUSPICIOUS OCC,08,NORTHERN,5,Monday
18610,SUSPICIOUS OCC,08,NORTHERN,1,Saturday
18611,SUSPICIOUS OCC,08,NORTHERN,1,Sunday
18612,SUSPICIOUS OCC,08,NORTHERN,5,Thursday
18613,SUSPICIOUS OCC,08,NORTHERN,3,Tuesday
18614,SUSPICIOUS OCC,08,NORTHERN,3,Wednesday
18615,SUSPICIOUS OCC,08,PARK,1,Friday
18616,SUSPICIOUS OCC,08,PARK,2,Monday
18617,SUSPICIOUS OCC,08,PARK,1,Saturday
18618,SUSPICIOUS OCC,08,PARK,1,Sunday
18619,SUSPICIOUS OCC,08,PARK,1,Thursday
18620,SUSPICIOUS OCC,08,PARK,2,Tuesday
18621,SUSPICIOUS OCC,08,PARK,2,Wednesday
18622,SUSPICIOUS OCC,08,RICHMOND,1,Friday
18623,SUSPICIOUS OCC,08,RICHMOND,1,Monday
18624,SUSPICIOUS OCC,08,RICHMOND,1,Saturday
18625,SUSPICIOUS OCC,08,RICHMOND,3,Sunday
18626,SUSPICIOUS OCC,08,RICHMOND,3,Thursday
18627,SUSPICIOUS OCC,08,RICHMOND,4,Tuesday
18628,SUSPICIOUS OCC,08,RICHMOND,6,Wednesday
18629,SUSPICIOUS OCC,08,SOUTHERN,8,Friday
18630,SUSPICIOUS OCC,08,SOUTHERN,10,Monday
18631,SUSPICIOUS OCC,08,SOUTHERN,6,Saturday
18632,SUSPICIOUS OCC,08,SOUTHERN,7,Sunday
18633,SUSPICIOUS OCC,08,SOUTHERN,6,Thursday
18634,SUSPICIOUS OCC,08,SOUTHERN,5,Tuesday
18635,SUSPICIOUS OCC,08,SOUTHERN,9,Wednesday
18636,SUSPICIOUS OCC,08,TARAVAL,2,Friday
18637,SUSPICIOUS OCC,08,TARAVAL,8,Monday
18638,SUSPICIOUS OCC,08,TARAVAL,1,Saturday
18639,SUSPICIOUS OCC,08,TARAVAL,3,Sunday
18640,SUSPICIOUS OCC,08,TARAVAL,2,Thursday
18641,SUSPICIOUS OCC,08,TARAVAL,4,Tuesday
18642,SUSPICIOUS OCC,08,TARAVAL,2,Wednesday
18643,SUSPICIOUS OCC,08,TENDERLOIN,5,Friday
18644,SUSPICIOUS OCC,08,TENDERLOIN,5,Monday
18645,SUSPICIOUS OCC,08,TENDERLOIN,3,Saturday
18646,SUSPICIOUS OCC,08,TENDERLOIN,3,Sunday
18647,SUSPICIOUS OCC,08,TENDERLOIN,3,Thursday
18648,SUSPICIOUS OCC,08,TENDERLOIN,2,Tuesday
18649,SUSPICIOUS OCC,08,TENDERLOIN,5,Wednesday
18650,SUSPICIOUS OCC,09,BAYVIEW,5,Friday
18651,SUSPICIOUS OCC,09,BAYVIEW,3,Monday
18652,SUSPICIOUS OCC,09,BAYVIEW,4,Saturday
18653,SUSPICIOUS OCC,09,BAYVIEW,3,Sunday
18654,SUSPICIOUS OCC,09,BAYVIEW,2,Thursday
18655,SUSPICIOUS OCC,09,BAYVIEW,4,Tuesday
18656,SUSPICIOUS OCC,09,BAYVIEW,5,Wednesday
18657,SUSPICIOUS OCC,09,CENTRAL,4,Friday
18658,SUSPICIOUS OCC,09,CENTRAL,4,Monday
18659,SUSPICIOUS OCC,09,CENTRAL,9,Saturday
18660,SUSPICIOUS OCC,09,CENTRAL,2,Sunday
18661,SUSPICIOUS OCC,09,CENTRAL,4,Thursday
18662,SUSPICIOUS OCC,09,CENTRAL,5,Tuesday
18663,SUSPICIOUS OCC,09,CENTRAL,5,Wednesday
18664,SUSPICIOUS OCC,09,INGLESIDE,2,Friday
18665,SUSPICIOUS OCC,09,INGLESIDE,3,Monday
18666,SUSPICIOUS OCC,09,INGLESIDE,4,Saturday
18667,SUSPICIOUS OCC,09,INGLESIDE,5,Sunday
18668,SUSPICIOUS OCC,09,INGLESIDE,3,Thursday
18669,SUSPICIOUS OCC,09,INGLESIDE,4,Tuesday
18670,SUSPICIOUS OCC,09,INGLESIDE,6,Wednesday
18671,SUSPICIOUS OCC,09,MISSION,5,Friday
18672,SUSPICIOUS OCC,09,MISSION,1,Monday
18673,SUSPICIOUS OCC,09,MISSION,8,Saturday
18674,SUSPICIOUS OCC,09,MISSION,7,Sunday
18675,SUSPICIOUS OCC,09,MISSION,4,Thursday
18676,SUSPICIOUS OCC,09,MISSION,7,Tuesday
18677,SUSPICIOUS OCC,09,MISSION,8,Wednesday
18678,SUSPICIOUS OCC,09,NORTHERN,6,Friday
18679,SUSPICIOUS OCC,09,NORTHERN,8,Monday
18680,SUSPICIOUS OCC,09,NORTHERN,4,Saturday
18681,SUSPICIOUS OCC,09,NORTHERN,2,Sunday
18682,SUSPICIOUS OCC,09,NORTHERN,1,Thursday
18683,SUSPICIOUS OCC,09,NORTHERN,4,Tuesday
18684,SUSPICIOUS OCC,09,NORTHERN,4,Wednesday
18685,SUSPICIOUS OCC,09,PARK,5,Friday
18686,SUSPICIOUS OCC,09,PARK,1,Monday
18687,SUSPICIOUS OCC,09,PARK,1,Saturday
18688,SUSPICIOUS OCC,09,PARK,3,Sunday
18689,SUSPICIOUS OCC,09,PARK,2,Thursday
18690,SUSPICIOUS OCC,09,PARK,1,Tuesday
18691,SUSPICIOUS OCC,09,RICHMOND,1,Friday
18692,SUSPICIOUS OCC,09,RICHMOND,4,Saturday
18693,SUSPICIOUS OCC,09,RICHMOND,1,Sunday
18694,SUSPICIOUS OCC,09,RICHMOND,4,Thursday
18695,SUSPICIOUS OCC,09,RICHMOND,3,Wednesday
18696,SUSPICIOUS OCC,09,SOUTHERN,3,Friday
18697,SUSPICIOUS OCC,09,SOUTHERN,8,Monday
18698,SUSPICIOUS OCC,09,SOUTHERN,3,Saturday
18699,SUSPICIOUS OCC,09,SOUTHERN,4,Sunday
18700,SUSPICIOUS OCC,09,SOUTHERN,7,Thursday
18701,SUSPICIOUS OCC,09,SOUTHERN,4,Tuesday
18702,SUSPICIOUS OCC,09,SOUTHERN,10,Wednesday
18703,SUSPICIOUS OCC,09,TARAVAL,6,Friday
18704,SUSPICIOUS OCC,09,TARAVAL,1,Monday
18705,SUSPICIOUS OCC,09,TARAVAL,2,Saturday
18706,SUSPICIOUS OCC,09,TARAVAL,1,Thursday
18707,SUSPICIOUS OCC,09,TARAVAL,3,Tuesday
18708,SUSPICIOUS OCC,09,TARAVAL,4,Wednesday
18709,SUSPICIOUS OCC,09,TENDERLOIN,6,Friday
18710,SUSPICIOUS OCC,09,TENDERLOIN,4,Monday
18711,SUSPICIOUS OCC,09,TENDERLOIN,2,Saturday
18712,SUSPICIOUS OCC,09,TENDERLOIN,2,Sunday
18713,SUSPICIOUS OCC,09,TENDERLOIN,3,Thursday
18714,SUSPICIOUS OCC,09,TENDERLOIN,3,Tuesday
18715,SUSPICIOUS OCC,09,TENDERLOIN,6,Wednesday
18716,SUSPICIOUS OCC,10,BAYVIEW,2,Friday
18717,SUSPICIOUS OCC,10,BAYVIEW,6,Monday
18718,SUSPICIOUS OCC,10,BAYVIEW,6,Saturday
18719,SUSPICIOUS OCC,10,BAYVIEW,5,Sunday
18720,SUSPICIOUS OCC,10,BAYVIEW,2,Thursday
18721,SUSPICIOUS OCC,10,BAYVIEW,4,Tuesday
18722,SUSPICIOUS OCC,10,BAYVIEW,3,Wednesday
18723,SUSPICIOUS OCC,10,CENTRAL,4,Friday
18724,SUSPICIOUS OCC,10,CENTRAL,5,Monday
18725,SUSPICIOUS OCC,10,CENTRAL,4,Saturday
18726,SUSPICIOUS OCC,10,CENTRAL,2,Sunday
18727,SUSPICIOUS OCC,10,CENTRAL,5,Tuesday
18728,SUSPICIOUS OCC,10,CENTRAL,3,Wednesday
18729,SUSPICIOUS OCC,10,INGLESIDE,2,Friday
18730,SUSPICIOUS OCC,10,INGLESIDE,4,Monday
18731,SUSPICIOUS OCC,10,INGLESIDE,3,Saturday
18732,SUSPICIOUS OCC,10,INGLESIDE,2,Sunday
18733,SUSPICIOUS OCC,10,INGLESIDE,3,Thursday
18734,SUSPICIOUS OCC,10,INGLESIDE,3,Tuesday
18735,SUSPICIOUS OCC,10,INGLESIDE,4,Wednesday
18736,SUSPICIOUS OCC,10,MISSION,4,Friday
18737,SUSPICIOUS OCC,10,MISSION,2,Monday
18738,SUSPICIOUS OCC,10,MISSION,10,Saturday
18739,SUSPICIOUS OCC,10,MISSION,4,Sunday
18740,SUSPICIOUS OCC,10,MISSION,5,Thursday
18741,SUSPICIOUS OCC,10,MISSION,12,Tuesday
18742,SUSPICIOUS OCC,10,MISSION,10,Wednesday
18743,SUSPICIOUS OCC,10,NORTHERN,2,Friday
18744,SUSPICIOUS OCC,10,NORTHERN,8,Monday
18745,SUSPICIOUS OCC,10,NORTHERN,3,Saturday
18746,SUSPICIOUS OCC,10,NORTHERN,4,Sunday
18747,SUSPICIOUS OCC,10,NORTHERN,2,Thursday
18748,SUSPICIOUS OCC,10,NORTHERN,2,Tuesday
18749,SUSPICIOUS OCC,10,NORTHERN,5,Wednesday
18750,SUSPICIOUS OCC,10,PARK,2,Monday
18751,SUSPICIOUS OCC,10,PARK,2,Sunday
18752,SUSPICIOUS OCC,10,PARK,2,Thursday
18753,SUSPICIOUS OCC,10,PARK,4,Tuesday
18754,SUSPICIOUS OCC,10,PARK,3,Wednesday
18755,SUSPICIOUS OCC,10,RICHMOND,5,Friday
18756,SUSPICIOUS OCC,10,RICHMOND,4,Monday
18757,SUSPICIOUS OCC,10,RICHMOND,3,Saturday
18758,SUSPICIOUS OCC,10,RICHMOND,4,Sunday
18759,SUSPICIOUS OCC,10,RICHMOND,5,Thursday
18760,SUSPICIOUS OCC,10,RICHMOND,2,Tuesday
18761,SUSPICIOUS OCC,10,SOUTHERN,6,Friday
18762,SUSPICIOUS OCC,10,SOUTHERN,7,Monday
18763,SUSPICIOUS OCC,10,SOUTHERN,3,Saturday
18764,SUSPICIOUS OCC,10,SOUTHERN,2,Sunday
18765,SUSPICIOUS OCC,10,SOUTHERN,8,Thursday
18766,SUSPICIOUS OCC,10,SOUTHERN,6,Tuesday
18767,SUSPICIOUS OCC,10,SOUTHERN,9,Wednesday
18768,SUSPICIOUS OCC,10,TARAVAL,8,Friday
18769,SUSPICIOUS OCC,10,TARAVAL,3,Monday
18770,SUSPICIOUS OCC,10,TARAVAL,4,Saturday
18771,SUSPICIOUS OCC,10,TARAVAL,4,Sunday
18772,SUSPICIOUS OCC,10,TARAVAL,1,Thursday
18773,SUSPICIOUS OCC,10,TARAVAL,3,Tuesday
18774,SUSPICIOUS OCC,10,TARAVAL,3,Wednesday
18775,SUSPICIOUS OCC,10,TENDERLOIN,4,Friday
18776,SUSPICIOUS OCC,10,TENDERLOIN,3,Monday
18777,SUSPICIOUS OCC,10,TENDERLOIN,1,Saturday
18778,SUSPICIOUS OCC,10,TENDERLOIN,4,Sunday
18779,SUSPICIOUS OCC,10,TENDERLOIN,4,Thursday
18780,SUSPICIOUS OCC,10,TENDERLOIN,1,Tuesday
18781,SUSPICIOUS OCC,10,TENDERLOIN,5,Wednesday
18782,SUSPICIOUS OCC,11,BAYVIEW,6,Friday
18783,SUSPICIOUS OCC,11,BAYVIEW,5,Monday
18784,SUSPICIOUS OCC,11,BAYVIEW,2,Saturday
18785,SUSPICIOUS OCC,11,BAYVIEW,8,Sunday
18786,SUSPICIOUS OCC,11,BAYVIEW,5,Thursday
18787,SUSPICIOUS OCC,11,BAYVIEW,8,Tuesday
18788,SUSPICIOUS OCC,11,BAYVIEW,2,Wednesday
18789,SUSPICIOUS OCC,11,CENTRAL,2,Friday
18790,SUSPICIOUS OCC,11,CENTRAL,4,Monday
18791,SUSPICIOUS OCC,11,CENTRAL,2,Saturday
18792,SUSPICIOUS OCC,11,CENTRAL,4,Sunday
18793,SUSPICIOUS OCC,11,CENTRAL,6,Thursday
18794,SUSPICIOUS OCC,11,CENTRAL,6,Tuesday
18795,SUSPICIOUS OCC,11,CENTRAL,4,Wednesday
18796,SUSPICIOUS OCC,11,INGLESIDE,1,Friday
18797,SUSPICIOUS OCC,11,INGLESIDE,5,Monday
18798,SUSPICIOUS OCC,11,INGLESIDE,3,Saturday
18799,SUSPICIOUS OCC,11,INGLESIDE,2,Sunday
18800,SUSPICIOUS OCC,11,INGLESIDE,5,Tuesday
18801,SUSPICIOUS OCC,11,INGLESIDE,3,Wednesday
18802,SUSPICIOUS OCC,11,MISSION,7,Friday
18803,SUSPICIOUS OCC,11,MISSION,7,Monday
18804,SUSPICIOUS OCC,11,MISSION,8,Saturday
18805,SUSPICIOUS OCC,11,MISSION,8,Sunday
18806,SUSPICIOUS OCC,11,MISSION,8,Thursday
18807,SUSPICIOUS OCC,11,MISSION,6,Tuesday
18808,SUSPICIOUS OCC,11,MISSION,11,Wednesday
18809,SUSPICIOUS OCC,11,NORTHERN,2,Friday
18810,SUSPICIOUS OCC,11,NORTHERN,4,Monday
18811,SUSPICIOUS OCC,11,NORTHERN,4,Saturday
18812,SUSPICIOUS OCC,11,NORTHERN,5,Sunday
18813,SUSPICIOUS OCC,11,NORTHERN,5,Thursday
18814,SUSPICIOUS OCC,11,NORTHERN,5,Tuesday
18815,SUSPICIOUS OCC,11,NORTHERN,3,Wednesday
18816,SUSPICIOUS OCC,11,PARK,3,Friday
18817,SUSPICIOUS OCC,11,PARK,2,Monday
18818,SUSPICIOUS OCC,11,PARK,1,Saturday
18819,SUSPICIOUS OCC,11,PARK,2,Sunday
18820,SUSPICIOUS OCC,11,PARK,3,Thursday
18821,SUSPICIOUS OCC,11,PARK,1,Wednesday
18822,SUSPICIOUS OCC,11,RICHMOND,2,Friday
18823,SUSPICIOUS OCC,11,RICHMOND,2,Monday
18824,SUSPICIOUS OCC,11,RICHMOND,3,Saturday
18825,SUSPICIOUS OCC,11,RICHMOND,1,Sunday
18826,SUSPICIOUS OCC,11,RICHMOND,2,Thursday
18827,SUSPICIOUS OCC,11,RICHMOND,5,Tuesday
18828,SUSPICIOUS OCC,11,RICHMOND,3,Wednesday
18829,SUSPICIOUS OCC,11,SOUTHERN,8,Friday
18830,SUSPICIOUS OCC,11,SOUTHERN,14,Monday
18831,SUSPICIOUS OCC,11,SOUTHERN,5,Saturday
18832,SUSPICIOUS OCC,11,SOUTHERN,2,Sunday
18833,SUSPICIOUS OCC,11,SOUTHERN,12,Thursday
18834,SUSPICIOUS OCC,11,SOUTHERN,5,Tuesday
18835,SUSPICIOUS OCC,11,SOUTHERN,6,Wednesday
18836,SUSPICIOUS OCC,11,TARAVAL,6,Friday
18837,SUSPICIOUS OCC,11,TARAVAL,1,Monday
18838,SUSPICIOUS OCC,11,TARAVAL,2,Saturday
18839,SUSPICIOUS OCC,11,TARAVAL,2,Sunday
18840,SUSPICIOUS OCC,11,TARAVAL,2,Thursday
18841,SUSPICIOUS OCC,11,TARAVAL,5,Tuesday
18842,SUSPICIOUS OCC,11,TARAVAL,6,Wednesday
18843,SUSPICIOUS OCC,11,TENDERLOIN,3,Friday
18844,SUSPICIOUS OCC,11,TENDERLOIN,5,Monday
18845,SUSPICIOUS OCC,11,TENDERLOIN,2,Saturday
18846,SUSPICIOUS OCC,11,TENDERLOIN,3,Sunday
18847,SUSPICIOUS OCC,11,TENDERLOIN,3,Thursday
18848,SUSPICIOUS OCC,11,TENDERLOIN,5,Tuesday
18849,SUSPICIOUS OCC,11,TENDERLOIN,6,Wednesday
18850,SUSPICIOUS OCC,12,BAYVIEW,6,Friday
18851,SUSPICIOUS OCC,12,BAYVIEW,7,Monday
18852,SUSPICIOUS OCC,12,BAYVIEW,8,Saturday
18853,SUSPICIOUS OCC,12,BAYVIEW,2,Sunday
18854,SUSPICIOUS OCC,12,BAYVIEW,5,Thursday
18855,SUSPICIOUS OCC,12,BAYVIEW,6,Tuesday
18856,SUSPICIOUS OCC,12,BAYVIEW,6,Wednesday
18857,SUSPICIOUS OCC,12,CENTRAL,7,Friday
18858,SUSPICIOUS OCC,12,CENTRAL,5,Monday
18859,SUSPICIOUS OCC,12,CENTRAL,6,Saturday
18860,SUSPICIOUS OCC,12,CENTRAL,4,Sunday
18861,SUSPICIOUS OCC,12,CENTRAL,4,Thursday
18862,SUSPICIOUS OCC,12,CENTRAL,6,Tuesday
18863,SUSPICIOUS OCC,12,CENTRAL,6,Wednesday
18864,SUSPICIOUS OCC,12,INGLESIDE,3,Friday
18865,SUSPICIOUS OCC,12,INGLESIDE,3,Monday
18866,SUSPICIOUS OCC,12,INGLESIDE,8,Saturday
18867,SUSPICIOUS OCC,12,INGLESIDE,2,Sunday
18868,SUSPICIOUS OCC,12,INGLESIDE,7,Thursday
18869,SUSPICIOUS OCC,12,INGLESIDE,5,Tuesday
18870,SUSPICIOUS OCC,12,INGLESIDE,7,Wednesday
18871,SUSPICIOUS OCC,12,MISSION,11,Friday
18872,SUSPICIOUS OCC,12,MISSION,10,Monday
18873,SUSPICIOUS OCC,12,MISSION,4,Saturday
18874,SUSPICIOUS OCC,12,MISSION,12,Sunday
18875,SUSPICIOUS OCC,12,MISSION,11,Thursday
18876,SUSPICIOUS OCC,12,MISSION,12,Tuesday
18877,SUSPICIOUS OCC,12,MISSION,10,Wednesday
18878,SUSPICIOUS OCC,12,NORTHERN,7,Friday
18879,SUSPICIOUS OCC,12,NORTHERN,7,Monday
18880,SUSPICIOUS OCC,12,NORTHERN,3,Saturday
18881,SUSPICIOUS OCC,12,NORTHERN,9,Sunday
18882,SUSPICIOUS OCC,12,NORTHERN,10,Thursday
18883,SUSPICIOUS OCC,12,NORTHERN,9,Tuesday
18884,SUSPICIOUS OCC,12,NORTHERN,10,Wednesday
18885,SUSPICIOUS OCC,12,PARK,3,Friday
18886,SUSPICIOUS OCC,12,PARK,1,Monday
18887,SUSPICIOUS OCC,12,PARK,1,Saturday
18888,SUSPICIOUS OCC,12,PARK,1,Sunday
18889,SUSPICIOUS OCC,12,PARK,4,Thursday
18890,SUSPICIOUS OCC,12,PARK,7,Tuesday
18891,SUSPICIOUS OCC,12,PARK,2,Wednesday
18892,SUSPICIOUS OCC,12,RICHMOND,3,Friday
18893,SUSPICIOUS OCC,12,RICHMOND,4,Monday
18894,SUSPICIOUS OCC,12,RICHMOND,2,Sunday
18895,SUSPICIOUS OCC,12,RICHMOND,3,Thursday
18896,SUSPICIOUS OCC,12,RICHMOND,4,Tuesday
18897,SUSPICIOUS OCC,12,RICHMOND,2,Wednesday
18898,SUSPICIOUS OCC,12,SOUTHERN,9,Friday
18899,SUSPICIOUS OCC,12,SOUTHERN,8,Monday
18900,SUSPICIOUS OCC,12,SOUTHERN,5,Saturday
18901,SUSPICIOUS OCC,12,SOUTHERN,6,Sunday
18902,SUSPICIOUS OCC,12,SOUTHERN,8,Thursday
18903,SUSPICIOUS OCC,12,SOUTHERN,10,Tuesday
18904,SUSPICIOUS OCC,12,SOUTHERN,7,Wednesday
18905,SUSPICIOUS OCC,12,TARAVAL,2,Friday
18906,SUSPICIOUS OCC,12,TARAVAL,4,Monday
18907,SUSPICIOUS OCC,12,TARAVAL,5,Saturday
18908,SUSPICIOUS OCC,12,TARAVAL,3,Sunday
18909,SUSPICIOUS OCC,12,TARAVAL,5,Thursday
18910,SUSPICIOUS OCC,12,TARAVAL,4,Tuesday
18911,SUSPICIOUS OCC,12,TARAVAL,3,Wednesday
18912,SUSPICIOUS OCC,12,TENDERLOIN,3,Friday
18913,SUSPICIOUS OCC,12,TENDERLOIN,2,Monday
18914,SUSPICIOUS OCC,12,TENDERLOIN,9,Saturday
18915,SUSPICIOUS OCC,12,TENDERLOIN,5,Sunday
18916,SUSPICIOUS OCC,12,TENDERLOIN,5,Thursday
18917,SUSPICIOUS OCC,12,TENDERLOIN,11,Tuesday
18918,SUSPICIOUS OCC,12,TENDERLOIN,4,Wednesday
18919,SUSPICIOUS OCC,13,BAYVIEW,2,Friday
18920,SUSPICIOUS OCC,13,BAYVIEW,5,Monday
18921,SUSPICIOUS OCC,13,BAYVIEW,2,Saturday
18922,SUSPICIOUS OCC,13,BAYVIEW,8,Sunday
18923,SUSPICIOUS OCC,13,BAYVIEW,5,Thursday
18924,SUSPICIOUS OCC,13,BAYVIEW,2,Tuesday
18925,SUSPICIOUS OCC,13,BAYVIEW,5,Wednesday
18926,SUSPICIOUS OCC,13,CENTRAL,8,Friday
18927,SUSPICIOUS OCC,13,CENTRAL,2,Monday
18928,SUSPICIOUS OCC,13,CENTRAL,3,Saturday
18929,SUSPICIOUS OCC,13,CENTRAL,9,Sunday
18930,SUSPICIOUS OCC,13,CENTRAL,9,Thursday
18931,SUSPICIOUS OCC,13,CENTRAL,6,Tuesday
18932,SUSPICIOUS OCC,13,CENTRAL,4,Wednesday
18933,SUSPICIOUS OCC,13,INGLESIDE,2,Friday
18934,SUSPICIOUS OCC,13,INGLESIDE,5,Monday
18935,SUSPICIOUS OCC,13,INGLESIDE,4,Saturday
18936,SUSPICIOUS OCC,13,INGLESIDE,7,Sunday
18937,SUSPICIOUS OCC,13,INGLESIDE,4,Thursday
18938,SUSPICIOUS OCC,13,INGLESIDE,8,Tuesday
18939,SUSPICIOUS OCC,13,INGLESIDE,3,Wednesday
18940,SUSPICIOUS OCC,13,MISSION,7,Friday
18941,SUSPICIOUS OCC,13,MISSION,5,Monday
18942,SUSPICIOUS OCC,13,MISSION,3,Saturday
18943,SUSPICIOUS OCC,13,MISSION,7,Sunday
18944,SUSPICIOUS OCC,13,MISSION,10,Thursday
18945,SUSPICIOUS OCC,13,MISSION,9,Tuesday
18946,SUSPICIOUS OCC,13,MISSION,6,Wednesday
18947,SUSPICIOUS OCC,13,NORTHERN,5,Friday
18948,SUSPICIOUS OCC,13,NORTHERN,5,Monday
18949,SUSPICIOUS OCC,13,NORTHERN,6,Saturday
18950,SUSPICIOUS OCC,13,NORTHERN,4,Sunday
18951,SUSPICIOUS OCC,13,NORTHERN,5,Thursday
18952,SUSPICIOUS OCC,13,NORTHERN,6,Tuesday
18953,SUSPICIOUS OCC,13,NORTHERN,6,Wednesday
18954,SUSPICIOUS OCC,13,PARK,5,Friday
18955,SUSPICIOUS OCC,13,PARK,1,Saturday
18956,SUSPICIOUS OCC,13,PARK,1,Sunday
18957,SUSPICIOUS OCC,13,PARK,1,Thursday
18958,SUSPICIOUS OCC,13,PARK,1,Tuesday
18959,SUSPICIOUS OCC,13,PARK,3,Wednesday
18960,SUSPICIOUS OCC,13,RICHMOND,3,Friday
18961,SUSPICIOUS OCC,13,RICHMOND,4,Monday
18962,SUSPICIOUS OCC,13,RICHMOND,2,Saturday
18963,SUSPICIOUS OCC,13,RICHMOND,4,Sunday
18964,SUSPICIOUS OCC,13,RICHMOND,5,Wednesday
18965,SUSPICIOUS OCC,13,SOUTHERN,1,Friday
18966,SUSPICIOUS OCC,13,SOUTHERN,7,Monday
18967,SUSPICIOUS OCC,13,SOUTHERN,3,Saturday
18968,SUSPICIOUS OCC,13,SOUTHERN,7,Sunday
18969,SUSPICIOUS OCC,13,SOUTHERN,11,Thursday
18970,SUSPICIOUS OCC,13,SOUTHERN,9,Tuesday
18971,SUSPICIOUS OCC,13,SOUTHERN,4,Wednesday
18972,SUSPICIOUS OCC,13,TARAVAL,1,Friday
18973,SUSPICIOUS OCC,13,TARAVAL,5,Monday
18974,SUSPICIOUS OCC,13,TARAVAL,3,Saturday
18975,SUSPICIOUS OCC,13,TARAVAL,3,Sunday
18976,SUSPICIOUS OCC,13,TARAVAL,2,Thursday
18977,SUSPICIOUS OCC,13,TARAVAL,1,Tuesday
18978,SUSPICIOUS OCC,13,TARAVAL,3,Wednesday
18979,SUSPICIOUS OCC,13,TENDERLOIN,6,Friday
18980,SUSPICIOUS OCC,13,TENDERLOIN,5,Monday
18981,SUSPICIOUS OCC,13,TENDERLOIN,6,Sunday
18982,SUSPICIOUS OCC,13,TENDERLOIN,5,Thursday
18983,SUSPICIOUS OCC,13,TENDERLOIN,5,Tuesday
18984,SUSPICIOUS OCC,13,TENDERLOIN,8,Wednesday
18985,SUSPICIOUS OCC,14,BAYVIEW,3,Friday
18986,SUSPICIOUS OCC,14,BAYVIEW,2,Monday
18987,SUSPICIOUS OCC,14,BAYVIEW,7,Saturday
18988,SUSPICIOUS OCC,14,BAYVIEW,5,Sunday
18989,SUSPICIOUS OCC,14,BAYVIEW,6,Thursday
18990,SUSPICIOUS OCC,14,BAYVIEW,11,Tuesday
18991,SUSPICIOUS OCC,14,BAYVIEW,2,Wednesday
18992,SUSPICIOUS OCC,14,CENTRAL,2,Friday
18993,SUSPICIOUS OCC,14,CENTRAL,3,Monday
18994,SUSPICIOUS OCC,14,CENTRAL,5,Saturday
18995,SUSPICIOUS OCC,14,CENTRAL,3,Sunday
18996,SUSPICIOUS OCC,14,CENTRAL,4,Thursday
18997,SUSPICIOUS OCC,14,CENTRAL,3,Tuesday
18998,SUSPICIOUS OCC,14,CENTRAL,10,Wednesday
18999,SUSPICIOUS OCC,14,INGLESIDE,4,Friday
19000,SUSPICIOUS OCC,14,INGLESIDE,3,Monday
19001,SUSPICIOUS OCC,14,INGLESIDE,4,Saturday
19002,SUSPICIOUS OCC,14,INGLESIDE,3,Sunday
19003,SUSPICIOUS OCC,14,INGLESIDE,1,Thursday
19004,SUSPICIOUS OCC,14,INGLESIDE,2,Tuesday
19005,SUSPICIOUS OCC,14,INGLESIDE,4,Wednesday
19006,SUSPICIOUS OCC,14,MISSION,10,Friday
19007,SUSPICIOUS OCC,14,MISSION,5,Monday
19008,SUSPICIOUS OCC,14,MISSION,5,Saturday
19009,SUSPICIOUS OCC,14,MISSION,4,Sunday
19010,SUSPICIOUS OCC,14,MISSION,5,Thursday
19011,SUSPICIOUS OCC,14,MISSION,12,Tuesday
19012,SUSPICIOUS OCC,14,MISSION,7,Wednesday
19013,SUSPICIOUS OCC,14,NORTHERN,4,Friday
19014,SUSPICIOUS OCC,14,NORTHERN,7,Monday
19015,SUSPICIOUS OCC,14,NORTHERN,4,Saturday
19016,SUSPICIOUS OCC,14,NORTHERN,5,Sunday
19017,SUSPICIOUS OCC,14,NORTHERN,5,Thursday
19018,SUSPICIOUS OCC,14,NORTHERN,4,Tuesday
19019,SUSPICIOUS OCC,14,NORTHERN,1,Wednesday
19020,SUSPICIOUS OCC,14,PARK,1,Friday
19021,SUSPICIOUS OCC,14,PARK,2,Saturday
19022,SUSPICIOUS OCC,14,PARK,1,Sunday
19023,SUSPICIOUS OCC,14,PARK,1,Thursday
19024,SUSPICIOUS OCC,14,PARK,5,Tuesday
19025,SUSPICIOUS OCC,14,PARK,2,Wednesday
19026,SUSPICIOUS OCC,14,RICHMOND,1,Friday
19027,SUSPICIOUS OCC,14,RICHMOND,2,Monday
19028,SUSPICIOUS OCC,14,RICHMOND,4,Saturday
19029,SUSPICIOUS OCC,14,RICHMOND,4,Sunday
19030,SUSPICIOUS OCC,14,RICHMOND,3,Thursday
19031,SUSPICIOUS OCC,14,RICHMOND,2,Tuesday
19032,SUSPICIOUS OCC,14,RICHMOND,2,Wednesday
19033,SUSPICIOUS OCC,14,SOUTHERN,7,Friday
19034,SUSPICIOUS OCC,14,SOUTHERN,8,Monday
19035,SUSPICIOUS OCC,14,SOUTHERN,1,Saturday
19036,SUSPICIOUS OCC,14,SOUTHERN,5,Sunday
19037,SUSPICIOUS OCC,14,SOUTHERN,14,Thursday
19038,SUSPICIOUS OCC,14,SOUTHERN,7,Tuesday
19039,SUSPICIOUS OCC,14,SOUTHERN,7,Wednesday
19040,SUSPICIOUS OCC,14,TARAVAL,3,Friday
19041,SUSPICIOUS OCC,14,TARAVAL,1,Saturday
19042,SUSPICIOUS OCC,14,TARAVAL,5,Sunday
19043,SUSPICIOUS OCC,14,TARAVAL,3,Thursday
19044,SUSPICIOUS OCC,14,TARAVAL,4,Tuesday
19045,SUSPICIOUS OCC,14,TARAVAL,6,Wednesday
19046,SUSPICIOUS OCC,14,TENDERLOIN,3,Friday
19047,SUSPICIOUS OCC,14,TENDERLOIN,4,Monday
19048,SUSPICIOUS OCC,14,TENDERLOIN,1,Saturday
19049,SUSPICIOUS OCC,14,TENDERLOIN,3,Sunday
19050,SUSPICIOUS OCC,14,TENDERLOIN,2,Thursday
19051,SUSPICIOUS OCC,14,TENDERLOIN,2,Tuesday
19052,SUSPICIOUS OCC,14,TENDERLOIN,2,Wednesday
19053,SUSPICIOUS OCC,15,BAYVIEW,5,Friday
19054,SUSPICIOUS OCC,15,BAYVIEW,2,Monday
19055,SUSPICIOUS OCC,15,BAYVIEW,6,Saturday
19056,SUSPICIOUS OCC,15,BAYVIEW,2,Sunday
19057,SUSPICIOUS OCC,15,BAYVIEW,5,Thursday
19058,SUSPICIOUS OCC,15,BAYVIEW,8,Tuesday
19059,SUSPICIOUS OCC,15,BAYVIEW,4,Wednesday
19060,SUSPICIOUS OCC,15,CENTRAL,5,Friday
19061,SUSPICIOUS OCC,15,CENTRAL,7,Monday
19062,SUSPICIOUS OCC,15,CENTRAL,7,Saturday
19063,SUSPICIOUS OCC,15,CENTRAL,3,Sunday
19064,SUSPICIOUS OCC,15,CENTRAL,2,Thursday
19065,SUSPICIOUS OCC,15,CENTRAL,5,Tuesday
19066,SUSPICIOUS OCC,15,CENTRAL,6,Wednesday
19067,SUSPICIOUS OCC,15,INGLESIDE,4,Friday
19068,SUSPICIOUS OCC,15,INGLESIDE,2,Monday
19069,SUSPICIOUS OCC,15,INGLESIDE,4,Saturday
19070,SUSPICIOUS OCC,15,INGLESIDE,1,Sunday
19071,SUSPICIOUS OCC,15,INGLESIDE,3,Thursday
19072,SUSPICIOUS OCC,15,INGLESIDE,10,Tuesday
19073,SUSPICIOUS OCC,15,INGLESIDE,3,Wednesday
19074,SUSPICIOUS OCC,15,MISSION,7,Friday
19075,SUSPICIOUS OCC,15,MISSION,8,Monday
19076,SUSPICIOUS OCC,15,MISSION,7,Saturday
19077,SUSPICIOUS OCC,15,MISSION,4,Sunday
19078,SUSPICIOUS OCC,15,MISSION,10,Thursday
19079,SUSPICIOUS OCC,15,MISSION,7,Tuesday
19080,SUSPICIOUS OCC,15,MISSION,2,Wednesday
19081,SUSPICIOUS OCC,15,NORTHERN,8,Friday
19082,SUSPICIOUS OCC,15,NORTHERN,5,Monday
19083,SUSPICIOUS OCC,15,NORTHERN,2,Saturday
19084,SUSPICIOUS OCC,15,NORTHERN,1,Sunday
19085,SUSPICIOUS OCC,15,NORTHERN,4,Thursday
19086,SUSPICIOUS OCC,15,NORTHERN,2,Tuesday
19087,SUSPICIOUS OCC,15,NORTHERN,4,Wednesday
19088,SUSPICIOUS OCC,15,PARK,3,Friday
19089,SUSPICIOUS OCC,15,PARK,4,Monday
19090,SUSPICIOUS OCC,15,PARK,1,Saturday
19091,SUSPICIOUS OCC,15,PARK,3,Sunday
19092,SUSPICIOUS OCC,15,PARK,1,Thursday
19093,SUSPICIOUS OCC,15,PARK,5,Tuesday
19094,SUSPICIOUS OCC,15,PARK,4,Wednesday
19095,SUSPICIOUS OCC,15,RICHMOND,4,Friday
19096,SUSPICIOUS OCC,15,RICHMOND,3,Monday
19097,SUSPICIOUS OCC,15,RICHMOND,3,Saturday
19098,SUSPICIOUS OCC,15,RICHMOND,5,Sunday
19099,SUSPICIOUS OCC,15,RICHMOND,6,Thursday
19100,SUSPICIOUS OCC,15,RICHMOND,2,Tuesday
19101,SUSPICIOUS OCC,15,RICHMOND,5,Wednesday
19102,SUSPICIOUS OCC,15,SOUTHERN,8,Friday
19103,SUSPICIOUS OCC,15,SOUTHERN,5,Monday
19104,SUSPICIOUS OCC,15,SOUTHERN,8,Saturday
19105,SUSPICIOUS OCC,15,SOUTHERN,7,Sunday
19106,SUSPICIOUS OCC,15,SOUTHERN,13,Thursday
19107,SUSPICIOUS OCC,15,SOUTHERN,6,Tuesday
19108,SUSPICIOUS OCC,15,SOUTHERN,8,Wednesday
19109,SUSPICIOUS OCC,15,TARAVAL,1,Friday
19110,SUSPICIOUS OCC,15,TARAVAL,5,Monday
19111,SUSPICIOUS OCC,15,TARAVAL,4,Saturday
19112,SUSPICIOUS OCC,15,TARAVAL,5,Sunday
19113,SUSPICIOUS OCC,15,TARAVAL,3,Thursday
19114,SUSPICIOUS OCC,15,TARAVAL,7,Tuesday
19115,SUSPICIOUS OCC,15,TARAVAL,8,Wednesday
19116,SUSPICIOUS OCC,15,TENDERLOIN,3,Friday
19117,SUSPICIOUS OCC,15,TENDERLOIN,3,Monday
19118,SUSPICIOUS OCC,15,TENDERLOIN,1,Saturday
19119,SUSPICIOUS OCC,15,TENDERLOIN,2,Sunday
19120,SUSPICIOUS OCC,15,TENDERLOIN,4,Thursday
19121,SUSPICIOUS OCC,15,TENDERLOIN,6,Tuesday
19122,SUSPICIOUS OCC,15,TENDERLOIN,4,Wednesday
19123,SUSPICIOUS OCC,16,BAYVIEW,4,Friday
19124,SUSPICIOUS OCC,16,BAYVIEW,10,Monday
19125,SUSPICIOUS OCC,16,BAYVIEW,5,Saturday
19126,SUSPICIOUS OCC,16,BAYVIEW,4,Sunday
19127,SUSPICIOUS OCC,16,BAYVIEW,10,Thursday
19128,SUSPICIOUS OCC,16,BAYVIEW,5,Tuesday
19129,SUSPICIOUS OCC,16,BAYVIEW,2,Wednesday
19130,SUSPICIOUS OCC,16,CENTRAL,4,Friday
19131,SUSPICIOUS OCC,16,CENTRAL,3,Monday
19132,SUSPICIOUS OCC,16,CENTRAL,5,Saturday
19133,SUSPICIOUS OCC,16,CENTRAL,9,Sunday
19134,SUSPICIOUS OCC,16,CENTRAL,2,Thursday
19135,SUSPICIOUS OCC,16,CENTRAL,6,Tuesday
19136,SUSPICIOUS OCC,16,CENTRAL,8,Wednesday
19137,SUSPICIOUS OCC,16,INGLESIDE,6,Friday
19138,SUSPICIOUS OCC,16,INGLESIDE,7,Monday
19139,SUSPICIOUS OCC,16,INGLESIDE,4,Saturday
19140,SUSPICIOUS OCC,16,INGLESIDE,4,Sunday
19141,SUSPICIOUS OCC,16,INGLESIDE,12,Thursday
19142,SUSPICIOUS OCC,16,INGLESIDE,3,Tuesday
19143,SUSPICIOUS OCC,16,INGLESIDE,6,Wednesday
19144,SUSPICIOUS OCC,16,MISSION,5,Friday
19145,SUSPICIOUS OCC,16,MISSION,6,Monday
19146,SUSPICIOUS OCC,16,MISSION,7,Saturday
19147,SUSPICIOUS OCC,16,MISSION,6,Sunday
19148,SUSPICIOUS OCC,16,MISSION,5,Thursday
19149,SUSPICIOUS OCC,16,MISSION,6,Tuesday
19150,SUSPICIOUS OCC,16,MISSION,8,Wednesday
19151,SUSPICIOUS OCC,16,NORTHERN,5,Friday
19152,SUSPICIOUS OCC,16,NORTHERN,4,Monday
19153,SUSPICIOUS OCC,16,NORTHERN,5,Saturday
19154,SUSPICIOUS OCC,16,NORTHERN,3,Sunday
19155,SUSPICIOUS OCC,16,NORTHERN,1,Thursday
19156,SUSPICIOUS OCC,16,NORTHERN,5,Tuesday
19157,SUSPICIOUS OCC,16,NORTHERN,3,Wednesday
19158,SUSPICIOUS OCC,16,PARK,2,Friday
19159,SUSPICIOUS OCC,16,PARK,2,Monday
19160,SUSPICIOUS OCC,16,PARK,2,Saturday
19161,SUSPICIOUS OCC,16,PARK,2,Thursday
19162,SUSPICIOUS OCC,16,PARK,4,Tuesday
19163,SUSPICIOUS OCC,16,PARK,2,Wednesday
19164,SUSPICIOUS OCC,16,RICHMOND,1,Friday
19165,SUSPICIOUS OCC,16,RICHMOND,3,Monday
19166,SUSPICIOUS OCC,16,RICHMOND,1,Saturday
19167,SUSPICIOUS OCC,16,RICHMOND,4,Sunday
19168,SUSPICIOUS OCC,16,RICHMOND,3,Thursday
19169,SUSPICIOUS OCC,16,RICHMOND,1,Tuesday
19170,SUSPICIOUS OCC,16,RICHMOND,1,Wednesday
19171,SUSPICIOUS OCC,16,SOUTHERN,8,Friday
19172,SUSPICIOUS OCC,16,SOUTHERN,8,Monday
19173,SUSPICIOUS OCC,16,SOUTHERN,5,Saturday
19174,SUSPICIOUS OCC,16,SOUTHERN,6,Sunday
19175,SUSPICIOUS OCC,16,SOUTHERN,11,Thursday
19176,SUSPICIOUS OCC,16,SOUTHERN,4,Tuesday
19177,SUSPICIOUS OCC,16,SOUTHERN,7,Wednesday
19178,SUSPICIOUS OCC,16,TARAVAL,7,Friday
19179,SUSPICIOUS OCC,16,TARAVAL,4,Monday
19180,SUSPICIOUS OCC,16,TARAVAL,2,Saturday
19181,SUSPICIOUS OCC,16,TARAVAL,2,Sunday
19182,SUSPICIOUS OCC,16,TARAVAL,3,Thursday
19183,SUSPICIOUS OCC,16,TARAVAL,6,Tuesday
19184,SUSPICIOUS OCC,16,TARAVAL,5,Wednesday
19185,SUSPICIOUS OCC,16,TENDERLOIN,5,Friday
19186,SUSPICIOUS OCC,16,TENDERLOIN,4,Monday
19187,SUSPICIOUS OCC,16,TENDERLOIN,4,Saturday
19188,SUSPICIOUS OCC,16,TENDERLOIN,3,Sunday
19189,SUSPICIOUS OCC,16,TENDERLOIN,4,Thursday
19190,SUSPICIOUS OCC,16,TENDERLOIN,3,Tuesday
19191,SUSPICIOUS OCC,16,TENDERLOIN,2,Wednesday
19192,SUSPICIOUS OCC,17,BAYVIEW,2,Friday
19193,SUSPICIOUS OCC,17,BAYVIEW,4,Monday
19194,SUSPICIOUS OCC,17,BAYVIEW,3,Saturday
19195,SUSPICIOUS OCC,17,BAYVIEW,4,Sunday
19196,SUSPICIOUS OCC,17,BAYVIEW,3,Thursday
19197,SUSPICIOUS OCC,17,BAYVIEW,6,Tuesday
19198,SUSPICIOUS OCC,17,BAYVIEW,5,Wednesday
19199,SUSPICIOUS OCC,17,CENTRAL,1,Friday
19200,SUSPICIOUS OCC,17,CENTRAL,7,Monday
19201,SUSPICIOUS OCC,17,CENTRAL,3,Saturday
19202,SUSPICIOUS OCC,17,CENTRAL,5,Sunday
19203,SUSPICIOUS OCC,17,CENTRAL,6,Thursday
19204,SUSPICIOUS OCC,17,CENTRAL,5,Tuesday
19205,SUSPICIOUS OCC,17,CENTRAL,3,Wednesday
19206,SUSPICIOUS OCC,17,INGLESIDE,7,Friday
19207,SUSPICIOUS OCC,17,INGLESIDE,6,Monday
19208,SUSPICIOUS OCC,17,INGLESIDE,2,Saturday
19209,SUSPICIOUS OCC,17,INGLESIDE,4,Sunday
19210,SUSPICIOUS OCC,17,INGLESIDE,3,Thursday
19211,SUSPICIOUS OCC,17,INGLESIDE,4,Tuesday
19212,SUSPICIOUS OCC,17,INGLESIDE,3,Wednesday
19213,SUSPICIOUS OCC,17,MISSION,10,Friday
19214,SUSPICIOUS OCC,17,MISSION,4,Monday
19215,SUSPICIOUS OCC,17,MISSION,6,Saturday
19216,SUSPICIOUS OCC,17,MISSION,4,Sunday
19217,SUSPICIOUS OCC,17,MISSION,6,Thursday
19218,SUSPICIOUS OCC,17,MISSION,5,Tuesday
19219,SUSPICIOUS OCC,17,MISSION,8,Wednesday
19220,SUSPICIOUS OCC,17,NORTHERN,2,Friday
19221,SUSPICIOUS OCC,17,NORTHERN,3,Monday
19222,SUSPICIOUS OCC,17,NORTHERN,7,Saturday
19223,SUSPICIOUS OCC,17,NORTHERN,6,Sunday
19224,SUSPICIOUS OCC,17,NORTHERN,5,Thursday
19225,SUSPICIOUS OCC,17,NORTHERN,4,Tuesday
19226,SUSPICIOUS OCC,17,NORTHERN,3,Wednesday
19227,SUSPICIOUS OCC,17,PARK,1,Friday
19228,SUSPICIOUS OCC,17,PARK,1,Monday
19229,SUSPICIOUS OCC,17,PARK,6,Saturday
19230,SUSPICIOUS OCC,17,PARK,5,Sunday
19231,SUSPICIOUS OCC,17,PARK,4,Thursday
19232,SUSPICIOUS OCC,17,PARK,4,Tuesday
19233,SUSPICIOUS OCC,17,PARK,3,Wednesday
19234,SUSPICIOUS OCC,17,RICHMOND,4,Friday
19235,SUSPICIOUS OCC,17,RICHMOND,2,Monday
19236,SUSPICIOUS OCC,17,RICHMOND,5,Saturday
19237,SUSPICIOUS OCC,17,RICHMOND,2,Sunday
19238,SUSPICIOUS OCC,17,RICHMOND,2,Tuesday
19239,SUSPICIOUS OCC,17,RICHMOND,5,Wednesday
19240,SUSPICIOUS OCC,17,SOUTHERN,10,Friday
19241,SUSPICIOUS OCC,17,SOUTHERN,5,Monday
19242,SUSPICIOUS OCC,17,SOUTHERN,5,Saturday
19243,SUSPICIOUS OCC,17,SOUTHERN,6,Sunday
19244,SUSPICIOUS OCC,17,SOUTHERN,5,Thursday
19245,SUSPICIOUS OCC,17,SOUTHERN,10,Tuesday
19246,SUSPICIOUS OCC,17,SOUTHERN,4,Wednesday
19247,SUSPICIOUS OCC,17,TARAVAL,4,Friday
19248,SUSPICIOUS OCC,17,TARAVAL,1,Monday
19249,SUSPICIOUS OCC,17,TARAVAL,1,Saturday
19250,SUSPICIOUS OCC,17,TARAVAL,2,Sunday
19251,SUSPICIOUS OCC,17,TARAVAL,6,Thursday
19252,SUSPICIOUS OCC,17,TARAVAL,2,Tuesday
19253,SUSPICIOUS OCC,17,TARAVAL,6,Wednesday
19254,SUSPICIOUS OCC,17,TENDERLOIN,3,Friday
19255,SUSPICIOUS OCC,17,TENDERLOIN,3,Monday
19256,SUSPICIOUS OCC,17,TENDERLOIN,5,Saturday
19257,SUSPICIOUS OCC,17,TENDERLOIN,4,Sunday
19258,SUSPICIOUS OCC,17,TENDERLOIN,7,Thursday
19259,SUSPICIOUS OCC,17,TENDERLOIN,5,Tuesday
19260,SUSPICIOUS OCC,17,TENDERLOIN,3,Wednesday
19261,SUSPICIOUS OCC,18,BAYVIEW,1,Friday
19262,SUSPICIOUS OCC,18,BAYVIEW,11,Monday
19263,SUSPICIOUS OCC,18,BAYVIEW,5,Saturday
19264,SUSPICIOUS OCC,18,BAYVIEW,8,Sunday
19265,SUSPICIOUS OCC,18,BAYVIEW,3,Thursday
19266,SUSPICIOUS OCC,18,BAYVIEW,5,Tuesday
19267,SUSPICIOUS OCC,18,BAYVIEW,7,Wednesday
19268,SUSPICIOUS OCC,18,CENTRAL,4,Friday
19269,SUSPICIOUS OCC,18,CENTRAL,2,Monday
19270,SUSPICIOUS OCC,18,CENTRAL,5,Saturday
19271,SUSPICIOUS OCC,18,CENTRAL,4,Sunday
19272,SUSPICIOUS OCC,18,CENTRAL,3,Thursday
19273,SUSPICIOUS OCC,18,CENTRAL,5,Tuesday
19274,SUSPICIOUS OCC,18,CENTRAL,3,Wednesday
19275,SUSPICIOUS OCC,18,INGLESIDE,3,Friday
19276,SUSPICIOUS OCC,18,INGLESIDE,10,Monday
19277,SUSPICIOUS OCC,18,INGLESIDE,4,Saturday
19278,SUSPICIOUS OCC,18,INGLESIDE,4,Sunday
19279,SUSPICIOUS OCC,18,INGLESIDE,4,Thursday
19280,SUSPICIOUS OCC,18,INGLESIDE,10,Tuesday
19281,SUSPICIOUS OCC,18,INGLESIDE,4,Wednesday
19282,SUSPICIOUS OCC,18,MISSION,5,Friday
19283,SUSPICIOUS OCC,18,MISSION,11,Monday
19284,SUSPICIOUS OCC,18,MISSION,5,Saturday
19285,SUSPICIOUS OCC,18,MISSION,5,Sunday
19286,SUSPICIOUS OCC,18,MISSION,7,Thursday
19287,SUSPICIOUS OCC,18,MISSION,8,Tuesday
19288,SUSPICIOUS OCC,18,MISSION,5,Wednesday
19289,SUSPICIOUS OCC,18,NORTHERN,2,Friday
19290,SUSPICIOUS OCC,18,NORTHERN,5,Monday
19291,SUSPICIOUS OCC,18,NORTHERN,3,Saturday
19292,SUSPICIOUS OCC,18,NORTHERN,5,Sunday
19293,SUSPICIOUS OCC,18,NORTHERN,3,Thursday
19294,SUSPICIOUS OCC,18,NORTHERN,10,Tuesday
19295,SUSPICIOUS OCC,18,NORTHERN,7,Wednesday
19296,SUSPICIOUS OCC,18,PARK,3,Friday
19297,SUSPICIOUS OCC,18,PARK,2,Saturday
19298,SUSPICIOUS OCC,18,PARK,3,Sunday
19299,SUSPICIOUS OCC,18,PARK,2,Thursday
19300,SUSPICIOUS OCC,18,PARK,4,Tuesday
19301,SUSPICIOUS OCC,18,PARK,4,Wednesday
19302,SUSPICIOUS OCC,18,RICHMOND,1,Friday
19303,SUSPICIOUS OCC,18,RICHMOND,1,Monday
19304,SUSPICIOUS OCC,18,RICHMOND,3,Saturday
19305,SUSPICIOUS OCC,18,RICHMOND,3,Sunday
19306,SUSPICIOUS OCC,18,RICHMOND,2,Thursday
19307,SUSPICIOUS OCC,18,RICHMOND,5,Tuesday
19308,SUSPICIOUS OCC,18,RICHMOND,3,Wednesday
19309,SUSPICIOUS OCC,18,SOUTHERN,9,Friday
19310,SUSPICIOUS OCC,18,SOUTHERN,6,Monday
19311,SUSPICIOUS OCC,18,SOUTHERN,8,Saturday
19312,SUSPICIOUS OCC,18,SOUTHERN,12,Sunday
19313,SUSPICIOUS OCC,18,SOUTHERN,7,Thursday
19314,SUSPICIOUS OCC,18,SOUTHERN,3,Tuesday
19315,SUSPICIOUS OCC,18,SOUTHERN,3,Wednesday
19316,SUSPICIOUS OCC,18,TARAVAL,2,Friday
19317,SUSPICIOUS OCC,18,TARAVAL,10,Monday
19318,SUSPICIOUS OCC,18,TARAVAL,3,Saturday
19319,SUSPICIOUS OCC,18,TARAVAL,2,Sunday
19320,SUSPICIOUS OCC,18,TARAVAL,2,Thursday
19321,SUSPICIOUS OCC,18,TARAVAL,3,Tuesday
19322,SUSPICIOUS OCC,18,TARAVAL,3,Wednesday
19323,SUSPICIOUS OCC,18,TENDERLOIN,2,Friday
19324,SUSPICIOUS OCC,18,TENDERLOIN,3,Monday
19325,SUSPICIOUS OCC,18,TENDERLOIN,2,Saturday
19326,SUSPICIOUS OCC,18,TENDERLOIN,3,Sunday
19327,SUSPICIOUS OCC,18,TENDERLOIN,5,Thursday
19328,SUSPICIOUS OCC,18,TENDERLOIN,4,Tuesday
19329,SUSPICIOUS OCC,18,TENDERLOIN,2,Wednesday
19330,SUSPICIOUS OCC,19,BAYVIEW,7,Friday
19331,SUSPICIOUS OCC,19,BAYVIEW,9,Monday
19332,SUSPICIOUS OCC,19,BAYVIEW,5,Saturday
19333,SUSPICIOUS OCC,19,BAYVIEW,4,Sunday
19334,SUSPICIOUS OCC,19,BAYVIEW,7,Thursday
19335,SUSPICIOUS OCC,19,BAYVIEW,3,Tuesday
19336,SUSPICIOUS OCC,19,BAYVIEW,4,Wednesday
19337,SUSPICIOUS OCC,19,CENTRAL,1,Friday
19338,SUSPICIOUS OCC,19,CENTRAL,3,Saturday
19339,SUSPICIOUS OCC,19,CENTRAL,3,Sunday
19340,SUSPICIOUS OCC,19,CENTRAL,4,Thursday
19341,SUSPICIOUS OCC,19,CENTRAL,3,Tuesday
19342,SUSPICIOUS OCC,19,CENTRAL,1,Wednesday
19343,SUSPICIOUS OCC,19,INGLESIDE,8,Friday
19344,SUSPICIOUS OCC,19,INGLESIDE,3,Monday
19345,SUSPICIOUS OCC,19,INGLESIDE,2,Saturday
19346,SUSPICIOUS OCC,19,INGLESIDE,3,Sunday
19347,SUSPICIOUS OCC,19,INGLESIDE,8,Thursday
19348,SUSPICIOUS OCC,19,INGLESIDE,2,Tuesday
19349,SUSPICIOUS OCC,19,INGLESIDE,3,Wednesday
19350,SUSPICIOUS OCC,19,MISSION,6,Friday
19351,SUSPICIOUS OCC,19,MISSION,6,Monday
19352,SUSPICIOUS OCC,19,MISSION,10,Saturday
19353,SUSPICIOUS OCC,19,MISSION,4,Sunday
19354,SUSPICIOUS OCC,19,MISSION,4,Thursday
19355,SUSPICIOUS OCC,19,MISSION,1,Tuesday
19356,SUSPICIOUS OCC,19,MISSION,9,Wednesday
19357,SUSPICIOUS OCC,19,NORTHERN,2,Friday
19358,SUSPICIOUS OCC,19,NORTHERN,6,Monday
19359,SUSPICIOUS OCC,19,NORTHERN,2,Saturday
19360,SUSPICIOUS OCC,19,NORTHERN,4,Sunday
19361,SUSPICIOUS OCC,19,NORTHERN,7,Thursday
19362,SUSPICIOUS OCC,19,NORTHERN,7,Tuesday
19363,SUSPICIOUS OCC,19,NORTHERN,2,Wednesday
19364,SUSPICIOUS OCC,19,PARK,2,Friday
19365,SUSPICIOUS OCC,19,PARK,1,Sunday
19366,SUSPICIOUS OCC,19,PARK,3,Thursday
19367,SUSPICIOUS OCC,19,PARK,2,Tuesday
19368,SUSPICIOUS OCC,19,PARK,1,Wednesday
19369,SUSPICIOUS OCC,19,RICHMOND,3,Friday
19370,SUSPICIOUS OCC,19,RICHMOND,5,Saturday
19371,SUSPICIOUS OCC,19,RICHMOND,3,Sunday
19372,SUSPICIOUS OCC,19,RICHMOND,3,Thursday
19373,SUSPICIOUS OCC,19,RICHMOND,1,Tuesday
19374,SUSPICIOUS OCC,19,RICHMOND,3,Wednesday
19375,SUSPICIOUS OCC,19,SOUTHERN,9,Friday
19376,SUSPICIOUS OCC,19,SOUTHERN,12,Monday
19377,SUSPICIOUS OCC,19,SOUTHERN,15,Saturday
19378,SUSPICIOUS OCC,19,SOUTHERN,8,Sunday
19379,SUSPICIOUS OCC,19,SOUTHERN,8,Thursday
19380,SUSPICIOUS OCC,19,SOUTHERN,7,Tuesday
19381,SUSPICIOUS OCC,19,SOUTHERN,6,Wednesday
19382,SUSPICIOUS OCC,19,TARAVAL,4,Friday
19383,SUSPICIOUS OCC,19,TARAVAL,2,Monday
19384,SUSPICIOUS OCC,19,TARAVAL,6,Saturday
19385,SUSPICIOUS OCC,19,TARAVAL,3,Sunday
19386,SUSPICIOUS OCC,19,TARAVAL,4,Thursday
19387,SUSPICIOUS OCC,19,TARAVAL,2,Tuesday
19388,SUSPICIOUS OCC,19,TARAVAL,4,Wednesday
19389,SUSPICIOUS OCC,19,TENDERLOIN,2,Friday
19390,SUSPICIOUS OCC,19,TENDERLOIN,4,Monday
19391,SUSPICIOUS OCC,19,TENDERLOIN,3,Saturday
19392,SUSPICIOUS OCC,19,TENDERLOIN,1,Sunday
19393,SUSPICIOUS OCC,19,TENDERLOIN,5,Thursday
19394,SUSPICIOUS OCC,19,TENDERLOIN,2,Tuesday
19395,SUSPICIOUS OCC,19,TENDERLOIN,2,Wednesday
19396,SUSPICIOUS OCC,20,BAYVIEW,6,Friday
19397,SUSPICIOUS OCC,20,BAYVIEW,1,Monday
19398,SUSPICIOUS OCC,20,BAYVIEW,9,Saturday
19399,SUSPICIOUS OCC,20,BAYVIEW,5,Sunday
19400,SUSPICIOUS OCC,20,BAYVIEW,5,Thursday
19401,SUSPICIOUS OCC,20,BAYVIEW,5,Tuesday
19402,SUSPICIOUS OCC,20,BAYVIEW,2,Wednesday
19403,SUSPICIOUS OCC,20,CENTRAL,5,Friday
19404,SUSPICIOUS OCC,20,CENTRAL,4,Monday
19405,SUSPICIOUS OCC,20,CENTRAL,3,Saturday
19406,SUSPICIOUS OCC,20,CENTRAL,4,Sunday
19407,SUSPICIOUS OCC,20,CENTRAL,3,Thursday
19408,SUSPICIOUS OCC,20,CENTRAL,2,Tuesday
19409,SUSPICIOUS OCC,20,CENTRAL,3,Wednesday
19410,SUSPICIOUS OCC,20,INGLESIDE,1,Friday
19411,SUSPICIOUS OCC,20,INGLESIDE,1,Monday
19412,SUSPICIOUS OCC,20,INGLESIDE,3,Saturday
19413,SUSPICIOUS OCC,20,INGLESIDE,3,Sunday
19414,SUSPICIOUS OCC,20,INGLESIDE,4,Thursday
19415,SUSPICIOUS OCC,20,INGLESIDE,4,Tuesday
19416,SUSPICIOUS OCC,20,INGLESIDE,5,Wednesday
19417,SUSPICIOUS OCC,20,MISSION,5,Friday
19418,SUSPICIOUS OCC,20,MISSION,10,Monday
19419,SUSPICIOUS OCC,20,MISSION,7,Saturday
19420,SUSPICIOUS OCC,20,MISSION,3,Sunday
19421,SUSPICIOUS OCC,20,MISSION,8,Thursday
19422,SUSPICIOUS OCC,20,MISSION,6,Tuesday
19423,SUSPICIOUS OCC,20,MISSION,3,Wednesday
19424,SUSPICIOUS OCC,20,NORTHERN,4,Friday
19425,SUSPICIOUS OCC,20,NORTHERN,2,Monday
19426,SUSPICIOUS OCC,20,NORTHERN,6,Saturday
19427,SUSPICIOUS OCC,20,NORTHERN,2,Sunday
19428,SUSPICIOUS OCC,20,NORTHERN,3,Thursday
19429,SUSPICIOUS OCC,20,NORTHERN,1,Tuesday
19430,SUSPICIOUS OCC,20,NORTHERN,4,Wednesday
19431,SUSPICIOUS OCC,20,PARK,1,Friday
19432,SUSPICIOUS OCC,20,PARK,1,Monday
19433,SUSPICIOUS OCC,20,PARK,4,Saturday
19434,SUSPICIOUS OCC,20,PARK,3,Sunday
19435,SUSPICIOUS OCC,20,PARK,2,Thursday
19436,SUSPICIOUS OCC,20,PARK,2,Wednesday
19437,SUSPICIOUS OCC,20,RICHMOND,3,Friday
19438,SUSPICIOUS OCC,20,RICHMOND,1,Monday
19439,SUSPICIOUS OCC,20,RICHMOND,2,Saturday
19440,SUSPICIOUS OCC,20,RICHMOND,3,Sunday
19441,SUSPICIOUS OCC,20,RICHMOND,3,Thursday
19442,SUSPICIOUS OCC,20,SOUTHERN,8,Friday
19443,SUSPICIOUS OCC,20,SOUTHERN,3,Monday
19444,SUSPICIOUS OCC,20,SOUTHERN,4,Saturday
19445,SUSPICIOUS OCC,20,SOUTHERN,3,Sunday
19446,SUSPICIOUS OCC,20,SOUTHERN,8,Thursday
19447,SUSPICIOUS OCC,20,SOUTHERN,8,Tuesday
19448,SUSPICIOUS OCC,20,SOUTHERN,11,Wednesday
19449,SUSPICIOUS OCC,20,TARAVAL,3,Friday
19450,SUSPICIOUS OCC,20,TARAVAL,5,Monday
19451,SUSPICIOUS OCC,20,TARAVAL,1,Saturday
19452,SUSPICIOUS OCC,20,TARAVAL,2,Sunday
19453,SUSPICIOUS OCC,20,TARAVAL,3,Thursday
19454,SUSPICIOUS OCC,20,TARAVAL,3,Tuesday
19455,SUSPICIOUS OCC,20,TARAVAL,7,Wednesday
19456,SUSPICIOUS OCC,20,TENDERLOIN,2,Friday
19457,SUSPICIOUS OCC,20,TENDERLOIN,2,Monday
19458,SUSPICIOUS OCC,20,TENDERLOIN,1,Saturday
19459,SUSPICIOUS OCC,20,TENDERLOIN,2,Sunday
19460,SUSPICIOUS OCC,20,TENDERLOIN,2,Thursday
19461,SUSPICIOUS OCC,20,TENDERLOIN,2,Tuesday
19462,SUSPICIOUS OCC,20,TENDERLOIN,3,Wednesday
19463,SUSPICIOUS OCC,21,BAYVIEW,5,Friday
19464,SUSPICIOUS OCC,21,BAYVIEW,5,Monday
19465,SUSPICIOUS OCC,21,BAYVIEW,6,Saturday
19466,SUSPICIOUS OCC,21,BAYVIEW,2,Sunday
19467,SUSPICIOUS OCC,21,BAYVIEW,5,Thursday
19468,SUSPICIOUS OCC,21,BAYVIEW,4,Tuesday
19469,SUSPICIOUS OCC,21,BAYVIEW,4,Wednesday
19470,SUSPICIOUS OCC,21,CENTRAL,5,Friday
19471,SUSPICIOUS OCC,21,CENTRAL,5,Monday
19472,SUSPICIOUS OCC,21,CENTRAL,3,Saturday
19473,SUSPICIOUS OCC,21,CENTRAL,1,Sunday
19474,SUSPICIOUS OCC,21,CENTRAL,2,Thursday
19475,SUSPICIOUS OCC,21,CENTRAL,7,Tuesday
19476,SUSPICIOUS OCC,21,CENTRAL,3,Wednesday
19477,SUSPICIOUS OCC,21,INGLESIDE,6,Friday
19478,SUSPICIOUS OCC,21,INGLESIDE,5,Monday
19479,SUSPICIOUS OCC,21,INGLESIDE,6,Saturday
19480,SUSPICIOUS OCC,21,INGLESIDE,2,Sunday
19481,SUSPICIOUS OCC,21,INGLESIDE,1,Thursday
19482,SUSPICIOUS OCC,21,INGLESIDE,5,Tuesday
19483,SUSPICIOUS OCC,21,INGLESIDE,10,Wednesday
19484,SUSPICIOUS OCC,21,MISSION,5,Friday
19485,SUSPICIOUS OCC,21,MISSION,6,Monday
19486,SUSPICIOUS OCC,21,MISSION,7,Saturday
19487,SUSPICIOUS OCC,21,MISSION,4,Sunday
19488,SUSPICIOUS OCC,21,MISSION,7,Thursday
19489,SUSPICIOUS OCC,21,MISSION,6,Tuesday
19490,SUSPICIOUS OCC,21,MISSION,5,Wednesday
19491,SUSPICIOUS OCC,21,NORTHERN,1,Friday
19492,SUSPICIOUS OCC,21,NORTHERN,2,Monday
19493,SUSPICIOUS OCC,21,NORTHERN,4,Saturday
19494,SUSPICIOUS OCC,21,NORTHERN,4,Sunday
19495,SUSPICIOUS OCC,21,NORTHERN,2,Thursday
19496,SUSPICIOUS OCC,21,NORTHERN,3,Tuesday
19497,SUSPICIOUS OCC,21,NORTHERN,3,Wednesday
19498,SUSPICIOUS OCC,21,PARK,2,Friday
19499,SUSPICIOUS OCC,21,PARK,2,Saturday
19500,SUSPICIOUS OCC,21,PARK,1,Sunday
19501,SUSPICIOUS OCC,21,PARK,2,Wednesday
19502,SUSPICIOUS OCC,21,RICHMOND,2,Friday
19503,SUSPICIOUS OCC,21,RICHMOND,4,Monday
19504,SUSPICIOUS OCC,21,RICHMOND,2,Saturday
19505,SUSPICIOUS OCC,21,RICHMOND,1,Sunday
19506,SUSPICIOUS OCC,21,RICHMOND,2,Thursday
19507,SUSPICIOUS OCC,21,RICHMOND,3,Tuesday
19508,SUSPICIOUS OCC,21,RICHMOND,4,Wednesday
19509,SUSPICIOUS OCC,21,SOUTHERN,8,Friday
19510,SUSPICIOUS OCC,21,SOUTHERN,8,Monday
19511,SUSPICIOUS OCC,21,SOUTHERN,5,Saturday
19512,SUSPICIOUS OCC,21,SOUTHERN,3,Sunday
19513,SUSPICIOUS OCC,21,SOUTHERN,6,Thursday
19514,SUSPICIOUS OCC,21,SOUTHERN,9,Tuesday
19515,SUSPICIOUS OCC,21,SOUTHERN,4,Wednesday
19516,SUSPICIOUS OCC,21,TARAVAL,4,Friday
19517,SUSPICIOUS OCC,21,TARAVAL,7,Monday
19518,SUSPICIOUS OCC,21,TARAVAL,3,Saturday
19519,SUSPICIOUS OCC,21,TARAVAL,3,Sunday
19520,SUSPICIOUS OCC,21,TARAVAL,2,Thursday
19521,SUSPICIOUS OCC,21,TARAVAL,2,Tuesday
19522,SUSPICIOUS OCC,21,TARAVAL,3,Wednesday
19523,SUSPICIOUS OCC,21,TENDERLOIN,2,Friday
19524,SUSPICIOUS OCC,21,TENDERLOIN,3,Monday
19525,SUSPICIOUS OCC,21,TENDERLOIN,4,Saturday
19526,SUSPICIOUS OCC,21,TENDERLOIN,2,Thursday
19527,SUSPICIOUS OCC,21,TENDERLOIN,3,Tuesday
19528,SUSPICIOUS OCC,21,TENDERLOIN,7,Wednesday
19529,SUSPICIOUS OCC,22,BAYVIEW,3,Friday
19530,SUSPICIOUS OCC,22,BAYVIEW,5,Monday
19531,SUSPICIOUS OCC,22,BAYVIEW,8,Saturday
19532,SUSPICIOUS OCC,22,BAYVIEW,5,Sunday
19533,SUSPICIOUS OCC,22,BAYVIEW,6,Thursday
19534,SUSPICIOUS OCC,22,BAYVIEW,6,Wednesday
19535,SUSPICIOUS OCC,22,CENTRAL,5,Friday
19536,SUSPICIOUS OCC,22,CENTRAL,3,Monday
19537,SUSPICIOUS OCC,22,CENTRAL,6,Saturday
19538,SUSPICIOUS OCC,22,CENTRAL,4,Sunday
19539,SUSPICIOUS OCC,22,CENTRAL,5,Thursday
19540,SUSPICIOUS OCC,22,CENTRAL,1,Tuesday
19541,SUSPICIOUS OCC,22,CENTRAL,2,Wednesday
19542,SUSPICIOUS OCC,22,INGLESIDE,2,Friday
19543,SUSPICIOUS OCC,22,INGLESIDE,2,Monday
19544,SUSPICIOUS OCC,22,INGLESIDE,2,Saturday
19545,SUSPICIOUS OCC,22,INGLESIDE,4,Sunday
19546,SUSPICIOUS OCC,22,INGLESIDE,2,Thursday
19547,SUSPICIOUS OCC,22,INGLESIDE,2,Tuesday
19548,SUSPICIOUS OCC,22,INGLESIDE,4,Wednesday
19549,SUSPICIOUS OCC,22,MISSION,5,Friday
19550,SUSPICIOUS OCC,22,MISSION,3,Monday
19551,SUSPICIOUS OCC,22,MISSION,4,Saturday
19552,SUSPICIOUS OCC,22,MISSION,2,Sunday
19553,SUSPICIOUS OCC,22,MISSION,3,Thursday
19554,SUSPICIOUS OCC,22,MISSION,8,Tuesday
19555,SUSPICIOUS OCC,22,MISSION,2,Wednesday
19556,SUSPICIOUS OCC,22,NORTHERN,5,Friday
19557,SUSPICIOUS OCC,22,NORTHERN,2,Monday
19558,SUSPICIOUS OCC,22,NORTHERN,5,Saturday
19559,SUSPICIOUS OCC,22,NORTHERN,5,Sunday
19560,SUSPICIOUS OCC,22,NORTHERN,5,Thursday
19561,SUSPICIOUS OCC,22,NORTHERN,5,Tuesday
19562,SUSPICIOUS OCC,22,NORTHERN,2,Wednesday
19563,SUSPICIOUS OCC,22,PARK,2,Friday
19564,SUSPICIOUS OCC,22,PARK,1,Monday
19565,SUSPICIOUS OCC,22,PARK,3,Saturday
19566,SUSPICIOUS OCC,22,PARK,1,Thursday
19567,SUSPICIOUS OCC,22,PARK,3,Tuesday
19568,SUSPICIOUS OCC,22,PARK,2,Wednesday
19569,SUSPICIOUS OCC,22,RICHMOND,1,Friday
19570,SUSPICIOUS OCC,22,RICHMOND,1,Monday
19571,SUSPICIOUS OCC,22,RICHMOND,3,Saturday
19572,SUSPICIOUS OCC,22,RICHMOND,2,Sunday
19573,SUSPICIOUS OCC,22,RICHMOND,5,Tuesday
19574,SUSPICIOUS OCC,22,RICHMOND,2,Wednesday
19575,SUSPICIOUS OCC,22,SOUTHERN,7,Friday
19576,SUSPICIOUS OCC,22,SOUTHERN,6,Monday
19577,SUSPICIOUS OCC,22,SOUTHERN,12,Saturday
19578,SUSPICIOUS OCC,22,SOUTHERN,7,Sunday
19579,SUSPICIOUS OCC,22,SOUTHERN,5,Thursday
19580,SUSPICIOUS OCC,22,SOUTHERN,4,Tuesday
19581,SUSPICIOUS OCC,22,SOUTHERN,4,Wednesday
19582,SUSPICIOUS OCC,22,TARAVAL,1,Friday
19583,SUSPICIOUS OCC,22,TARAVAL,2,Monday
19584,SUSPICIOUS OCC,22,TARAVAL,2,Saturday
19585,SUSPICIOUS OCC,22,TARAVAL,3,Sunday
19586,SUSPICIOUS OCC,22,TARAVAL,5,Thursday
19587,SUSPICIOUS OCC,22,TARAVAL,3,Tuesday
19588,SUSPICIOUS OCC,22,TARAVAL,2,Wednesday
19589,SUSPICIOUS OCC,22,TENDERLOIN,1,Friday
19590,SUSPICIOUS OCC,22,TENDERLOIN,2,Monday
19591,SUSPICIOUS OCC,22,TENDERLOIN,2,Saturday
19592,SUSPICIOUS OCC,22,TENDERLOIN,2,Sunday
19593,SUSPICIOUS OCC,22,TENDERLOIN,1,Thursday
19594,SUSPICIOUS OCC,22,TENDERLOIN,1,Tuesday
19595,SUSPICIOUS OCC,22,TENDERLOIN,3,Wednesday
19596,SUSPICIOUS OCC,23,BAYVIEW,3,Monday
19597,SUSPICIOUS OCC,23,BAYVIEW,3,Saturday
19598,SUSPICIOUS OCC,23,BAYVIEW,3,Sunday
19599,SUSPICIOUS OCC,23,BAYVIEW,3,Tuesday
19600,SUSPICIOUS OCC,23,BAYVIEW,3,Wednesday
19601,SUSPICIOUS OCC,23,CENTRAL,2,Friday
19602,SUSPICIOUS OCC,23,CENTRAL,4,Monday
19603,SUSPICIOUS OCC,23,CENTRAL,5,Saturday
19604,SUSPICIOUS OCC,23,CENTRAL,1,Sunday
19605,SUSPICIOUS OCC,23,CENTRAL,2,Thursday
19606,SUSPICIOUS OCC,23,CENTRAL,4,Tuesday
19607,SUSPICIOUS OCC,23,INGLESIDE,6,Friday
19608,SUSPICIOUS OCC,23,INGLESIDE,4,Monday
19609,SUSPICIOUS OCC,23,INGLESIDE,2,Saturday
19610,SUSPICIOUS OCC,23,INGLESIDE,4,Sunday
19611,SUSPICIOUS OCC,23,INGLESIDE,3,Thursday
19612,SUSPICIOUS OCC,23,INGLESIDE,2,Wednesday
19613,SUSPICIOUS OCC,23,MISSION,6,Friday
19614,SUSPICIOUS OCC,23,MISSION,10,Monday
19615,SUSPICIOUS OCC,23,MISSION,11,Saturday
19616,SUSPICIOUS OCC,23,MISSION,5,Sunday
19617,SUSPICIOUS OCC,23,MISSION,3,Thursday
19618,SUSPICIOUS OCC,23,MISSION,6,Tuesday
19619,SUSPICIOUS OCC,23,MISSION,7,Wednesday
19620,SUSPICIOUS OCC,23,NORTHERN,3,Friday
19621,SUSPICIOUS OCC,23,NORTHERN,3,Monday
19622,SUSPICIOUS OCC,23,NORTHERN,1,Saturday
19623,SUSPICIOUS OCC,23,NORTHERN,1,Sunday
19624,SUSPICIOUS OCC,23,NORTHERN,5,Thursday
19625,SUSPICIOUS OCC,23,NORTHERN,2,Tuesday
19626,SUSPICIOUS OCC,23,NORTHERN,2,Wednesday
19627,SUSPICIOUS OCC,23,PARK,1,Monday
19628,SUSPICIOUS OCC,23,PARK,3,Sunday
19629,SUSPICIOUS OCC,23,PARK,3,Thursday
19630,SUSPICIOUS OCC,23,PARK,1,Wednesday
19631,SUSPICIOUS OCC,23,RICHMOND,4,Friday
19632,SUSPICIOUS OCC,23,RICHMOND,1,Monday
19633,SUSPICIOUS OCC,23,RICHMOND,2,Saturday
19634,SUSPICIOUS OCC,23,RICHMOND,1,Sunday
19635,SUSPICIOUS OCC,23,SOUTHERN,6,Friday
19636,SUSPICIOUS OCC,23,SOUTHERN,1,Monday
19637,SUSPICIOUS OCC,23,SOUTHERN,7,Saturday
19638,SUSPICIOUS OCC,23,SOUTHERN,4,Sunday
19639,SUSPICIOUS OCC,23,SOUTHERN,4,Thursday
19640,SUSPICIOUS OCC,23,SOUTHERN,2,Tuesday
19641,SUSPICIOUS OCC,23,SOUTHERN,4,Wednesday
19642,SUSPICIOUS OCC,23,TARAVAL,2,Friday
19643,SUSPICIOUS OCC,23,TARAVAL,1,Monday
19644,SUSPICIOUS OCC,23,TARAVAL,2,Saturday
19645,SUSPICIOUS OCC,23,TARAVAL,3,Sunday
19646,SUSPICIOUS OCC,23,TARAVAL,2,Thursday
19647,SUSPICIOUS OCC,23,TARAVAL,4,Tuesday
19648,SUSPICIOUS OCC,23,TARAVAL,1,Wednesday
19649,SUSPICIOUS OCC,23,TENDERLOIN,3,Friday
19650,SUSPICIOUS OCC,23,TENDERLOIN,2,Monday
19651,SUSPICIOUS OCC,23,TENDERLOIN,6,Saturday
19652,SUSPICIOUS OCC,23,TENDERLOIN,3,Sunday
19653,SUSPICIOUS OCC,23,TENDERLOIN,4,Thursday
19654,SUSPICIOUS OCC,23,TENDERLOIN,2,Tuesday
19655,SUSPICIOUS OCC,23,TENDERLOIN,3,Wednesday
19656,TREA,02,TARAVAL,1,Friday
19657,TREA,07,INGLESIDE,1,Tuesday
19658,TREA,20,SOUTHERN,1,Monday
19659,TRESPASS,00,BAYVIEW,2,Friday
19660,TRESPASS,00,BAYVIEW,2,Saturday
19661,TRESPASS,00,BAYVIEW,2,Sunday
19662,TRESPASS,00,CENTRAL,2,Sunday
19663,TRESPASS,00,CENTRAL,1,Thursday
19664,TRESPASS,00,CENTRAL,1,Tuesday
19665,TRESPASS,00,CENTRAL,1,Wednesday
19666,TRESPASS,00,INGLESIDE,1,Saturday
19667,TRESPASS,00,INGLESIDE,2,Tuesday
19668,TRESPASS,00,MISSION,1,Friday
19669,TRESPASS,00,MISSION,1,Monday
19670,TRESPASS,00,MISSION,2,Saturday
19671,TRESPASS,00,MISSION,2,Wednesday
19672,TRESPASS,00,NORTHERN,2,Friday
19673,TRESPASS,00,NORTHERN,1,Monday
19674,TRESPASS,00,NORTHERN,4,Sunday
19675,TRESPASS,00,NORTHERN,2,Thursday
19676,TRESPASS,00,NORTHERN,2,Tuesday
19677,TRESPASS,00,PARK,2,Monday
19678,TRESPASS,00,PARK,1,Saturday
19679,TRESPASS,00,PARK,1,Thursday
19680,TRESPASS,00,PARK,1,Tuesday
19681,TRESPASS,00,RICHMOND,1,Friday
19682,TRESPASS,00,RICHMOND,1,Thursday
19683,TRESPASS,00,SOUTHERN,2,Friday
19684,TRESPASS,00,SOUTHERN,1,Monday
19685,TRESPASS,00,SOUTHERN,2,Thursday
19686,TRESPASS,00,SOUTHERN,1,Tuesday
19687,TRESPASS,00,SOUTHERN,1,Wednesday
19688,TRESPASS,00,TARAVAL,1,Friday
19689,TRESPASS,00,TARAVAL,1,Sunday
19690,TRESPASS,00,TENDERLOIN,1,Friday
19691,TRESPASS,00,TENDERLOIN,1,Saturday
19692,TRESPASS,01,BAYVIEW,1,Saturday
19693,TRESPASS,01,BAYVIEW,2,Sunday
19694,TRESPASS,01,BAYVIEW,1,Tuesday
19695,TRESPASS,01,CENTRAL,1,Friday
19696,TRESPASS,01,CENTRAL,1,Monday
19697,TRESPASS,01,CENTRAL,1,Thursday
19698,TRESPASS,01,INGLESIDE,1,Thursday
19699,TRESPASS,01,INGLESIDE,1,Wednesday
19700,TRESPASS,01,MISSION,2,Saturday
19701,TRESPASS,01,MISSION,3,Sunday
19702,TRESPASS,01,MISSION,1,Tuesday
19703,TRESPASS,01,MISSION,1,Wednesday
19704,TRESPASS,01,NORTHERN,1,Friday
19705,TRESPASS,01,NORTHERN,1,Tuesday
19706,TRESPASS,01,PARK,1,Friday
19707,TRESPASS,01,RICHMOND,2,Monday
19708,TRESPASS,01,RICHMOND,1,Saturday
19709,TRESPASS,01,SOUTHERN,2,Friday
19710,TRESPASS,01,SOUTHERN,1,Monday
19711,TRESPASS,01,SOUTHERN,1,Thursday
19712,TRESPASS,01,SOUTHERN,1,Tuesday
19713,TRESPASS,01,TARAVAL,1,Friday
19714,TRESPASS,01,TARAVAL,1,Saturday
19715,TRESPASS,01,TARAVAL,1,Thursday
19716,TRESPASS,01,TARAVAL,2,Wednesday
19717,TRESPASS,01,TENDERLOIN,2,Friday
19718,TRESPASS,01,TENDERLOIN,1,Monday
19719,TRESPASS,01,TENDERLOIN,1,Sunday
19720,TRESPASS,01,TENDERLOIN,1,Tuesday
19721,TRESPASS,02,BAYVIEW,1,Saturday
19722,TRESPASS,02,BAYVIEW,2,Sunday
19723,TRESPASS,02,CENTRAL,1,Friday
19724,TRESPASS,02,CENTRAL,2,Sunday
19725,TRESPASS,02,INGLESIDE,1,Saturday
19726,TRESPASS,02,INGLESIDE,2,Sunday
19727,TRESPASS,02,INGLESIDE,1,Wednesday
19728,TRESPASS,02,MISSION,4,Friday
19729,TRESPASS,02,MISSION,2,Monday
19730,TRESPASS,02,MISSION,4,Saturday
19731,TRESPASS,02,MISSION,1,Sunday
19732,TRESPASS,02,MISSION,1,Thursday
19733,TRESPASS,02,MISSION,2,Tuesday
19734,TRESPASS,02,MISSION,1,Wednesday
19735,TRESPASS,02,NORTHERN,1,Friday
19736,TRESPASS,02,NORTHERN,3,Saturday
19737,TRESPASS,02,NORTHERN,1,Sunday
19738,TRESPASS,02,NORTHERN,1,Thursday
19739,TRESPASS,02,NORTHERN,3,Wednesday
19740,TRESPASS,02,PARK,1,Friday
19741,TRESPASS,02,PARK,1,Saturday
19742,TRESPASS,02,PARK,1,Sunday
19743,TRESPASS,02,SOUTHERN,1,Friday
19744,TRESPASS,02,SOUTHERN,1,Monday
19745,TRESPASS,02,SOUTHERN,1,Saturday
19746,TRESPASS,02,SOUTHERN,1,Sunday
19747,TRESPASS,02,SOUTHERN,1,Thursday
19748,TRESPASS,02,SOUTHERN,1,Tuesday
19749,TRESPASS,02,TARAVAL,1,Friday
19750,TRESPASS,02,TARAVAL,2,Monday
19751,TRESPASS,02,TARAVAL,1,Saturday
19752,TRESPASS,02,TARAVAL,1,Wednesday
19753,TRESPASS,02,TENDERLOIN,1,Monday
19754,TRESPASS,02,TENDERLOIN,1,Saturday
19755,TRESPASS,03,BAYVIEW,1,Monday
19756,TRESPASS,03,BAYVIEW,1,Saturday
19757,TRESPASS,03,BAYVIEW,1,Tuesday
19758,TRESPASS,03,BAYVIEW,2,Wednesday
19759,TRESPASS,03,CENTRAL,1,Saturday
19760,TRESPASS,03,CENTRAL,1,Sunday
19761,TRESPASS,03,CENTRAL,2,Thursday
19762,TRESPASS,03,MISSION,1,Friday
19763,TRESPASS,03,MISSION,1,Monday
19764,TRESPASS,03,MISSION,2,Saturday
19765,TRESPASS,03,MISSION,2,Sunday
19766,TRESPASS,03,MISSION,3,Tuesday
19767,TRESPASS,03,MISSION,1,Wednesday
19768,TRESPASS,03,NORTHERN,1,Monday
19769,TRESPASS,03,NORTHERN,1,Wednesday
19770,TRESPASS,03,PARK,1,Friday
19771,TRESPASS,03,PARK,1,Sunday
19772,TRESPASS,03,PARK,1,Thursday
19773,TRESPASS,03,PARK,1,Tuesday
19774,TRESPASS,03,SOUTHERN,1,Friday
19775,TRESPASS,03,SOUTHERN,1,Monday
19776,TRESPASS,03,SOUTHERN,1,Sunday
19777,TRESPASS,03,SOUTHERN,1,Thursday
19778,TRESPASS,03,SOUTHERN,1,Tuesday
19779,TRESPASS,03,SOUTHERN,1,Wednesday
19780,TRESPASS,03,TARAVAL,1,Saturday
19781,TRESPASS,03,TENDERLOIN,1,Sunday
19782,TRESPASS,04,CENTRAL,1,Saturday
19783,TRESPASS,04,CENTRAL,1,Wednesday
19784,TRESPASS,04,INGLESIDE,1,Monday
19785,TRESPASS,04,MISSION,1,Saturday
19786,TRESPASS,04,MISSION,1,Sunday
19787,TRESPASS,04,MISSION,1,Thursday
19788,TRESPASS,04,MISSION,4,Tuesday
19789,TRESPASS,04,MISSION,2,Wednesday
19790,TRESPASS,04,NORTHERN,1,Monday
19791,TRESPASS,04,NORTHERN,3,Thursday
19792,TRESPASS,04,NORTHERN,1,Tuesday
19793,TRESPASS,04,NORTHERN,1,Wednesday
19794,TRESPASS,04,PARK,1,Wednesday
19795,TRESPASS,04,SOUTHERN,1,Friday
19796,TRESPASS,04,SOUTHERN,2,Saturday
19797,TRESPASS,04,SOUTHERN,1,Thursday
19798,TRESPASS,04,SOUTHERN,2,Tuesday
19799,TRESPASS,04,TARAVAL,1,Friday
19800,TRESPASS,04,TARAVAL,1,Monday
19801,TRESPASS,04,TARAVAL,1,Thursday
19802,TRESPASS,05,BAYVIEW,1,Friday
19803,TRESPASS,05,BAYVIEW,1,Monday
19804,TRESPASS,05,BAYVIEW,2,Saturday
19805,TRESPASS,05,BAYVIEW,1,Tuesday
19806,TRESPASS,05,CENTRAL,1,Friday
19807,TRESPASS,05,INGLESIDE,1,Monday
19808,TRESPASS,05,MISSION,2,Monday
19809,TRESPASS,05,MISSION,1,Saturday
19810,TRESPASS,05,MISSION,2,Thursday
19811,TRESPASS,05,MISSION,3,Tuesday
19812,TRESPASS,05,MISSION,2,Wednesday
19813,TRESPASS,05,NORTHERN,3,Friday
19814,TRESPASS,05,NORTHERN,1,Saturday
19815,TRESPASS,05,NORTHERN,1,Thursday
19816,TRESPASS,05,PARK,1,Friday
19817,TRESPASS,05,PARK,1,Monday
19818,TRESPASS,05,PARK,1,Saturday
19819,TRESPASS,05,PARK,2,Thursday
19820,TRESPASS,05,SOUTHERN,1,Friday
19821,TRESPASS,05,SOUTHERN,3,Saturday
19822,TRESPASS,05,SOUTHERN,3,Sunday
19823,TRESPASS,05,SOUTHERN,3,Thursday
19824,TRESPASS,05,SOUTHERN,1,Tuesday
19825,TRESPASS,05,SOUTHERN,4,Wednesday
19826,TRESPASS,05,TARAVAL,1,Sunday
19827,TRESPASS,05,TENDERLOIN,1,Friday
19828,TRESPASS,05,TENDERLOIN,6,Monday
19829,TRESPASS,05,TENDERLOIN,1,Saturday
19830,TRESPASS,05,TENDERLOIN,8,Tuesday
19831,TRESPASS,05,TENDERLOIN,3,Wednesday
19832,TRESPASS,06,BAYVIEW,2,Monday
19833,TRESPASS,06,BAYVIEW,2,Sunday
19834,TRESPASS,06,BAYVIEW,1,Thursday
19835,TRESPASS,06,BAYVIEW,2,Tuesday
19836,TRESPASS,06,CENTRAL,2,Friday
19837,TRESPASS,06,CENTRAL,1,Monday
19838,TRESPASS,06,CENTRAL,1,Thursday
19839,TRESPASS,06,MISSION,4,Friday
19840,TRESPASS,06,MISSION,4,Monday
19841,TRESPASS,06,MISSION,1,Sunday
19842,TRESPASS,06,MISSION,1,Thursday
19843,TRESPASS,06,MISSION,4,Tuesday
19844,TRESPASS,06,MISSION,5,Wednesday
19845,TRESPASS,06,NORTHERN,2,Friday
19846,TRESPASS,06,NORTHERN,5,Monday
19847,TRESPASS,06,NORTHERN,2,Saturday
19848,TRESPASS,06,NORTHERN,2,Sunday
19849,TRESPASS,06,NORTHERN,4,Thursday
19850,TRESPASS,06,NORTHERN,5,Tuesday
19851,TRESPASS,06,NORTHERN,4,Wednesday
19852,TRESPASS,06,PARK,1,Friday
19853,TRESPASS,06,PARK,2,Saturday
19854,TRESPASS,06,PARK,1,Sunday
19855,TRESPASS,06,RICHMOND,2,Saturday
19856,TRESPASS,06,RICHMOND,1,Wednesday
19857,TRESPASS,06,SOUTHERN,1,Friday
19858,TRESPASS,06,SOUTHERN,8,Monday
19859,TRESPASS,06,SOUTHERN,4,Saturday
19860,TRESPASS,06,SOUTHERN,4,Sunday
19861,TRESPASS,06,SOUTHERN,5,Thursday
19862,TRESPASS,06,SOUTHERN,3,Tuesday
19863,TRESPASS,06,SOUTHERN,7,Wednesday
19864,TRESPASS,06,TARAVAL,1,Monday
19865,TRESPASS,06,TARAVAL,1,Saturday
19866,TRESPASS,06,TARAVAL,1,Thursday
19867,TRESPASS,06,TENDERLOIN,7,Monday
19868,TRESPASS,06,TENDERLOIN,1,Saturday
19869,TRESPASS,06,TENDERLOIN,3,Sunday
19870,TRESPASS,06,TENDERLOIN,6,Tuesday
19871,TRESPASS,06,TENDERLOIN,4,Wednesday
19872,TRESPASS,07,BAYVIEW,1,Friday
19873,TRESPASS,07,BAYVIEW,1,Monday
19874,TRESPASS,07,BAYVIEW,1,Saturday
19875,TRESPASS,07,BAYVIEW,1,Sunday
19876,TRESPASS,07,BAYVIEW,2,Thursday
19877,TRESPASS,07,BAYVIEW,2,Tuesday
19878,TRESPASS,07,BAYVIEW,1,Wednesday
19879,TRESPASS,07,CENTRAL,2,Friday
19880,TRESPASS,07,CENTRAL,1,Saturday
19881,TRESPASS,07,CENTRAL,2,Thursday
19882,TRESPASS,07,CENTRAL,3,Wednesday
19883,TRESPASS,07,INGLESIDE,1,Friday
19884,TRESPASS,07,INGLESIDE,2,Tuesday
19885,TRESPASS,07,INGLESIDE,2,Wednesday
19886,TRESPASS,07,MISSION,5,Friday
19887,TRESPASS,07,MISSION,9,Monday
19888,TRESPASS,07,MISSION,2,Saturday
19889,TRESPASS,07,MISSION,1,Sunday
19890,TRESPASS,07,MISSION,2,Thursday
19891,TRESPASS,07,MISSION,5,Tuesday
19892,TRESPASS,07,MISSION,8,Wednesday
19893,TRESPASS,07,NORTHERN,4,Friday
19894,TRESPASS,07,NORTHERN,3,Monday
19895,TRESPASS,07,NORTHERN,2,Saturday
19896,TRESPASS,07,NORTHERN,5,Sunday
19897,TRESPASS,07,NORTHERN,1,Thursday
19898,TRESPASS,07,NORTHERN,12,Tuesday
19899,TRESPASS,07,NORTHERN,7,Wednesday
19900,TRESPASS,07,PARK,1,Friday
19901,TRESPASS,07,PARK,1,Sunday
19902,TRESPASS,07,PARK,1,Tuesday
19903,TRESPASS,07,PARK,3,Wednesday
19904,TRESPASS,07,RICHMOND,3,Friday
19905,TRESPASS,07,SOUTHERN,5,Friday
19906,TRESPASS,07,SOUTHERN,5,Monday
19907,TRESPASS,07,SOUTHERN,11,Saturday
19908,TRESPASS,07,SOUTHERN,4,Sunday
19909,TRESPASS,07,SOUTHERN,10,Thursday
19910,TRESPASS,07,SOUTHERN,9,Tuesday
19911,TRESPASS,07,SOUTHERN,13,Wednesday
19912,TRESPASS,07,TARAVAL,1,Saturday
19913,TRESPASS,07,TARAVAL,1,Sunday
19914,TRESPASS,07,TARAVAL,3,Tuesday
19915,TRESPASS,07,TARAVAL,1,Wednesday
19916,TRESPASS,07,TENDERLOIN,1,Friday
19917,TRESPASS,07,TENDERLOIN,4,Monday
19918,TRESPASS,07,TENDERLOIN,3,Saturday
19919,TRESPASS,07,TENDERLOIN,1,Sunday
19920,TRESPASS,07,TENDERLOIN,2,Thursday
19921,TRESPASS,07,TENDERLOIN,4,Tuesday
19922,TRESPASS,07,TENDERLOIN,2,Wednesday
19923,TRESPASS,08,BAYVIEW,1,Saturday
19924,TRESPASS,08,BAYVIEW,1,Sunday
19925,TRESPASS,08,BAYVIEW,1,Thursday
19926,TRESPASS,08,BAYVIEW,1,Tuesday
19927,TRESPASS,08,BAYVIEW,5,Wednesday
19928,TRESPASS,08,CENTRAL,3,Friday
19929,TRESPASS,08,CENTRAL,3,Monday
19930,TRESPASS,08,CENTRAL,1,Sunday
19931,TRESPASS,08,CENTRAL,2,Thursday
19932,TRESPASS,08,CENTRAL,3,Tuesday
19933,TRESPASS,08,CENTRAL,4,Wednesday
19934,TRESPASS,08,INGLESIDE,1,Friday
19935,TRESPASS,08,INGLESIDE,1,Wednesday
19936,TRESPASS,08,MISSION,3,Friday
19937,TRESPASS,08,MISSION,6,Monday
19938,TRESPASS,08,MISSION,2,Saturday
19939,TRESPASS,08,MISSION,4,Sunday
19940,TRESPASS,08,MISSION,7,Thursday
19941,TRESPASS,08,MISSION,5,Tuesday
19942,TRESPASS,08,MISSION,7,Wednesday
19943,TRESPASS,08,NORTHERN,1,Friday
19944,TRESPASS,08,NORTHERN,2,Monday
19945,TRESPASS,08,NORTHERN,4,Saturday
19946,TRESPASS,08,NORTHERN,3,Sunday
19947,TRESPASS,08,NORTHERN,5,Thursday
19948,TRESPASS,08,NORTHERN,3,Tuesday
19949,TRESPASS,08,NORTHERN,7,Wednesday
19950,TRESPASS,08,PARK,2,Wednesday
19951,TRESPASS,08,RICHMOND,1,Monday
19952,TRESPASS,08,RICHMOND,1,Saturday
19953,TRESPASS,08,RICHMOND,1,Tuesday
19954,TRESPASS,08,SOUTHERN,5,Friday
19955,TRESPASS,08,SOUTHERN,3,Monday
19956,TRESPASS,08,SOUTHERN,5,Saturday
19957,TRESPASS,08,SOUTHERN,2,Sunday
19958,TRESPASS,08,SOUTHERN,5,Thursday
19959,TRESPASS,08,SOUTHERN,7,Tuesday
19960,TRESPASS,08,SOUTHERN,9,Wednesday
19961,TRESPASS,08,TARAVAL,1,Friday
19962,TRESPASS,08,TARAVAL,3,Monday
19963,TRESPASS,08,TARAVAL,3,Thursday
19964,TRESPASS,08,TARAVAL,3,Wednesday
19965,TRESPASS,08,TENDERLOIN,1,Friday
19966,TRESPASS,08,TENDERLOIN,2,Monday
19967,TRESPASS,08,TENDERLOIN,1,Saturday
19968,TRESPASS,08,TENDERLOIN,1,Sunday
19969,TRESPASS,08,TENDERLOIN,1,Thursday
19970,TRESPASS,09,BAYVIEW,1,Friday
19971,TRESPASS,09,BAYVIEW,1,Saturday
19972,TRESPASS,09,BAYVIEW,3,Sunday
19973,TRESPASS,09,BAYVIEW,1,Thursday
19974,TRESPASS,09,BAYVIEW,3,Wednesday
19975,TRESPASS,09,CENTRAL,2,Friday
19976,TRESPASS,09,CENTRAL,2,Monday
19977,TRESPASS,09,CENTRAL,2,Saturday
19978,TRESPASS,09,CENTRAL,2,Sunday
19979,TRESPASS,09,CENTRAL,4,Thursday
19980,TRESPASS,09,CENTRAL,4,Wednesday
19981,TRESPASS,09,INGLESIDE,2,Friday
19982,TRESPASS,09,INGLESIDE,1,Sunday
19983,TRESPASS,09,INGLESIDE,1,Wednesday
19984,TRESPASS,09,MISSION,1,Friday
19985,TRESPASS,09,MISSION,6,Monday
19986,TRESPASS,09,MISSION,8,Saturday
19987,TRESPASS,09,MISSION,3,Sunday
19988,TRESPASS,09,MISSION,5,Thursday
19989,TRESPASS,09,MISSION,6,Tuesday
19990,TRESPASS,09,MISSION,4,Wednesday
19991,TRESPASS,09,NORTHERN,5,Friday
19992,TRESPASS,09,NORTHERN,5,Monday
19993,TRESPASS,09,NORTHERN,4,Saturday
19994,TRESPASS,09,NORTHERN,1,Sunday
19995,TRESPASS,09,NORTHERN,1,Thursday
19996,TRESPASS,09,NORTHERN,9,Tuesday
19997,TRESPASS,09,NORTHERN,5,Wednesday
19998,TRESPASS,09,PARK,1,Wednesday
19999,TRESPASS,09,SOUTHERN,2,Friday
20000,TRESPASS,09,SOUTHERN,3,Saturday
20001,TRESPASS,09,SOUTHERN,4,Sunday
20002,TRESPASS,09,SOUTHERN,2,Tuesday
20003,TRESPASS,09,SOUTHERN,1,Wednesday
20004,TRESPASS,09,TARAVAL,1,Monday
20005,TRESPASS,09,TARAVAL,2,Saturday
20006,TRESPASS,09,TARAVAL,1,Thursday
20007,TRESPASS,09,TENDERLOIN,1,Friday
20008,TRESPASS,09,TENDERLOIN,1,Saturday
20009,TRESPASS,09,TENDERLOIN,2,Thursday
20010,TRESPASS,10,BAYVIEW,2,Monday
20011,TRESPASS,10,BAYVIEW,2,Saturday
20012,TRESPASS,10,BAYVIEW,1,Sunday
20013,TRESPASS,10,BAYVIEW,1,Thursday
20014,TRESPASS,10,BAYVIEW,2,Tuesday
20015,TRESPASS,10,BAYVIEW,2,Wednesday
20016,TRESPASS,10,CENTRAL,2,Saturday
20017,TRESPASS,10,CENTRAL,1,Thursday
20018,TRESPASS,10,CENTRAL,1,Tuesday
20019,TRESPASS,10,CENTRAL,1,Wednesday
20020,TRESPASS,10,INGLESIDE,1,Friday
20021,TRESPASS,10,INGLESIDE,1,Thursday
20022,TRESPASS,10,INGLESIDE,2,Tuesday
20023,TRESPASS,10,INGLESIDE,1,Wednesday
20024,TRESPASS,10,MISSION,2,Friday
20025,TRESPASS,10,MISSION,4,Monday
20026,TRESPASS,10,MISSION,2,Saturday
20027,TRESPASS,10,MISSION,1,Sunday
20028,TRESPASS,10,MISSION,7,Thursday
20029,TRESPASS,10,MISSION,3,Tuesday
20030,TRESPASS,10,MISSION,2,Wednesday
20031,TRESPASS,10,NORTHERN,3,Friday
20032,TRESPASS,10,NORTHERN,1,Monday
20033,TRESPASS,10,NORTHERN,5,Saturday
20034,TRESPASS,10,NORTHERN,1,Thursday
20035,TRESPASS,10,NORTHERN,4,Tuesday
20036,TRESPASS,10,NORTHERN,2,Wednesday
20037,TRESPASS,10,PARK,2,Tuesday
20038,TRESPASS,10,RICHMOND,2,Monday
20039,TRESPASS,10,RICHMOND,1,Saturday
20040,TRESPASS,10,SOUTHERN,2,Friday
20041,TRESPASS,10,SOUTHERN,3,Monday
20042,TRESPASS,10,SOUTHERN,1,Saturday
20043,TRESPASS,10,SOUTHERN,1,Thursday
20044,TRESPASS,10,SOUTHERN,4,Tuesday
20045,TRESPASS,10,SOUTHERN,1,Wednesday
20046,TRESPASS,10,TARAVAL,2,Friday
20047,TRESPASS,10,TARAVAL,3,Monday
20048,TRESPASS,10,TARAVAL,1,Thursday
20049,TRESPASS,10,TARAVAL,2,Tuesday
20050,TRESPASS,10,TARAVAL,2,Wednesday
20051,TRESPASS,10,TENDERLOIN,2,Friday
20052,TRESPASS,10,TENDERLOIN,1,Wednesday
20053,TRESPASS,11,BAYVIEW,2,Monday
20054,TRESPASS,11,BAYVIEW,3,Thursday
20055,TRESPASS,11,BAYVIEW,1,Wednesday
20056,TRESPASS,11,CENTRAL,4,Friday
20057,TRESPASS,11,CENTRAL,3,Monday
20058,TRESPASS,11,CENTRAL,2,Saturday
20059,TRESPASS,11,CENTRAL,1,Thursday
20060,TRESPASS,11,CENTRAL,2,Tuesday
20061,TRESPASS,11,CENTRAL,2,Wednesday
20062,TRESPASS,11,INGLESIDE,1,Wednesday
20063,TRESPASS,11,MISSION,6,Friday
20064,TRESPASS,11,MISSION,1,Monday
20065,TRESPASS,11,MISSION,4,Saturday
20066,TRESPASS,11,MISSION,6,Thursday
20067,TRESPASS,11,MISSION,3,Tuesday
20068,TRESPASS,11,MISSION,4,Wednesday
20069,TRESPASS,11,NORTHERN,1,Monday
20070,TRESPASS,11,NORTHERN,1,Saturday
20071,TRESPASS,11,NORTHERN,2,Sunday
20072,TRESPASS,11,NORTHERN,4,Thursday
20073,TRESPASS,11,NORTHERN,1,Tuesday
20074,TRESPASS,11,NORTHERN,1,Wednesday
20075,TRESPASS,11,PARK,1,Friday
20076,TRESPASS,11,PARK,2,Monday
20077,TRESPASS,11,PARK,1,Tuesday
20078,TRESPASS,11,PARK,1,Wednesday
20079,TRESPASS,11,RICHMOND,1,Friday
20080,TRESPASS,11,RICHMOND,1,Sunday
20081,TRESPASS,11,SOUTHERN,1,Friday
20082,TRESPASS,11,SOUTHERN,9,Monday
20083,TRESPASS,11,SOUTHERN,1,Saturday
20084,TRESPASS,11,SOUTHERN,1,Sunday
20085,TRESPASS,11,SOUTHERN,1,Thursday
20086,TRESPASS,11,SOUTHERN,2,Tuesday
20087,TRESPASS,11,SOUTHERN,4,Wednesday
20088,TRESPASS,11,TARAVAL,1,Monday
20089,TRESPASS,11,TARAVAL,1,Saturday
20090,TRESPASS,11,TARAVAL,1,Sunday
20091,TRESPASS,11,TARAVAL,2,Thursday
20092,TRESPASS,11,TARAVAL,2,Tuesday
20093,TRESPASS,11,TENDERLOIN,1,Monday
20094,TRESPASS,11,TENDERLOIN,1,Sunday
20095,TRESPASS,11,TENDERLOIN,1,Thursday
20096,TRESPASS,11,TENDERLOIN,2,Tuesday
20097,TRESPASS,12,BAYVIEW,3,Friday
20098,TRESPASS,12,BAYVIEW,3,Monday
20099,TRESPASS,12,BAYVIEW,1,Sunday
20100,TRESPASS,12,BAYVIEW,1,Thursday
20101,TRESPASS,12,BAYVIEW,1,Tuesday
20102,TRESPASS,12,CENTRAL,4,Friday
20103,TRESPASS,12,CENTRAL,2,Saturday
20104,TRESPASS,12,CENTRAL,1,Sunday
20105,TRESPASS,12,CENTRAL,2,Tuesday
20106,TRESPASS,12,CENTRAL,3,Wednesday
20107,TRESPASS,12,INGLESIDE,1,Friday
20108,TRESPASS,12,INGLESIDE,2,Tuesday
20109,TRESPASS,12,INGLESIDE,1,Wednesday
20110,TRESPASS,12,MISSION,6,Friday
20111,TRESPASS,12,MISSION,6,Monday
20112,TRESPASS,12,MISSION,2,Sunday
20113,TRESPASS,12,MISSION,4,Thursday
20114,TRESPASS,12,MISSION,8,Tuesday
20115,TRESPASS,12,MISSION,3,Wednesday
20116,TRESPASS,12,NORTHERN,1,Monday
20117,TRESPASS,12,NORTHERN,3,Sunday
20118,TRESPASS,12,NORTHERN,3,Thursday
20119,TRESPASS,12,NORTHERN,3,Tuesday
20120,TRESPASS,12,NORTHERN,4,Wednesday
20121,TRESPASS,12,PARK,1,Monday
20122,TRESPASS,12,PARK,2,Saturday
20123,TRESPASS,12,PARK,1,Sunday
20124,TRESPASS,12,PARK,1,Tuesday
20125,TRESPASS,12,RICHMOND,1,Friday
20126,TRESPASS,12,RICHMOND,1,Sunday
20127,TRESPASS,12,RICHMOND,1,Tuesday
20128,TRESPASS,12,RICHMOND,1,Wednesday
20129,TRESPASS,12,SOUTHERN,3,Friday
20130,TRESPASS,12,SOUTHERN,2,Monday
20131,TRESPASS,12,SOUTHERN,2,Saturday
20132,TRESPASS,12,SOUTHERN,2,Sunday
20133,TRESPASS,12,SOUTHERN,2,Thursday
20134,TRESPASS,12,SOUTHERN,6,Tuesday
20135,TRESPASS,12,SOUTHERN,3,Wednesday
20136,TRESPASS,12,TARAVAL,4,Tuesday
20137,TRESPASS,12,TARAVAL,3,Wednesday
20138,TRESPASS,12,TENDERLOIN,1,Sunday
20139,TRESPASS,12,TENDERLOIN,1,Thursday
20140,TRESPASS,12,TENDERLOIN,1,Tuesday
20141,TRESPASS,13,BAYVIEW,2,Sunday
20142,TRESPASS,13,BAYVIEW,1,Thursday
20143,TRESPASS,13,CENTRAL,2,Friday
20144,TRESPASS,13,CENTRAL,1,Monday
20145,TRESPASS,13,CENTRAL,1,Saturday
20146,TRESPASS,13,CENTRAL,1,Sunday
20147,TRESPASS,13,CENTRAL,3,Thursday
20148,TRESPASS,13,CENTRAL,3,Tuesday
20149,TRESPASS,13,CENTRAL,1,Wednesday
20150,TRESPASS,13,INGLESIDE,2,Saturday
20151,TRESPASS,13,INGLESIDE,1,Sunday
20152,TRESPASS,13,MISSION,3,Friday
20153,TRESPASS,13,MISSION,4,Monday
20154,TRESPASS,13,MISSION,1,Saturday
20155,TRESPASS,13,MISSION,1,Sunday
20156,TRESPASS,13,MISSION,3,Thursday
20157,TRESPASS,13,MISSION,4,Tuesday
20158,TRESPASS,13,MISSION,3,Wednesday
20159,TRESPASS,13,NORTHERN,1,Friday
20160,TRESPASS,13,NORTHERN,1,Monday
20161,TRESPASS,13,NORTHERN,1,Saturday
20162,TRESPASS,13,NORTHERN,1,Sunday
20163,TRESPASS,13,NORTHERN,3,Thursday
20164,TRESPASS,13,NORTHERN,1,Tuesday
20165,TRESPASS,13,NORTHERN,1,Wednesday
20166,TRESPASS,13,PARK,2,Thursday
20167,TRESPASS,13,RICHMOND,1,Monday
20168,TRESPASS,13,RICHMOND,1,Saturday
20169,TRESPASS,13,RICHMOND,1,Thursday
20170,TRESPASS,13,SOUTHERN,2,Friday
20171,TRESPASS,13,SOUTHERN,2,Saturday
20172,TRESPASS,13,SOUTHERN,1,Sunday
20173,TRESPASS,13,SOUTHERN,6,Thursday
20174,TRESPASS,13,SOUTHERN,1,Tuesday
20175,TRESPASS,13,SOUTHERN,1,Wednesday
20176,TRESPASS,13,TARAVAL,1,Monday
20177,TRESPASS,13,TARAVAL,1,Tuesday
20178,TRESPASS,13,TENDERLOIN,1,Friday
20179,TRESPASS,13,TENDERLOIN,1,Tuesday
20180,TRESPASS,14,BAYVIEW,1,Friday
20181,TRESPASS,14,BAYVIEW,1,Saturday
20182,TRESPASS,14,BAYVIEW,1,Thursday
20183,TRESPASS,14,BAYVIEW,2,Tuesday
20184,TRESPASS,14,BAYVIEW,1,Wednesday
20185,TRESPASS,14,CENTRAL,3,Monday
20186,TRESPASS,14,CENTRAL,2,Saturday
20187,TRESPASS,14,CENTRAL,3,Sunday
20188,TRESPASS,14,CENTRAL,1,Thursday
20189,TRESPASS,14,CENTRAL,1,Tuesday
20190,TRESPASS,14,CENTRAL,1,Wednesday
20191,TRESPASS,14,INGLESIDE,1,Sunday
20192,TRESPASS,14,INGLESIDE,1,Thursday
20193,TRESPASS,14,INGLESIDE,1,Wednesday
20194,TRESPASS,14,MISSION,2,Friday
20195,TRESPASS,14,MISSION,6,Monday
20196,TRESPASS,14,MISSION,2,Saturday
20197,TRESPASS,14,MISSION,1,Sunday
20198,TRESPASS,14,MISSION,5,Thursday
20199,TRESPASS,14,MISSION,2,Tuesday
20200,TRESPASS,14,MISSION,3,Wednesday
20201,TRESPASS,14,NORTHERN,1,Friday
20202,TRESPASS,14,NORTHERN,1,Thursday
20203,TRESPASS,14,NORTHERN,3,Tuesday
20204,TRESPASS,14,NORTHERN,2,Wednesday
20205,TRESPASS,14,PARK,1,Thursday
20206,TRESPASS,14,RICHMOND,1,Friday
20207,TRESPASS,14,RICHMOND,1,Thursday
20208,TRESPASS,14,RICHMOND,1,Tuesday
20209,TRESPASS,14,SOUTHERN,4,Friday
20210,TRESPASS,14,SOUTHERN,4,Monday
20211,TRESPASS,14,SOUTHERN,2,Saturday
20212,TRESPASS,14,SOUTHERN,3,Sunday
20213,TRESPASS,14,SOUTHERN,1,Thursday
20214,TRESPASS,14,SOUTHERN,2,Wednesday
20215,TRESPASS,14,TARAVAL,1,Friday
20216,TRESPASS,14,TARAVAL,1,Saturday
20217,TRESPASS,14,TARAVAL,1,Tuesday
20218,TRESPASS,14,TARAVAL,2,Wednesday
20219,TRESPASS,14,TENDERLOIN,1,Friday
20220,TRESPASS,14,TENDERLOIN,2,Tuesday
20221,TRESPASS,14,TENDERLOIN,2,Wednesday
20222,TRESPASS,15,BAYVIEW,3,Friday
20223,TRESPASS,15,BAYVIEW,1,Monday
20224,TRESPASS,15,BAYVIEW,1,Saturday
20225,TRESPASS,15,BAYVIEW,1,Tuesday
20226,TRESPASS,15,BAYVIEW,3,Wednesday
20227,TRESPASS,15,CENTRAL,5,Monday
20228,TRESPASS,15,CENTRAL,2,Saturday
20229,TRESPASS,15,CENTRAL,3,Tuesday
20230,TRESPASS,15,CENTRAL,1,Wednesday
20231,TRESPASS,15,INGLESIDE,1,Friday
20232,TRESPASS,15,INGLESIDE,1,Monday
20233,TRESPASS,15,INGLESIDE,1,Saturday
20234,TRESPASS,15,INGLESIDE,1,Thursday
20235,TRESPASS,15,INGLESIDE,2,Tuesday
20236,TRESPASS,15,MISSION,3,Friday
20237,TRESPASS,15,MISSION,5,Monday
20238,TRESPASS,15,MISSION,3,Saturday
20239,TRESPASS,15,MISSION,2,Sunday
20240,TRESPASS,15,MISSION,3,Thursday
20241,TRESPASS,15,MISSION,1,Tuesday
20242,TRESPASS,15,MISSION,2,Wednesday
20243,TRESPASS,15,NORTHERN,1,Friday
20244,TRESPASS,15,NORTHERN,1,Monday
20245,TRESPASS,15,NORTHERN,1,Saturday
20246,TRESPASS,15,NORTHERN,2,Sunday
20247,TRESPASS,15,NORTHERN,2,Thursday
20248,TRESPASS,15,NORTHERN,1,Tuesday
20249,TRESPASS,15,NORTHERN,2,Wednesday
20250,TRESPASS,15,PARK,1,Friday
20251,TRESPASS,15,PARK,1,Monday
20252,TRESPASS,15,PARK,3,Saturday
20253,TRESPASS,15,PARK,3,Sunday
20254,TRESPASS,15,RICHMOND,2,Sunday
20255,TRESPASS,15,SOUTHERN,2,Friday
20256,TRESPASS,15,SOUTHERN,4,Monday
20257,TRESPASS,15,SOUTHERN,4,Saturday
20258,TRESPASS,15,SOUTHERN,5,Sunday
20259,TRESPASS,15,SOUTHERN,2,Thursday
20260,TRESPASS,15,SOUTHERN,2,Tuesday
20261,TRESPASS,15,SOUTHERN,2,Wednesday
20262,TRESPASS,15,TARAVAL,1,Friday
20263,TRESPASS,15,TARAVAL,2,Sunday
20264,TRESPASS,15,TARAVAL,1,Thursday
20265,TRESPASS,15,TARAVAL,1,Wednesday
20266,TRESPASS,15,TENDERLOIN,1,Friday
20267,TRESPASS,15,TENDERLOIN,1,Saturday
20268,TRESPASS,15,TENDERLOIN,1,Sunday
20269,TRESPASS,15,TENDERLOIN,2,Thursday
20270,TRESPASS,15,TENDERLOIN,1,Wednesday
20271,TRESPASS,16,BAYVIEW,1,Friday
20272,TRESPASS,16,BAYVIEW,1,Sunday
20273,TRESPASS,16,BAYVIEW,2,Tuesday
20274,TRESPASS,16,CENTRAL,1,Friday
20275,TRESPASS,16,CENTRAL,1,Monday
20276,TRESPASS,16,CENTRAL,1,Sunday
20277,TRESPASS,16,CENTRAL,1,Thursday
20278,TRESPASS,16,CENTRAL,1,Tuesday
20279,TRESPASS,16,CENTRAL,3,Wednesday
20280,TRESPASS,16,INGLESIDE,1,Thursday
20281,TRESPASS,16,INGLESIDE,1,Tuesday
20282,TRESPASS,16,INGLESIDE,1,Wednesday
20283,TRESPASS,16,MISSION,2,Friday
20284,TRESPASS,16,MISSION,2,Monday
20285,TRESPASS,16,MISSION,3,Saturday
20286,TRESPASS,16,MISSION,1,Sunday
20287,TRESPASS,16,MISSION,1,Thursday
20288,TRESPASS,16,MISSION,1,Tuesday
20289,TRESPASS,16,MISSION,1,Wednesday
20290,TRESPASS,16,NORTHERN,1,Friday
20291,TRESPASS,16,NORTHERN,2,Monday
20292,TRESPASS,16,NORTHERN,1,Saturday
20293,TRESPASS,16,NORTHERN,1,Sunday
20294,TRESPASS,16,NORTHERN,2,Tuesday
20295,TRESPASS,16,PARK,1,Friday
20296,TRESPASS,16,PARK,1,Saturday
20297,TRESPASS,16,PARK,1,Thursday
20298,TRESPASS,16,PARK,1,Wednesday
20299,TRESPASS,16,RICHMOND,1,Sunday
20300,TRESPASS,16,RICHMOND,1,Tuesday
20301,TRESPASS,16,RICHMOND,2,Wednesday
20302,TRESPASS,16,SOUTHERN,3,Friday
20303,TRESPASS,16,SOUTHERN,2,Monday
20304,TRESPASS,16,SOUTHERN,2,Saturday
20305,TRESPASS,16,SOUTHERN,1,Sunday
20306,TRESPASS,16,SOUTHERN,2,Thursday
20307,TRESPASS,16,SOUTHERN,1,Tuesday
20308,TRESPASS,16,SOUTHERN,2,Wednesday
20309,TRESPASS,16,TARAVAL,1,Friday
20310,TRESPASS,16,TARAVAL,1,Monday
20311,TRESPASS,16,TARAVAL,2,Tuesday
20312,TRESPASS,16,TARAVAL,4,Wednesday
20313,TRESPASS,16,TENDERLOIN,1,Friday
20314,TRESPASS,16,TENDERLOIN,1,Monday
20315,TRESPASS,16,TENDERLOIN,1,Saturday
20316,TRESPASS,16,TENDERLOIN,1,Sunday
20317,TRESPASS,16,TENDERLOIN,1,Wednesday
20318,TRESPASS,17,BAYVIEW,1,Monday
20319,TRESPASS,17,BAYVIEW,1,Sunday
20320,TRESPASS,17,BAYVIEW,1,Thursday
20321,TRESPASS,17,CENTRAL,2,Friday
20322,TRESPASS,17,CENTRAL,2,Monday
20323,TRESPASS,17,CENTRAL,2,Sunday
20324,TRESPASS,17,CENTRAL,1,Tuesday
20325,TRESPASS,17,CENTRAL,1,Wednesday
20326,TRESPASS,17,INGLESIDE,1,Saturday
20327,TRESPASS,17,INGLESIDE,2,Thursday
20328,TRESPASS,17,MISSION,1,Friday
20329,TRESPASS,17,MISSION,2,Saturday
20330,TRESPASS,17,MISSION,1,Sunday
20331,TRESPASS,17,MISSION,2,Thursday
20332,TRESPASS,17,MISSION,2,Tuesday
20333,TRESPASS,17,NORTHERN,1,Saturday
20334,TRESPASS,17,NORTHERN,1,Sunday
20335,TRESPASS,17,NORTHERN,2,Thursday
20336,TRESPASS,17,NORTHERN,2,Tuesday
20337,TRESPASS,17,NORTHERN,1,Wednesday
20338,TRESPASS,17,PARK,1,Friday
20339,TRESPASS,17,PARK,2,Monday
20340,TRESPASS,17,PARK,1,Thursday
20341,TRESPASS,17,PARK,1,Tuesday
20342,TRESPASS,17,PARK,1,Wednesday
20343,TRESPASS,17,RICHMOND,1,Wednesday
20344,TRESPASS,17,SOUTHERN,7,Friday
20345,TRESPASS,17,SOUTHERN,4,Monday
20346,TRESPASS,17,SOUTHERN,2,Saturday
20347,TRESPASS,17,SOUTHERN,3,Sunday
20348,TRESPASS,17,SOUTHERN,1,Thursday
20349,TRESPASS,17,SOUTHERN,7,Wednesday
20350,TRESPASS,17,TARAVAL,1,Thursday
20351,TRESPASS,17,TARAVAL,1,Tuesday
20352,TRESPASS,17,TENDERLOIN,1,Friday
20353,TRESPASS,17,TENDERLOIN,1,Monday
20354,TRESPASS,17,TENDERLOIN,1,Sunday
20355,TRESPASS,17,TENDERLOIN,1,Tuesday
20356,TRESPASS,17,TENDERLOIN,1,Wednesday
20357,TRESPASS,18,BAYVIEW,1,Thursday
20358,TRESPASS,18,BAYVIEW,1,Tuesday
20359,TRESPASS,18,CENTRAL,1,Monday
20360,TRESPASS,18,CENTRAL,1,Sunday
20361,TRESPASS,18,CENTRAL,2,Thursday
20362,TRESPASS,18,CENTRAL,1,Wednesday
20363,TRESPASS,18,INGLESIDE,2,Friday
20364,TRESPASS,18,INGLESIDE,2,Sunday
20365,TRESPASS,18,MISSION,4,Friday
20366,TRESPASS,18,MISSION,2,Monday
20367,TRESPASS,18,MISSION,2,Saturday
20368,TRESPASS,18,MISSION,3,Sunday
20369,TRESPASS,18,MISSION,1,Thursday
20370,TRESPASS,18,MISSION,4,Tuesday
20371,TRESPASS,18,MISSION,6,Wednesday
20372,TRESPASS,18,NORTHERN,1,Monday
20373,TRESPASS,18,NORTHERN,1,Saturday
20374,TRESPASS,18,NORTHERN,1,Sunday
20375,TRESPASS,18,NORTHERN,4,Thursday
20376,TRESPASS,18,NORTHERN,1,Tuesday
20377,TRESPASS,18,PARK,1,Friday
20378,TRESPASS,18,PARK,1,Wednesday
20379,TRESPASS,18,RICHMOND,1,Friday
20380,TRESPASS,18,RICHMOND,1,Monday
20381,TRESPASS,18,RICHMOND,1,Sunday
20382,TRESPASS,18,SOUTHERN,6,Friday
20383,TRESPASS,18,SOUTHERN,3,Monday
20384,TRESPASS,18,SOUTHERN,1,Sunday
20385,TRESPASS,18,SOUTHERN,2,Tuesday
20386,TRESPASS,18,SOUTHERN,3,Wednesday
20387,TRESPASS,18,TARAVAL,1,Friday
20388,TRESPASS,18,TARAVAL,1,Tuesday
20389,TRESPASS,18,TENDERLOIN,1,Friday
20390,TRESPASS,18,TENDERLOIN,2,Monday
20391,TRESPASS,18,TENDERLOIN,2,Saturday
20392,TRESPASS,18,TENDERLOIN,1,Sunday
20393,TRESPASS,18,TENDERLOIN,1,Thursday
20394,TRESPASS,18,TENDERLOIN,1,Wednesday
20395,TRESPASS,19,BAYVIEW,1,Sunday
20396,TRESPASS,19,BAYVIEW,1,Tuesday
20397,TRESPASS,19,BAYVIEW,1,Wednesday
20398,TRESPASS,19,CENTRAL,1,Monday
20399,TRESPASS,19,CENTRAL,1,Saturday
20400,TRESPASS,19,INGLESIDE,2,Friday
20401,TRESPASS,19,INGLESIDE,3,Wednesday
20402,TRESPASS,19,MISSION,2,Friday
20403,TRESPASS,19,MISSION,3,Monday
20404,TRESPASS,19,MISSION,1,Saturday
20405,TRESPASS,19,MISSION,1,Sunday
20406,TRESPASS,19,MISSION,5,Thursday
20407,TRESPASS,19,MISSION,3,Tuesday
20408,TRESPASS,19,MISSION,3,Wednesday
20409,TRESPASS,19,NORTHERN,3,Friday
20410,TRESPASS,19,NORTHERN,2,Monday
20411,TRESPASS,19,NORTHERN,1,Saturday
20412,TRESPASS,19,NORTHERN,1,Sunday
20413,TRESPASS,19,NORTHERN,2,Thursday
20414,TRESPASS,19,NORTHERN,1,Tuesday
20415,TRESPASS,19,NORTHERN,2,Wednesday
20416,TRESPASS,19,PARK,3,Friday
20417,TRESPASS,19,PARK,1,Thursday
20418,TRESPASS,19,RICHMOND,1,Saturday
20419,TRESPASS,19,RICHMOND,1,Sunday
20420,TRESPASS,19,RICHMOND,1,Wednesday
20421,TRESPASS,19,SOUTHERN,2,Friday
20422,TRESPASS,19,SOUTHERN,5,Monday
20423,TRESPASS,19,SOUTHERN,1,Saturday
20424,TRESPASS,19,SOUTHERN,2,Sunday
20425,TRESPASS,19,SOUTHERN,1,Thursday
20426,TRESPASS,19,SOUTHERN,1,Tuesday
20427,TRESPASS,19,TARAVAL,1,Friday
20428,TRESPASS,19,TARAVAL,1,Thursday
20429,TRESPASS,19,TENDERLOIN,2,Sunday
20430,TRESPASS,19,TENDERLOIN,1,Wednesday
20431,TRESPASS,20,BAYVIEW,1,Friday
20432,TRESPASS,20,BAYVIEW,1,Wednesday
20433,TRESPASS,20,CENTRAL,1,Friday
20434,TRESPASS,20,CENTRAL,1,Monday
20435,TRESPASS,20,CENTRAL,1,Saturday
20436,TRESPASS,20,CENTRAL,2,Tuesday
20437,TRESPASS,20,CENTRAL,1,Wednesday
20438,TRESPASS,20,INGLESIDE,1,Friday
20439,TRESPASS,20,INGLESIDE,1,Tuesday
20440,TRESPASS,20,INGLESIDE,2,Wednesday
20441,TRESPASS,20,MISSION,1,Friday
20442,TRESPASS,20,MISSION,1,Monday
20443,TRESPASS,20,MISSION,1,Saturday
20444,TRESPASS,20,MISSION,2,Sunday
20445,TRESPASS,20,MISSION,3,Thursday
20446,TRESPASS,20,MISSION,1,Tuesday
20447,TRESPASS,20,MISSION,2,Wednesday
20448,TRESPASS,20,NORTHERN,2,Saturday
20449,TRESPASS,20,NORTHERN,2,Thursday
20450,TRESPASS,20,NORTHERN,2,Tuesday
20451,TRESPASS,20,RICHMOND,2,Friday
20452,TRESPASS,20,SOUTHERN,5,Friday
20453,TRESPASS,20,SOUTHERN,1,Monday
20454,TRESPASS,20,SOUTHERN,2,Saturday
20455,TRESPASS,20,SOUTHERN,2,Sunday
20456,TRESPASS,20,SOUTHERN,1,Thursday
20457,TRESPASS,20,SOUTHERN,2,Tuesday
20458,TRESPASS,20,TARAVAL,1,Friday
20459,TRESPASS,20,TENDERLOIN,1,Monday
20460,TRESPASS,20,TENDERLOIN,1,Saturday
20461,TRESPASS,20,TENDERLOIN,1,Thursday
20462,TRESPASS,20,TENDERLOIN,1,Wednesday
20463,TRESPASS,21,BAYVIEW,1,Monday
20464,TRESPASS,21,BAYVIEW,1,Saturday
20465,TRESPASS,21,BAYVIEW,1,Thursday
20466,TRESPASS,21,BAYVIEW,1,Tuesday
20467,TRESPASS,21,CENTRAL,1,Friday
20468,TRESPASS,21,CENTRAL,1,Monday
20469,TRESPASS,21,CENTRAL,1,Saturday
20470,TRESPASS,21,CENTRAL,1,Sunday
20471,TRESPASS,21,CENTRAL,1,Thursday
20472,TRESPASS,21,CENTRAL,1,Tuesday
20473,TRESPASS,21,CENTRAL,1,Wednesday
20474,TRESPASS,21,INGLESIDE,1,Friday
20475,TRESPASS,21,INGLESIDE,1,Sunday
20476,TRESPASS,21,MISSION,1,Friday
20477,TRESPASS,21,MISSION,2,Monday
20478,TRESPASS,21,MISSION,1,Saturday
20479,TRESPASS,21,MISSION,3,Sunday
20480,TRESPASS,21,MISSION,1,Thursday
20481,TRESPASS,21,MISSION,1,Tuesday
20482,TRESPASS,21,MISSION,7,Wednesday
20483,TRESPASS,21,NORTHERN,1,Monday
20484,TRESPASS,21,NORTHERN,2,Sunday
20485,TRESPASS,21,NORTHERN,1,Thursday
20486,TRESPASS,21,NORTHERN,1,Tuesday
20487,TRESPASS,21,PARK,1,Monday
20488,TRESPASS,21,PARK,2,Saturday
20489,TRESPASS,21,RICHMOND,1,Sunday
20490,TRESPASS,21,RICHMOND,1,Tuesday
20491,TRESPASS,21,SOUTHERN,1,Friday
20492,TRESPASS,21,SOUTHERN,1,Monday
20493,TRESPASS,21,SOUTHERN,2,Saturday
20494,TRESPASS,21,SOUTHERN,2,Sunday
20495,TRESPASS,21,SOUTHERN,1,Thursday
20496,TRESPASS,21,SOUTHERN,1,Tuesday
20497,TRESPASS,21,SOUTHERN,2,Wednesday
20498,TRESPASS,21,TARAVAL,3,Saturday
20499,TRESPASS,21,TARAVAL,1,Thursday
20500,TRESPASS,21,TENDERLOIN,1,Sunday
20501,TRESPASS,21,TENDERLOIN,2,Tuesday
20502,TRESPASS,22,BAYVIEW,2,Monday
20503,TRESPASS,22,BAYVIEW,3,Wednesday
20504,TRESPASS,22,CENTRAL,2,Friday
20505,TRESPASS,22,CENTRAL,1,Wednesday
20506,TRESPASS,22,INGLESIDE,2,Friday
20507,TRESPASS,22,INGLESIDE,1,Monday
20508,TRESPASS,22,INGLESIDE,1,Thursday
20509,TRESPASS,22,INGLESIDE,1,Wednesday
20510,TRESPASS,22,MISSION,1,Monday
20511,TRESPASS,22,MISSION,3,Thursday
20512,TRESPASS,22,MISSION,1,Tuesday
20513,TRESPASS,22,MISSION,1,Wednesday
20514,TRESPASS,22,NORTHERN,1,Monday
20515,TRESPASS,22,NORTHERN,2,Saturday
20516,TRESPASS,22,NORTHERN,1,Thursday
20517,TRESPASS,22,NORTHERN,1,Tuesday
20518,TRESPASS,22,NORTHERN,1,Wednesday
20519,TRESPASS,22,PARK,1,Friday
20520,TRESPASS,22,RICHMOND,1,Thursday
20521,TRESPASS,22,RICHMOND,1,Tuesday
20522,TRESPASS,22,RICHMOND,1,Wednesday
20523,TRESPASS,22,SOUTHERN,5,Friday
20524,TRESPASS,22,SOUTHERN,1,Monday
20525,TRESPASS,22,SOUTHERN,2,Saturday
20526,TRESPASS,22,SOUTHERN,1,Thursday
20527,TRESPASS,22,SOUTHERN,3,Tuesday
20528,TRESPASS,22,TARAVAL,3,Friday
20529,TRESPASS,22,TARAVAL,1,Monday
20530,TRESPASS,22,TARAVAL,1,Saturday
20531,TRESPASS,22,TARAVAL,1,Thursday
20532,TRESPASS,23,BAYVIEW,2,Tuesday
20533,TRESPASS,23,CENTRAL,3,Friday
20534,TRESPASS,23,CENTRAL,2,Saturday
20535,TRESPASS,23,CENTRAL,1,Thursday
20536,TRESPASS,23,CENTRAL,1,Wednesday
20537,TRESPASS,23,INGLESIDE,1,Saturday
20538,TRESPASS,23,INGLESIDE,1,Sunday
20539,TRESPASS,23,INGLESIDE,1,Thursday
20540,TRESPASS,23,INGLESIDE,1,Tuesday
20541,TRESPASS,23,MISSION,1,Friday
20542,TRESPASS,23,MISSION,1,Saturday
20543,TRESPASS,23,MISSION,4,Sunday
20544,TRESPASS,23,MISSION,2,Thursday
20545,TRESPASS,23,MISSION,4,Wednesday
20546,TRESPASS,23,NORTHERN,1,Monday
20547,TRESPASS,23,NORTHERN,1,Thursday
20548,TRESPASS,23,NORTHERN,1,Wednesday
20549,TRESPASS,23,PARK,2,Friday
20550,TRESPASS,23,PARK,1,Sunday
20551,TRESPASS,23,PARK,1,Wednesday
20552,TRESPASS,23,SOUTHERN,1,Monday
20553,TRESPASS,23,SOUTHERN,1,Sunday
20554,TRESPASS,23,SOUTHERN,3,Thursday
20555,TRESPASS,23,SOUTHERN,4,Wednesday
20556,TRESPASS,23,TARAVAL,2,Friday
20557,TRESPASS,23,TARAVAL,3,Saturday
20558,TRESPASS,23,TARAVAL,1,Sunday
20559,TRESPASS,23,TARAVAL,3,Thursday
20560,TRESPASS,23,TENDERLOIN,1,Saturday
20561,TRESPASS,23,TENDERLOIN,1,Wednesday
20562,VANDALISM,00,BAYVIEW,4,Friday
20563,VANDALISM,00,BAYVIEW,10,Monday
20564,VANDALISM,00,BAYVIEW,4,Saturday
20565,VANDALISM,00,BAYVIEW,8,Sunday
20566,VANDALISM,00,BAYVIEW,5,Thursday
20567,VANDALISM,00,BAYVIEW,10,Tuesday
20568,VANDALISM,00,BAYVIEW,7,Wednesday
20569,VANDALISM,00,CENTRAL,9,Friday
20570,VANDALISM,00,CENTRAL,10,Monday
20571,VANDALISM,00,CENTRAL,8,Saturday
20572,VANDALISM,00,CENTRAL,11,Sunday
20573,VANDALISM,00,CENTRAL,5,Thursday
20574,VANDALISM,00,CENTRAL,6,Tuesday
20575,VANDALISM,00,CENTRAL,2,Wednesday
20576,VANDALISM,00,INGLESIDE,3,Friday
20577,VANDALISM,00,INGLESIDE,4,Monday
20578,VANDALISM,00,INGLESIDE,5,Saturday
20579,VANDALISM,00,INGLESIDE,6,Sunday
20580,VANDALISM,00,INGLESIDE,2,Thursday
20581,VANDALISM,00,INGLESIDE,6,Tuesday
20582,VANDALISM,00,INGLESIDE,7,Wednesday
20583,VANDALISM,00,MISSION,12,Friday
20584,VANDALISM,00,MISSION,6,Monday
20585,VANDALISM,00,MISSION,11,Saturday
20586,VANDALISM,00,MISSION,5,Sunday
20587,VANDALISM,00,MISSION,4,Thursday
20588,VANDALISM,00,MISSION,8,Tuesday
20589,VANDALISM,00,MISSION,3,Wednesday
20590,VANDALISM,00,NORTHERN,6,Friday
20591,VANDALISM,00,NORTHERN,3,Monday
20592,VANDALISM,00,NORTHERN,3,Saturday
20593,VANDALISM,00,NORTHERN,16,Sunday
20594,VANDALISM,00,NORTHERN,5,Thursday
20595,VANDALISM,00,NORTHERN,8,Tuesday
20596,VANDALISM,00,NORTHERN,6,Wednesday
20597,VANDALISM,00,PARK,1,Friday
20598,VANDALISM,00,PARK,1,Monday
20599,VANDALISM,00,PARK,1,Saturday
20600,VANDALISM,00,PARK,1,Sunday
20601,VANDALISM,00,PARK,3,Thursday
20602,VANDALISM,00,PARK,2,Wednesday
20603,VANDALISM,00,RICHMOND,5,Friday
20604,VANDALISM,00,RICHMOND,1,Monday
20605,VANDALISM,00,RICHMOND,3,Saturday
20606,VANDALISM,00,RICHMOND,1,Sunday
20607,VANDALISM,00,RICHMOND,1,Tuesday
20608,VANDALISM,00,RICHMOND,1,Wednesday
20609,VANDALISM,00,SOUTHERN,11,Friday
20610,VANDALISM,00,SOUTHERN,9,Monday
20611,VANDALISM,00,SOUTHERN,14,Saturday
20612,VANDALISM,00,SOUTHERN,12,Sunday
20613,VANDALISM,00,SOUTHERN,6,Thursday
20614,VANDALISM,00,SOUTHERN,9,Tuesday
20615,VANDALISM,00,SOUTHERN,5,Wednesday
20616,VANDALISM,00,TARAVAL,5,Friday
20617,VANDALISM,00,TARAVAL,6,Monday
20618,VANDALISM,00,TARAVAL,7,Saturday
20619,VANDALISM,00,TARAVAL,6,Sunday
20620,VANDALISM,00,TARAVAL,3,Thursday
20621,VANDALISM,00,TARAVAL,4,Tuesday
20622,VANDALISM,00,TARAVAL,1,Wednesday
20623,VANDALISM,00,TENDERLOIN,2,Monday
20624,VANDALISM,00,TENDERLOIN,4,Saturday
20625,VANDALISM,00,TENDERLOIN,2,Sunday
20626,VANDALISM,00,TENDERLOIN,1,Thursday
20627,VANDALISM,00,TENDERLOIN,1,Tuesday
20628,VANDALISM,01,BAYVIEW,8,Friday
20629,VANDALISM,01,BAYVIEW,4,Monday
20630,VANDALISM,01,BAYVIEW,6,Saturday
20631,VANDALISM,01,BAYVIEW,4,Sunday
20632,VANDALISM,01,BAYVIEW,1,Thursday
20633,VANDALISM,01,BAYVIEW,4,Tuesday
20634,VANDALISM,01,BAYVIEW,3,Wednesday
20635,VANDALISM,01,CENTRAL,5,Friday
20636,VANDALISM,01,CENTRAL,7,Monday
20637,VANDALISM,01,CENTRAL,12,Saturday
20638,VANDALISM,01,CENTRAL,9,Sunday
20639,VANDALISM,01,CENTRAL,3,Thursday
20640,VANDALISM,01,CENTRAL,5,Tuesday
20641,VANDALISM,01,CENTRAL,3,Wednesday
20642,VANDALISM,01,INGLESIDE,6,Friday
20643,VANDALISM,01,INGLESIDE,3,Monday
20644,VANDALISM,01,INGLESIDE,2,Saturday
20645,VANDALISM,01,INGLESIDE,5,Sunday
20646,VANDALISM,01,INGLESIDE,3,Thursday
20647,VANDALISM,01,INGLESIDE,3,Tuesday
20648,VANDALISM,01,INGLESIDE,6,Wednesday
20649,VANDALISM,01,MISSION,13,Friday
20650,VANDALISM,01,MISSION,9,Monday
20651,VANDALISM,01,MISSION,4,Saturday
20652,VANDALISM,01,MISSION,9,Sunday
20653,VANDALISM,01,MISSION,10,Thursday
20654,VANDALISM,01,MISSION,7,Tuesday
20655,VANDALISM,01,MISSION,7,Wednesday
20656,VANDALISM,01,NORTHERN,8,Friday
20657,VANDALISM,01,NORTHERN,4,Monday
20658,VANDALISM,01,NORTHERN,11,Saturday
20659,VANDALISM,01,NORTHERN,8,Sunday
20660,VANDALISM,01,NORTHERN,9,Thursday
20661,VANDALISM,01,NORTHERN,5,Tuesday
20662,VANDALISM,01,NORTHERN,4,Wednesday
20663,VANDALISM,01,PARK,2,Friday
20664,VANDALISM,01,PARK,3,Monday
20665,VANDALISM,01,PARK,1,Saturday
20666,VANDALISM,01,PARK,1,Sunday
20667,VANDALISM,01,PARK,2,Thursday
20668,VANDALISM,01,PARK,2,Tuesday
20669,VANDALISM,01,PARK,2,Wednesday
20670,VANDALISM,01,RICHMOND,2,Friday
20671,VANDALISM,01,RICHMOND,2,Monday
20672,VANDALISM,01,RICHMOND,2,Saturday
20673,VANDALISM,01,RICHMOND,2,Sunday
20674,VANDALISM,01,RICHMOND,2,Thursday
20675,VANDALISM,01,RICHMOND,1,Tuesday
20676,VANDALISM,01,RICHMOND,1,Wednesday
20677,VANDALISM,01,SOUTHERN,6,Friday
20678,VANDALISM,01,SOUTHERN,4,Monday
20679,VANDALISM,01,SOUTHERN,12,Saturday
20680,VANDALISM,01,SOUTHERN,6,Sunday
20681,VANDALISM,01,SOUTHERN,1,Thursday
20682,VANDALISM,01,SOUTHERN,3,Tuesday
20683,VANDALISM,01,SOUTHERN,6,Wednesday
20684,VANDALISM,01,TARAVAL,1,Friday
20685,VANDALISM,01,TARAVAL,2,Monday
20686,VANDALISM,01,TARAVAL,7,Saturday
20687,VANDALISM,01,TARAVAL,3,Sunday
20688,VANDALISM,01,TARAVAL,3,Thursday
20689,VANDALISM,01,TARAVAL,3,Tuesday
20690,VANDALISM,01,TARAVAL,3,Wednesday
20691,VANDALISM,01,TENDERLOIN,2,Friday
20692,VANDALISM,01,TENDERLOIN,1,Monday
20693,VANDALISM,01,TENDERLOIN,1,Saturday
20694,VANDALISM,01,TENDERLOIN,2,Sunday
20695,VANDALISM,01,TENDERLOIN,1,Wednesday
20696,VANDALISM,02,BAYVIEW,4,Friday
20697,VANDALISM,02,BAYVIEW,1,Monday
20698,VANDALISM,02,BAYVIEW,3,Saturday
20699,VANDALISM,02,BAYVIEW,6,Sunday
20700,VANDALISM,02,BAYVIEW,2,Thursday
20701,VANDALISM,02,BAYVIEW,3,Tuesday
20702,VANDALISM,02,BAYVIEW,1,Wednesday
20703,VANDALISM,02,CENTRAL,6,Friday
20704,VANDALISM,02,CENTRAL,8,Monday
20705,VANDALISM,02,CENTRAL,10,Saturday
20706,VANDALISM,02,CENTRAL,5,Sunday
20707,VANDALISM,02,CENTRAL,4,Thursday
20708,VANDALISM,02,CENTRAL,3,Tuesday
20709,VANDALISM,02,CENTRAL,3,Wednesday
20710,VANDALISM,02,INGLESIDE,5,Friday
20711,VANDALISM,02,INGLESIDE,3,Monday
20712,VANDALISM,02,INGLESIDE,1,Saturday
20713,VANDALISM,02,INGLESIDE,4,Sunday
20714,VANDALISM,02,INGLESIDE,6,Thursday
20715,VANDALISM,02,INGLESIDE,3,Wednesday
20716,VANDALISM,02,MISSION,12,Friday
20717,VANDALISM,02,MISSION,2,Monday
20718,VANDALISM,02,MISSION,5,Saturday
20719,VANDALISM,02,MISSION,8,Sunday
20720,VANDALISM,02,MISSION,2,Thursday
20721,VANDALISM,02,MISSION,4,Tuesday
20722,VANDALISM,02,MISSION,8,Wednesday
20723,VANDALISM,02,NORTHERN,4,Friday
20724,VANDALISM,02,NORTHERN,8,Monday
20725,VANDALISM,02,NORTHERN,8,Saturday
20726,VANDALISM,02,NORTHERN,10,Sunday
20727,VANDALISM,02,NORTHERN,4,Thursday
20728,VANDALISM,02,NORTHERN,1,Tuesday
20729,VANDALISM,02,NORTHERN,3,Wednesday
20730,VANDALISM,02,PARK,3,Monday
20731,VANDALISM,02,PARK,2,Sunday
20732,VANDALISM,02,PARK,2,Tuesday
20733,VANDALISM,02,PARK,1,Wednesday
20734,VANDALISM,02,RICHMOND,1,Monday
20735,VANDALISM,02,RICHMOND,5,Saturday
20736,VANDALISM,02,RICHMOND,2,Sunday
20737,VANDALISM,02,RICHMOND,1,Wednesday
20738,VANDALISM,02,SOUTHERN,5,Friday
20739,VANDALISM,02,SOUTHERN,4,Monday
20740,VANDALISM,02,SOUTHERN,10,Saturday
20741,VANDALISM,02,SOUTHERN,10,Sunday
20742,VANDALISM,02,SOUTHERN,2,Thursday
20743,VANDALISM,02,SOUTHERN,3,Tuesday
20744,VANDALISM,02,SOUTHERN,1,Wednesday
20745,VANDALISM,02,TARAVAL,4,Friday
20746,VANDALISM,02,TARAVAL,2,Monday
20747,VANDALISM,02,TARAVAL,3,Sunday
20748,VANDALISM,02,TARAVAL,1,Thursday
20749,VANDALISM,02,TARAVAL,2,Tuesday
20750,VANDALISM,02,TENDERLOIN,2,Friday
20751,VANDALISM,02,TENDERLOIN,2,Monday
20752,VANDALISM,02,TENDERLOIN,6,Saturday
20753,VANDALISM,02,TENDERLOIN,2,Sunday
20754,VANDALISM,02,TENDERLOIN,1,Thursday
20755,VANDALISM,02,TENDERLOIN,4,Tuesday
20756,VANDALISM,03,BAYVIEW,2,Friday
20757,VANDALISM,03,BAYVIEW,3,Monday
20758,VANDALISM,03,BAYVIEW,2,Saturday
20759,VANDALISM,03,BAYVIEW,2,Sunday
20760,VANDALISM,03,BAYVIEW,1,Thursday
20761,VANDALISM,03,BAYVIEW,6,Tuesday
20762,VANDALISM,03,BAYVIEW,3,Wednesday
20763,VANDALISM,03,CENTRAL,4,Friday
20764,VANDALISM,03,CENTRAL,6,Monday
20765,VANDALISM,03,CENTRAL,7,Saturday
20766,VANDALISM,03,CENTRAL,8,Sunday
20767,VANDALISM,03,CENTRAL,3,Thursday
20768,VANDALISM,03,CENTRAL,2,Tuesday
20769,VANDALISM,03,CENTRAL,5,Wednesday
20770,VANDALISM,03,INGLESIDE,1,Friday
20771,VANDALISM,03,INGLESIDE,1,Monday
20772,VANDALISM,03,INGLESIDE,6,Saturday
20773,VANDALISM,03,INGLESIDE,2,Sunday
20774,VANDALISM,03,INGLESIDE,1,Tuesday
20775,VANDALISM,03,INGLESIDE,3,Wednesday
20776,VANDALISM,03,MISSION,2,Friday
20777,VANDALISM,03,MISSION,5,Monday
20778,VANDALISM,03,MISSION,5,Saturday
20779,VANDALISM,03,MISSION,9,Sunday
20780,VANDALISM,03,MISSION,7,Thursday
20781,VANDALISM,03,MISSION,8,Tuesday
20782,VANDALISM,03,MISSION,3,Wednesday
20783,VANDALISM,03,NORTHERN,2,Monday
20784,VANDALISM,03,NORTHERN,6,Saturday
20785,VANDALISM,03,NORTHERN,4,Sunday
20786,VANDALISM,03,NORTHERN,4,Thursday
20787,VANDALISM,03,NORTHERN,6,Tuesday
20788,VANDALISM,03,NORTHERN,5,Wednesday
20789,VANDALISM,03,PARK,2,Friday
20790,VANDALISM,03,PARK,1,Monday
20791,VANDALISM,03,PARK,2,Saturday
20792,VANDALISM,03,PARK,1,Thursday
20793,VANDALISM,03,PARK,1,Tuesday
20794,VANDALISM,03,PARK,1,Wednesday
20795,VANDALISM,03,RICHMOND,1,Friday
20796,VANDALISM,03,RICHMOND,1,Monday
20797,VANDALISM,03,RICHMOND,1,Sunday
20798,VANDALISM,03,RICHMOND,2,Thursday
20799,VANDALISM,03,RICHMOND,1,Tuesday
20800,VANDALISM,03,RICHMOND,1,Wednesday
20801,VANDALISM,03,SOUTHERN,1,Friday
20802,VANDALISM,03,SOUTHERN,10,Monday
20803,VANDALISM,03,SOUTHERN,5,Saturday
20804,VANDALISM,03,SOUTHERN,8,Sunday
20805,VANDALISM,03,SOUTHERN,5,Thursday
20806,VANDALISM,03,SOUTHERN,4,Tuesday
20807,VANDALISM,03,SOUTHERN,4,Wednesday
20808,VANDALISM,03,TARAVAL,4,Friday
20809,VANDALISM,03,TARAVAL,9,Saturday
20810,VANDALISM,03,TARAVAL,2,Sunday
20811,VANDALISM,03,TARAVAL,1,Tuesday
20812,VANDALISM,03,TARAVAL,1,Wednesday
20813,VANDALISM,03,TENDERLOIN,1,Friday
20814,VANDALISM,03,TENDERLOIN,3,Monday
20815,VANDALISM,03,TENDERLOIN,2,Saturday
20816,VANDALISM,03,TENDERLOIN,4,Sunday
20817,VANDALISM,03,TENDERLOIN,3,Thursday
20818,VANDALISM,03,TENDERLOIN,2,Tuesday
20819,VANDALISM,03,TENDERLOIN,3,Wednesday
20820,VANDALISM,04,BAYVIEW,2,Friday
20821,VANDALISM,04,BAYVIEW,2,Monday
20822,VANDALISM,04,BAYVIEW,2,Saturday
20823,VANDALISM,04,BAYVIEW,4,Sunday
20824,VANDALISM,04,BAYVIEW,2,Thursday
20825,VANDALISM,04,BAYVIEW,4,Tuesday
20826,VANDALISM,04,BAYVIEW,3,Wednesday
20827,VANDALISM,04,CENTRAL,3,Friday
20828,VANDALISM,04,CENTRAL,2,Monday
20829,VANDALISM,04,CENTRAL,4,Saturday
20830,VANDALISM,04,CENTRAL,1,Sunday
20831,VANDALISM,04,CENTRAL,2,Thursday
20832,VANDALISM,04,CENTRAL,2,Tuesday
20833,VANDALISM,04,CENTRAL,3,Wednesday
20834,VANDALISM,04,INGLESIDE,3,Friday
20835,VANDALISM,04,INGLESIDE,3,Monday
20836,VANDALISM,04,INGLESIDE,2,Saturday
20837,VANDALISM,04,INGLESIDE,1,Sunday
20838,VANDALISM,04,INGLESIDE,4,Tuesday
20839,VANDALISM,04,INGLESIDE,1,Wednesday
20840,VANDALISM,04,MISSION,1,Friday
20841,VANDALISM,04,MISSION,2,Monday
20842,VANDALISM,04,MISSION,7,Saturday
20843,VANDALISM,04,MISSION,2,Sunday
20844,VANDALISM,04,MISSION,5,Thursday
20845,VANDALISM,04,MISSION,7,Tuesday
20846,VANDALISM,04,MISSION,4,Wednesday
20847,VANDALISM,04,NORTHERN,2,Friday
20848,VANDALISM,04,NORTHERN,3,Monday
20849,VANDALISM,04,NORTHERN,2,Saturday
20850,VANDALISM,04,NORTHERN,1,Sunday
20851,VANDALISM,04,NORTHERN,7,Thursday
20852,VANDALISM,04,NORTHERN,2,Tuesday
20853,VANDALISM,04,PARK,2,Monday
20854,VANDALISM,04,PARK,3,Sunday
20855,VANDALISM,04,PARK,1,Wednesday
20856,VANDALISM,04,RICHMOND,1,Monday
20857,VANDALISM,04,RICHMOND,2,Saturday
20858,VANDALISM,04,RICHMOND,5,Sunday
20859,VANDALISM,04,RICHMOND,1,Thursday
20860,VANDALISM,04,RICHMOND,1,Wednesday
20861,VANDALISM,04,SOUTHERN,1,Friday
20862,VANDALISM,04,SOUTHERN,3,Monday
20863,VANDALISM,04,SOUTHERN,5,Saturday
20864,VANDALISM,04,SOUTHERN,6,Sunday
20865,VANDALISM,04,SOUTHERN,10,Thursday
20866,VANDALISM,04,SOUTHERN,4,Tuesday
20867,VANDALISM,04,SOUTHERN,7,Wednesday
20868,VANDALISM,04,TARAVAL,1,Saturday
20869,VANDALISM,04,TARAVAL,3,Sunday
20870,VANDALISM,04,TARAVAL,3,Thursday
20871,VANDALISM,04,TARAVAL,2,Tuesday
20872,VANDALISM,04,TARAVAL,2,Wednesday
20873,VANDALISM,04,TENDERLOIN,3,Monday
20874,VANDALISM,04,TENDERLOIN,2,Saturday
20875,VANDALISM,04,TENDERLOIN,3,Thursday
20876,VANDALISM,04,TENDERLOIN,1,Tuesday
20877,VANDALISM,04,TENDERLOIN,3,Wednesday
20878,VANDALISM,05,BAYVIEW,3,Friday
20879,VANDALISM,05,BAYVIEW,4,Monday
20880,VANDALISM,05,BAYVIEW,7,Saturday
20881,VANDALISM,05,BAYVIEW,1,Sunday
20882,VANDALISM,05,BAYVIEW,1,Thursday
20883,VANDALISM,05,BAYVIEW,3,Tuesday
20884,VANDALISM,05,BAYVIEW,2,Wednesday
20885,VANDALISM,05,CENTRAL,3,Friday
20886,VANDALISM,05,CENTRAL,4,Monday
20887,VANDALISM,05,CENTRAL,4,Saturday
20888,VANDALISM,05,CENTRAL,5,Sunday
20889,VANDALISM,05,CENTRAL,1,Thursday
20890,VANDALISM,05,CENTRAL,3,Wednesday
20891,VANDALISM,05,INGLESIDE,2,Monday
20892,VANDALISM,05,INGLESIDE,3,Saturday
20893,VANDALISM,05,INGLESIDE,2,Sunday
20894,VANDALISM,05,INGLESIDE,1,Thursday
20895,VANDALISM,05,INGLESIDE,1,Tuesday
20896,VANDALISM,05,INGLESIDE,1,Wednesday
20897,VANDALISM,05,MISSION,3,Friday
20898,VANDALISM,05,MISSION,3,Monday
20899,VANDALISM,05,MISSION,2,Saturday
20900,VANDALISM,05,MISSION,6,Sunday
20901,VANDALISM,05,MISSION,1,Thursday
20902,VANDALISM,05,MISSION,1,Tuesday
20903,VANDALISM,05,MISSION,2,Wednesday
20904,VANDALISM,05,NORTHERN,5,Friday
20905,VANDALISM,05,NORTHERN,1,Monday
20906,VANDALISM,05,NORTHERN,4,Saturday
20907,VANDALISM,05,NORTHERN,2,Sunday
20908,VANDALISM,05,NORTHERN,3,Thursday
20909,VANDALISM,05,NORTHERN,4,Tuesday
20910,VANDALISM,05,NORTHERN,2,Wednesday
20911,VANDALISM,05,PARK,2,Friday
20912,VANDALISM,05,PARK,1,Monday
20913,VANDALISM,05,PARK,2,Sunday
20914,VANDALISM,05,PARK,2,Thursday
20915,VANDALISM,05,PARK,2,Wednesday
20916,VANDALISM,05,RICHMOND,5,Friday
20917,VANDALISM,05,RICHMOND,1,Saturday
20918,VANDALISM,05,RICHMOND,2,Thursday
20919,VANDALISM,05,RICHMOND,1,Tuesday
20920,VANDALISM,05,RICHMOND,2,Wednesday
20921,VANDALISM,05,SOUTHERN,2,Friday
20922,VANDALISM,05,SOUTHERN,4,Monday
20923,VANDALISM,05,SOUTHERN,3,Saturday
20924,VANDALISM,05,SOUTHERN,5,Sunday
20925,VANDALISM,05,SOUTHERN,1,Thursday
20926,VANDALISM,05,SOUTHERN,3,Tuesday
20927,VANDALISM,05,SOUTHERN,3,Wednesday
20928,VANDALISM,05,TARAVAL,1,Monday
20929,VANDALISM,05,TARAVAL,1,Saturday
20930,VANDALISM,05,TARAVAL,1,Sunday
20931,VANDALISM,05,TARAVAL,1,Tuesday
20932,VANDALISM,05,TARAVAL,1,Wednesday
20933,VANDALISM,05,TENDERLOIN,2,Friday
20934,VANDALISM,05,TENDERLOIN,3,Tuesday
20935,VANDALISM,06,BAYVIEW,3,Friday
20936,VANDALISM,06,BAYVIEW,11,Monday
20937,VANDALISM,06,BAYVIEW,2,Saturday
20938,VANDALISM,06,BAYVIEW,2,Sunday
20939,VANDALISM,06,BAYVIEW,5,Thursday
20940,VANDALISM,06,BAYVIEW,3,Tuesday
20941,VANDALISM,06,BAYVIEW,6,Wednesday
20942,VANDALISM,06,CENTRAL,2,Friday
20943,VANDALISM,06,CENTRAL,1,Monday
20944,VANDALISM,06,CENTRAL,5,Saturday
20945,VANDALISM,06,CENTRAL,2,Sunday
20946,VANDALISM,06,CENTRAL,1,Thursday
20947,VANDALISM,06,CENTRAL,2,Tuesday
20948,VANDALISM,06,CENTRAL,2,Wednesday
20949,VANDALISM,06,INGLESIDE,2,Monday
20950,VANDALISM,06,INGLESIDE,1,Saturday
20951,VANDALISM,06,INGLESIDE,2,Tuesday
20952,VANDALISM,06,INGLESIDE,1,Wednesday
20953,VANDALISM,06,MISSION,2,Friday
20954,VANDALISM,06,MISSION,1,Monday
20955,VANDALISM,06,MISSION,5,Saturday
20956,VANDALISM,06,MISSION,3,Sunday
20957,VANDALISM,06,MISSION,5,Thursday
20958,VANDALISM,06,MISSION,4,Tuesday
20959,VANDALISM,06,MISSION,1,Wednesday
20960,VANDALISM,06,NORTHERN,3,Friday
20961,VANDALISM,06,NORTHERN,4,Monday
20962,VANDALISM,06,NORTHERN,2,Saturday
20963,VANDALISM,06,NORTHERN,2,Sunday
20964,VANDALISM,06,NORTHERN,1,Tuesday
20965,VANDALISM,06,NORTHERN,2,Wednesday
20966,VANDALISM,06,PARK,3,Friday
20967,VANDALISM,06,PARK,4,Monday
20968,VANDALISM,06,PARK,2,Sunday
20969,VANDALISM,06,PARK,2,Thursday
20970,VANDALISM,06,PARK,2,Wednesday
20971,VANDALISM,06,RICHMOND,1,Friday
20972,VANDALISM,06,RICHMOND,2,Saturday
20973,VANDALISM,06,RICHMOND,3,Sunday
20974,VANDALISM,06,RICHMOND,2,Thursday
20975,VANDALISM,06,RICHMOND,1,Tuesday
20976,VANDALISM,06,RICHMOND,3,Wednesday
20977,VANDALISM,06,SOUTHERN,11,Friday
20978,VANDALISM,06,SOUTHERN,8,Monday
20979,VANDALISM,06,SOUTHERN,8,Saturday
20980,VANDALISM,06,SOUTHERN,3,Sunday
20981,VANDALISM,06,SOUTHERN,3,Thursday
20982,VANDALISM,06,SOUTHERN,4,Tuesday
20983,VANDALISM,06,SOUTHERN,4,Wednesday
20984,VANDALISM,06,TARAVAL,2,Friday
20985,VANDALISM,06,TARAVAL,2,Saturday
20986,VANDALISM,06,TARAVAL,2,Thursday
20987,VANDALISM,06,TARAVAL,3,Tuesday
20988,VANDALISM,06,TENDERLOIN,2,Friday
20989,VANDALISM,06,TENDERLOIN,1,Monday
20990,VANDALISM,06,TENDERLOIN,1,Saturday
20991,VANDALISM,06,TENDERLOIN,1,Sunday
20992,VANDALISM,06,TENDERLOIN,1,Thursday
20993,VANDALISM,06,TENDERLOIN,4,Wednesday
20994,VANDALISM,07,BAYVIEW,3,Friday
20995,VANDALISM,07,BAYVIEW,10,Monday
20996,VANDALISM,07,BAYVIEW,4,Saturday
20997,VANDALISM,07,BAYVIEW,2,Sunday
20998,VANDALISM,07,BAYVIEW,7,Thursday
20999,VANDALISM,07,BAYVIEW,3,Tuesday
21000,VANDALISM,07,BAYVIEW,4,Wednesday
21001,VANDALISM,07,CENTRAL,5,Friday
21002,VANDALISM,07,CENTRAL,4,Monday
21003,VANDALISM,07,CENTRAL,3,Saturday
21004,VANDALISM,07,CENTRAL,1,Sunday
21005,VANDALISM,07,CENTRAL,1,Thursday
21006,VANDALISM,07,CENTRAL,2,Tuesday
21007,VANDALISM,07,CENTRAL,3,Wednesday
21008,VANDALISM,07,INGLESIDE,5,Friday
21009,VANDALISM,07,INGLESIDE,4,Monday
21010,VANDALISM,07,INGLESIDE,4,Sunday
21011,VANDALISM,07,INGLESIDE,1,Thursday
21012,VANDALISM,07,INGLESIDE,4,Tuesday
21013,VANDALISM,07,INGLESIDE,2,Wednesday
21014,VANDALISM,07,MISSION,4,Friday
21015,VANDALISM,07,MISSION,6,Monday
21016,VANDALISM,07,MISSION,2,Saturday
21017,VANDALISM,07,MISSION,6,Sunday
21018,VANDALISM,07,MISSION,1,Thursday
21019,VANDALISM,07,MISSION,4,Tuesday
21020,VANDALISM,07,MISSION,6,Wednesday
21021,VANDALISM,07,NORTHERN,3,Friday
21022,VANDALISM,07,NORTHERN,3,Monday
21023,VANDALISM,07,NORTHERN,5,Saturday
21024,VANDALISM,07,NORTHERN,2,Thursday
21025,VANDALISM,07,NORTHERN,2,Tuesday
21026,VANDALISM,07,NORTHERN,2,Wednesday
21027,VANDALISM,07,PARK,1,Friday
21028,VANDALISM,07,PARK,3,Monday
21029,VANDALISM,07,PARK,1,Saturday
21030,VANDALISM,07,PARK,1,Sunday
21031,VANDALISM,07,PARK,3,Wednesday
21032,VANDALISM,07,RICHMOND,1,Friday
21033,VANDALISM,07,RICHMOND,3,Saturday
21034,VANDALISM,07,RICHMOND,1,Tuesday
21035,VANDALISM,07,SOUTHERN,4,Friday
21036,VANDALISM,07,SOUTHERN,5,Monday
21037,VANDALISM,07,SOUTHERN,6,Saturday
21038,VANDALISM,07,SOUTHERN,3,Sunday
21039,VANDALISM,07,SOUTHERN,2,Thursday
21040,VANDALISM,07,SOUTHERN,4,Tuesday
21041,VANDALISM,07,SOUTHERN,14,Wednesday
21042,VANDALISM,07,TARAVAL,3,Friday
21043,VANDALISM,07,TARAVAL,1,Monday
21044,VANDALISM,07,TARAVAL,3,Saturday
21045,VANDALISM,07,TARAVAL,3,Thursday
21046,VANDALISM,07,TARAVAL,6,Tuesday
21047,VANDALISM,07,TARAVAL,3,Wednesday
21048,VANDALISM,07,TENDERLOIN,3,Friday
21049,VANDALISM,07,TENDERLOIN,2,Monday
21050,VANDALISM,07,TENDERLOIN,3,Saturday
21051,VANDALISM,07,TENDERLOIN,3,Sunday
21052,VANDALISM,07,TENDERLOIN,1,Thursday
21053,VANDALISM,07,TENDERLOIN,1,Wednesday
21054,VANDALISM,08,BAYVIEW,6,Friday
21055,VANDALISM,08,BAYVIEW,7,Monday
21056,VANDALISM,08,BAYVIEW,4,Saturday
21057,VANDALISM,08,BAYVIEW,4,Sunday
21058,VANDALISM,08,BAYVIEW,7,Thursday
21059,VANDALISM,08,BAYVIEW,6,Tuesday
21060,VANDALISM,08,BAYVIEW,5,Wednesday
21061,VANDALISM,08,CENTRAL,8,Friday
21062,VANDALISM,08,CENTRAL,3,Monday
21063,VANDALISM,08,CENTRAL,2,Saturday
21064,VANDALISM,08,CENTRAL,5,Sunday
21065,VANDALISM,08,CENTRAL,4,Thursday
21066,VANDALISM,08,CENTRAL,3,Tuesday
21067,VANDALISM,08,CENTRAL,4,Wednesday
21068,VANDALISM,08,INGLESIDE,8,Friday
21069,VANDALISM,08,INGLESIDE,9,Monday
21070,VANDALISM,08,INGLESIDE,2,Saturday
21071,VANDALISM,08,INGLESIDE,1,Sunday
21072,VANDALISM,08,INGLESIDE,3,Thursday
21073,VANDALISM,08,INGLESIDE,4,Tuesday
21074,VANDALISM,08,INGLESIDE,3,Wednesday
21075,VANDALISM,08,MISSION,7,Friday
21076,VANDALISM,08,MISSION,6,Monday
21077,VANDALISM,08,MISSION,4,Saturday
21078,VANDALISM,08,MISSION,5,Sunday
21079,VANDALISM,08,MISSION,5,Thursday
21080,VANDALISM,08,MISSION,8,Tuesday
21081,VANDALISM,08,MISSION,7,Wednesday
21082,VANDALISM,08,NORTHERN,4,Friday
21083,VANDALISM,08,NORTHERN,9,Monday
21084,VANDALISM,08,NORTHERN,2,Saturday
21085,VANDALISM,08,NORTHERN,6,Sunday
21086,VANDALISM,08,NORTHERN,5,Thursday
21087,VANDALISM,08,NORTHERN,3,Tuesday
21088,VANDALISM,08,NORTHERN,5,Wednesday
21089,VANDALISM,08,PARK,2,Friday
21090,VANDALISM,08,PARK,4,Monday
21091,VANDALISM,08,PARK,2,Saturday
21092,VANDALISM,08,PARK,2,Sunday
21093,VANDALISM,08,PARK,2,Thursday
21094,VANDALISM,08,PARK,4,Tuesday
21095,VANDALISM,08,RICHMOND,2,Friday
21096,VANDALISM,08,RICHMOND,3,Monday
21097,VANDALISM,08,RICHMOND,7,Thursday
21098,VANDALISM,08,RICHMOND,1,Wednesday
21099,VANDALISM,08,SOUTHERN,5,Friday
21100,VANDALISM,08,SOUTHERN,2,Monday
21101,VANDALISM,08,SOUTHERN,3,Saturday
21102,VANDALISM,08,SOUTHERN,5,Sunday
21103,VANDALISM,08,SOUTHERN,5,Thursday
21104,VANDALISM,08,SOUTHERN,13,Tuesday
21105,VANDALISM,08,SOUTHERN,6,Wednesday
21106,VANDALISM,08,TARAVAL,3,Friday
21107,VANDALISM,08,TARAVAL,5,Monday
21108,VANDALISM,08,TARAVAL,4,Saturday
21109,VANDALISM,08,TARAVAL,2,Sunday
21110,VANDALISM,08,TARAVAL,2,Thursday
21111,VANDALISM,08,TARAVAL,4,Tuesday
21112,VANDALISM,08,TARAVAL,5,Wednesday
21113,VANDALISM,08,TENDERLOIN,2,Friday
21114,VANDALISM,08,TENDERLOIN,3,Monday
21115,VANDALISM,08,TENDERLOIN,2,Saturday
21116,VANDALISM,08,TENDERLOIN,1,Sunday
21117,VANDALISM,08,TENDERLOIN,7,Tuesday
21118,VANDALISM,08,TENDERLOIN,1,Wednesday
21119,VANDALISM,09,BAYVIEW,3,Friday
21120,VANDALISM,09,BAYVIEW,7,Monday
21121,VANDALISM,09,BAYVIEW,5,Saturday
21122,VANDALISM,09,BAYVIEW,3,Sunday
21123,VANDALISM,09,BAYVIEW,4,Thursday
21124,VANDALISM,09,BAYVIEW,5,Tuesday
21125,VANDALISM,09,BAYVIEW,5,Wednesday
21126,VANDALISM,09,CENTRAL,5,Friday
21127,VANDALISM,09,CENTRAL,4,Monday
21128,VANDALISM,09,CENTRAL,2,Saturday
21129,VANDALISM,09,CENTRAL,5,Sunday
21130,VANDALISM,09,CENTRAL,7,Thursday
21131,VANDALISM,09,CENTRAL,3,Tuesday
21132,VANDALISM,09,INGLESIDE,1,Friday
21133,VANDALISM,09,INGLESIDE,5,Monday
21134,VANDALISM,09,INGLESIDE,1,Saturday
21135,VANDALISM,09,INGLESIDE,2,Sunday
21136,VANDALISM,09,INGLESIDE,3,Thursday
21137,VANDALISM,09,INGLESIDE,4,Tuesday
21138,VANDALISM,09,INGLESIDE,4,Wednesday
21139,VANDALISM,09,MISSION,7,Friday
21140,VANDALISM,09,MISSION,4,Monday
21141,VANDALISM,09,MISSION,2,Saturday
21142,VANDALISM,09,MISSION,7,Sunday
21143,VANDALISM,09,MISSION,6,Thursday
21144,VANDALISM,09,MISSION,2,Tuesday
21145,VANDALISM,09,MISSION,5,Wednesday
21146,VANDALISM,09,NORTHERN,2,Friday
21147,VANDALISM,09,NORTHERN,5,Monday
21148,VANDALISM,09,NORTHERN,2,Saturday
21149,VANDALISM,09,NORTHERN,2,Sunday
21150,VANDALISM,09,NORTHERN,3,Thursday
21151,VANDALISM,09,NORTHERN,8,Tuesday
21152,VANDALISM,09,NORTHERN,8,Wednesday
21153,VANDALISM,09,PARK,4,Friday
21154,VANDALISM,09,PARK,2,Monday
21155,VANDALISM,09,PARK,3,Saturday
21156,VANDALISM,09,PARK,4,Sunday
21157,VANDALISM,09,PARK,1,Thursday
21158,VANDALISM,09,PARK,1,Wednesday
21159,VANDALISM,09,RICHMOND,4,Friday
21160,VANDALISM,09,RICHMOND,3,Monday
21161,VANDALISM,09,RICHMOND,1,Saturday
21162,VANDALISM,09,RICHMOND,3,Sunday
21163,VANDALISM,09,RICHMOND,4,Thursday
21164,VANDALISM,09,RICHMOND,1,Tuesday
21165,VANDALISM,09,RICHMOND,3,Wednesday
21166,VANDALISM,09,SOUTHERN,10,Friday
21167,VANDALISM,09,SOUTHERN,12,Monday
21168,VANDALISM,09,SOUTHERN,9,Saturday
21169,VANDALISM,09,SOUTHERN,5,Sunday
21170,VANDALISM,09,SOUTHERN,13,Thursday
21171,VANDALISM,09,SOUTHERN,5,Tuesday
21172,VANDALISM,09,SOUTHERN,7,Wednesday
21173,VANDALISM,09,TARAVAL,1,Friday
21174,VANDALISM,09,TARAVAL,2,Monday
21175,VANDALISM,09,TARAVAL,1,Saturday
21176,VANDALISM,09,TARAVAL,3,Sunday
21177,VANDALISM,09,TARAVAL,2,Thursday
21178,VANDALISM,09,TARAVAL,4,Tuesday
21179,VANDALISM,09,TARAVAL,1,Wednesday
21180,VANDALISM,09,TENDERLOIN,2,Friday
21181,VANDALISM,09,TENDERLOIN,3,Monday
21182,VANDALISM,09,TENDERLOIN,1,Saturday
21183,VANDALISM,09,TENDERLOIN,1,Sunday
21184,VANDALISM,09,TENDERLOIN,3,Thursday
21185,VANDALISM,09,TENDERLOIN,1,Tuesday
21186,VANDALISM,09,TENDERLOIN,2,Wednesday
21187,VANDALISM,10,BAYVIEW,5,Friday
21188,VANDALISM,10,BAYVIEW,3,Monday
21189,VANDALISM,10,BAYVIEW,3,Saturday
21190,VANDALISM,10,BAYVIEW,3,Sunday
21191,VANDALISM,10,BAYVIEW,6,Thursday
21192,VANDALISM,10,BAYVIEW,3,Tuesday
21193,VANDALISM,10,BAYVIEW,2,Wednesday
21194,VANDALISM,10,CENTRAL,3,Friday
21195,VANDALISM,10,CENTRAL,3,Monday
21196,VANDALISM,10,CENTRAL,6,Saturday
21197,VANDALISM,10,CENTRAL,4,Sunday
21198,VANDALISM,10,CENTRAL,3,Thursday
21199,VANDALISM,10,CENTRAL,8,Tuesday
21200,VANDALISM,10,CENTRAL,4,Wednesday
21201,VANDALISM,10,INGLESIDE,2,Friday
21202,VANDALISM,10,INGLESIDE,6,Monday
21203,VANDALISM,10,INGLESIDE,2,Saturday
21204,VANDALISM,10,INGLESIDE,2,Sunday
21205,VANDALISM,10,INGLESIDE,1,Thursday
21206,VANDALISM,10,INGLESIDE,2,Tuesday
21207,VANDALISM,10,INGLESIDE,5,Wednesday
21208,VANDALISM,10,MISSION,3,Friday
21209,VANDALISM,10,MISSION,6,Monday
21210,VANDALISM,10,MISSION,4,Saturday
21211,VANDALISM,10,MISSION,10,Sunday
21212,VANDALISM,10,MISSION,6,Thursday
21213,VANDALISM,10,MISSION,1,Tuesday
21214,VANDALISM,10,MISSION,7,Wednesday
21215,VANDALISM,10,NORTHERN,5,Friday
21216,VANDALISM,10,NORTHERN,2,Monday
21217,VANDALISM,10,NORTHERN,5,Saturday
21218,VANDALISM,10,NORTHERN,3,Sunday
21219,VANDALISM,10,NORTHERN,7,Thursday
21220,VANDALISM,10,NORTHERN,10,Tuesday
21221,VANDALISM,10,NORTHERN,7,Wednesday
21222,VANDALISM,10,PARK,1,Friday
21223,VANDALISM,10,PARK,1,Monday
21224,VANDALISM,10,PARK,1,Saturday
21225,VANDALISM,10,PARK,3,Sunday
21226,VANDALISM,10,PARK,4,Thursday
21227,VANDALISM,10,PARK,3,Tuesday
21228,VANDALISM,10,RICHMOND,3,Friday
21229,VANDALISM,10,RICHMOND,4,Monday
21230,VANDALISM,10,RICHMOND,3,Saturday
21231,VANDALISM,10,RICHMOND,1,Sunday
21232,VANDALISM,10,RICHMOND,9,Thursday
21233,VANDALISM,10,RICHMOND,2,Tuesday
21234,VANDALISM,10,RICHMOND,1,Wednesday
21235,VANDALISM,10,SOUTHERN,10,Friday
21236,VANDALISM,10,SOUTHERN,13,Monday
21237,VANDALISM,10,SOUTHERN,4,Saturday
21238,VANDALISM,10,SOUTHERN,5,Sunday
21239,VANDALISM,10,SOUTHERN,6,Thursday
21240,VANDALISM,10,SOUTHERN,9,Tuesday
21241,VANDALISM,10,SOUTHERN,11,Wednesday
21242,VANDALISM,10,TARAVAL,1,Friday
21243,VANDALISM,10,TARAVAL,6,Monday
21244,VANDALISM,10,TARAVAL,1,Saturday
21245,VANDALISM,10,TARAVAL,7,Sunday
21246,VANDALISM,10,TARAVAL,2,Thursday
21247,VANDALISM,10,TARAVAL,4,Tuesday
21248,VANDALISM,10,TARAVAL,2,Wednesday
21249,VANDALISM,10,TENDERLOIN,1,Friday
21250,VANDALISM,10,TENDERLOIN,3,Saturday
21251,VANDALISM,10,TENDERLOIN,1,Sunday
21252,VANDALISM,10,TENDERLOIN,1,Thursday
21253,VANDALISM,10,TENDERLOIN,3,Tuesday
21254,VANDALISM,10,TENDERLOIN,7,Wednesday
21255,VANDALISM,11,BAYVIEW,3,Friday
21256,VANDALISM,11,BAYVIEW,6,Monday
21257,VANDALISM,11,BAYVIEW,8,Saturday
21258,VANDALISM,11,BAYVIEW,2,Sunday
21259,VANDALISM,11,BAYVIEW,2,Thursday
21260,VANDALISM,11,BAYVIEW,7,Tuesday
21261,VANDALISM,11,BAYVIEW,2,Wednesday
21262,VANDALISM,11,CENTRAL,7,Friday
21263,VANDALISM,11,CENTRAL,4,Monday
21264,VANDALISM,11,CENTRAL,4,Saturday
21265,VANDALISM,11,CENTRAL,5,Sunday
21266,VANDALISM,11,CENTRAL,4,Thursday
21267,VANDALISM,11,CENTRAL,5,Tuesday
21268,VANDALISM,11,CENTRAL,4,Wednesday
21269,VANDALISM,11,INGLESIDE,4,Friday
21270,VANDALISM,11,INGLESIDE,5,Monday
21271,VANDALISM,11,INGLESIDE,8,Saturday
21272,VANDALISM,11,INGLESIDE,3,Sunday
21273,VANDALISM,11,INGLESIDE,2,Thursday
21274,VANDALISM,11,INGLESIDE,3,Tuesday
21275,VANDALISM,11,INGLESIDE,2,Wednesday
21276,VANDALISM,11,MISSION,8,Friday
21277,VANDALISM,11,MISSION,3,Monday
21278,VANDALISM,11,MISSION,6,Saturday
21279,VANDALISM,11,MISSION,6,Sunday
21280,VANDALISM,11,MISSION,2,Thursday
21281,VANDALISM,11,MISSION,2,Tuesday
21282,VANDALISM,11,MISSION,3,Wednesday
21283,VANDALISM,11,NORTHERN,5,Friday
21284,VANDALISM,11,NORTHERN,4,Monday
21285,VANDALISM,11,NORTHERN,5,Saturday
21286,VANDALISM,11,NORTHERN,10,Sunday
21287,VANDALISM,11,NORTHERN,3,Thursday
21288,VANDALISM,11,NORTHERN,5,Tuesday
21289,VANDALISM,11,NORTHERN,3,Wednesday
21290,VANDALISM,11,PARK,3,Friday
21291,VANDALISM,11,PARK,2,Monday
21292,VANDALISM,11,PARK,1,Saturday
21293,VANDALISM,11,PARK,5,Sunday
21294,VANDALISM,11,PARK,1,Thursday
21295,VANDALISM,11,PARK,2,Tuesday
21296,VANDALISM,11,PARK,5,Wednesday
21297,VANDALISM,11,RICHMOND,2,Friday
21298,VANDALISM,11,RICHMOND,3,Saturday
21299,VANDALISM,11,RICHMOND,3,Sunday
21300,VANDALISM,11,RICHMOND,1,Thursday
21301,VANDALISM,11,SOUTHERN,11,Friday
21302,VANDALISM,11,SOUTHERN,5,Monday
21303,VANDALISM,11,SOUTHERN,8,Saturday
21304,VANDALISM,11,SOUTHERN,11,Sunday
21305,VANDALISM,11,SOUTHERN,9,Thursday
21306,VANDALISM,11,SOUTHERN,5,Tuesday
21307,VANDALISM,11,SOUTHERN,8,Wednesday
21308,VANDALISM,11,TARAVAL,4,Friday
21309,VANDALISM,11,TARAVAL,5,Monday
21310,VANDALISM,11,TARAVAL,6,Saturday
21311,VANDALISM,11,TARAVAL,3,Sunday
21312,VANDALISM,11,TARAVAL,4,Thursday
21313,VANDALISM,11,TARAVAL,2,Wednesday
21314,VANDALISM,11,TENDERLOIN,3,Friday
21315,VANDALISM,11,TENDERLOIN,2,Monday
21316,VANDALISM,11,TENDERLOIN,3,Saturday
21317,VANDALISM,11,TENDERLOIN,3,Sunday
21318,VANDALISM,11,TENDERLOIN,1,Thursday
21319,VANDALISM,11,TENDERLOIN,1,Tuesday
21320,VANDALISM,12,BAYVIEW,5,Friday
21321,VANDALISM,12,BAYVIEW,5,Monday
21322,VANDALISM,12,BAYVIEW,9,Saturday
21323,VANDALISM,12,BAYVIEW,5,Sunday
21324,VANDALISM,12,BAYVIEW,6,Thursday
21325,VANDALISM,12,BAYVIEW,6,Tuesday
21326,VANDALISM,12,BAYVIEW,4,Wednesday
21327,VANDALISM,12,CENTRAL,9,Friday
21328,VANDALISM,12,CENTRAL,5,Monday
21329,VANDALISM,12,CENTRAL,7,Saturday
21330,VANDALISM,12,CENTRAL,12,Sunday
21331,VANDALISM,12,CENTRAL,8,Thursday
21332,VANDALISM,12,CENTRAL,1,Tuesday
21333,VANDALISM,12,CENTRAL,8,Wednesday
21334,VANDALISM,12,INGLESIDE,2,Friday
21335,VANDALISM,12,INGLESIDE,2,Monday
21336,VANDALISM,12,INGLESIDE,5,Saturday
21337,VANDALISM,12,INGLESIDE,6,Sunday
21338,VANDALISM,12,INGLESIDE,5,Thursday
21339,VANDALISM,12,INGLESIDE,5,Tuesday
21340,VANDALISM,12,INGLESIDE,3,Wednesday
21341,VANDALISM,12,MISSION,7,Friday
21342,VANDALISM,12,MISSION,6,Monday
21343,VANDALISM,12,MISSION,3,Saturday
21344,VANDALISM,12,MISSION,8,Sunday
21345,VANDALISM,12,MISSION,2,Thursday
21346,VANDALISM,12,MISSION,6,Tuesday
21347,VANDALISM,12,MISSION,5,Wednesday
21348,VANDALISM,12,NORTHERN,8,Friday
21349,VANDALISM,12,NORTHERN,6,Monday
21350,VANDALISM,12,NORTHERN,6,Saturday
21351,VANDALISM,12,NORTHERN,6,Sunday
21352,VANDALISM,12,NORTHERN,4,Thursday
21353,VANDALISM,12,NORTHERN,3,Tuesday
21354,VANDALISM,12,NORTHERN,4,Wednesday
21355,VANDALISM,12,PARK,7,Friday
21356,VANDALISM,12,PARK,1,Monday
21357,VANDALISM,12,PARK,4,Saturday
21358,VANDALISM,12,PARK,5,Sunday
21359,VANDALISM,12,PARK,1,Thursday
21360,VANDALISM,12,PARK,3,Wednesday
21361,VANDALISM,12,RICHMOND,3,Friday
21362,VANDALISM,12,RICHMOND,3,Saturday
21363,VANDALISM,12,RICHMOND,4,Sunday
21364,VANDALISM,12,RICHMOND,3,Thursday
21365,VANDALISM,12,RICHMOND,3,Tuesday
21366,VANDALISM,12,RICHMOND,4,Wednesday
21367,VANDALISM,12,SOUTHERN,8,Friday
21368,VANDALISM,12,SOUTHERN,7,Monday
21369,VANDALISM,12,SOUTHERN,9,Saturday
21370,VANDALISM,12,SOUTHERN,12,Sunday
21371,VANDALISM,12,SOUTHERN,7,Thursday
21372,VANDALISM,12,SOUTHERN,7,Tuesday
21373,VANDALISM,12,SOUTHERN,4,Wednesday
21374,VANDALISM,12,TARAVAL,2,Friday
21375,VANDALISM,12,TARAVAL,4,Monday
21376,VANDALISM,12,TARAVAL,6,Saturday
21377,VANDALISM,12,TARAVAL,7,Sunday
21378,VANDALISM,12,TARAVAL,8,Thursday
21379,VANDALISM,12,TARAVAL,5,Tuesday
21380,VANDALISM,12,TARAVAL,7,Wednesday
21381,VANDALISM,12,TENDERLOIN,1,Friday
21382,VANDALISM,12,TENDERLOIN,1,Monday
21383,VANDALISM,12,TENDERLOIN,1,Saturday
21384,VANDALISM,12,TENDERLOIN,2,Sunday
21385,VANDALISM,12,TENDERLOIN,1,Thursday
21386,VANDALISM,12,TENDERLOIN,4,Tuesday
21387,VANDALISM,12,TENDERLOIN,2,Wednesday
21388,VANDALISM,13,BAYVIEW,6,Friday
21389,VANDALISM,13,BAYVIEW,8,Monday
21390,VANDALISM,13,BAYVIEW,2,Saturday
21391,VANDALISM,13,BAYVIEW,7,Sunday
21392,VANDALISM,13,BAYVIEW,7,Thursday
21393,VANDALISM,13,BAYVIEW,2,Tuesday
21394,VANDALISM,13,BAYVIEW,5,Wednesday
21395,VANDALISM,13,CENTRAL,1,Friday
21396,VANDALISM,13,CENTRAL,3,Monday
21397,VANDALISM,13,CENTRAL,8,Saturday
21398,VANDALISM,13,CENTRAL,6,Sunday
21399,VANDALISM,13,CENTRAL,7,Thursday
21400,VANDALISM,13,CENTRAL,9,Tuesday
21401,VANDALISM,13,CENTRAL,5,Wednesday
21402,VANDALISM,13,INGLESIDE,3,Friday
21403,VANDALISM,13,INGLESIDE,8,Monday
21404,VANDALISM,13,INGLESIDE,4,Saturday
21405,VANDALISM,13,INGLESIDE,1,Thursday
21406,VANDALISM,13,INGLESIDE,6,Tuesday
21407,VANDALISM,13,MISSION,4,Friday
21408,VANDALISM,13,MISSION,5,Monday
21409,VANDALISM,13,MISSION,4,Saturday
21410,VANDALISM,13,MISSION,7,Sunday
21411,VANDALISM,13,MISSION,2,Thursday
21412,VANDALISM,13,MISSION,4,Tuesday
21413,VANDALISM,13,MISSION,5,Wednesday
21414,VANDALISM,13,NORTHERN,4,Friday
21415,VANDALISM,13,NORTHERN,3,Monday
21416,VANDALISM,13,NORTHERN,4,Saturday
21417,VANDALISM,13,NORTHERN,9,Sunday
21418,VANDALISM,13,NORTHERN,5,Thursday
21419,VANDALISM,13,NORTHERN,7,Tuesday
21420,VANDALISM,13,NORTHERN,5,Wednesday
21421,VANDALISM,13,PARK,3,Friday
21422,VANDALISM,13,PARK,2,Monday
21423,VANDALISM,13,PARK,3,Saturday
21424,VANDALISM,13,PARK,1,Sunday
21425,VANDALISM,13,PARK,1,Thursday
21426,VANDALISM,13,PARK,1,Tuesday
21427,VANDALISM,13,PARK,1,Wednesday
21428,VANDALISM,13,RICHMOND,3,Friday
21429,VANDALISM,13,RICHMOND,4,Monday
21430,VANDALISM,13,RICHMOND,1,Saturday
21431,VANDALISM,13,RICHMOND,2,Sunday
21432,VANDALISM,13,RICHMOND,4,Thursday
21433,VANDALISM,13,RICHMOND,2,Tuesday
21434,VANDALISM,13,RICHMOND,1,Wednesday
21435,VANDALISM,13,SOUTHERN,8,Friday
21436,VANDALISM,13,SOUTHERN,5,Monday
21437,VANDALISM,13,SOUTHERN,7,Saturday
21438,VANDALISM,13,SOUTHERN,11,Sunday
21439,VANDALISM,13,SOUTHERN,5,Thursday
21440,VANDALISM,13,SOUTHERN,8,Tuesday
21441,VANDALISM,13,SOUTHERN,11,Wednesday
21442,VANDALISM,13,TARAVAL,3,Friday
21443,VANDALISM,13,TARAVAL,5,Monday
21444,VANDALISM,13,TARAVAL,6,Saturday
21445,VANDALISM,13,TARAVAL,4,Sunday
21446,VANDALISM,13,TARAVAL,2,Thursday
21447,VANDALISM,13,TARAVAL,1,Wednesday
21448,VANDALISM,13,TENDERLOIN,5,Friday
21449,VANDALISM,13,TENDERLOIN,2,Saturday
21450,VANDALISM,13,TENDERLOIN,2,Sunday
21451,VANDALISM,13,TENDERLOIN,5,Thursday
21452,VANDALISM,13,TENDERLOIN,4,Tuesday
21453,VANDALISM,13,TENDERLOIN,2,Wednesday
21454,VANDALISM,14,BAYVIEW,2,Friday
21455,VANDALISM,14,BAYVIEW,7,Monday
21456,VANDALISM,14,BAYVIEW,8,Saturday
21457,VANDALISM,14,BAYVIEW,11,Sunday
21458,VANDALISM,14,BAYVIEW,7,Thursday
21459,VANDALISM,14,BAYVIEW,4,Tuesday
21460,VANDALISM,14,BAYVIEW,5,Wednesday
21461,VANDALISM,14,CENTRAL,7,Friday
21462,VANDALISM,14,CENTRAL,13,Monday
21463,VANDALISM,14,CENTRAL,11,Saturday
21464,VANDALISM,14,CENTRAL,6,Sunday
21465,VANDALISM,14,CENTRAL,8,Thursday
21466,VANDALISM,14,CENTRAL,6,Tuesday
21467,VANDALISM,14,CENTRAL,8,Wednesday
21468,VANDALISM,14,INGLESIDE,2,Friday
21469,VANDALISM,14,INGLESIDE,6,Monday
21470,VANDALISM,14,INGLESIDE,7,Saturday
21471,VANDALISM,14,INGLESIDE,1,Sunday
21472,VANDALISM,14,INGLESIDE,5,Thursday
21473,VANDALISM,14,INGLESIDE,4,Tuesday
21474,VANDALISM,14,INGLESIDE,6,Wednesday
21475,VANDALISM,14,MISSION,10,Friday
21476,VANDALISM,14,MISSION,5,Monday
21477,VANDALISM,14,MISSION,7,Saturday
21478,VANDALISM,14,MISSION,7,Sunday
21479,VANDALISM,14,MISSION,9,Thursday
21480,VANDALISM,14,MISSION,4,Tuesday
21481,VANDALISM,14,MISSION,7,Wednesday
21482,VANDALISM,14,NORTHERN,7,Friday
21483,VANDALISM,14,NORTHERN,10,Monday
21484,VANDALISM,14,NORTHERN,10,Saturday
21485,VANDALISM,14,NORTHERN,11,Sunday
21486,VANDALISM,14,NORTHERN,3,Thursday
21487,VANDALISM,14,NORTHERN,4,Tuesday
21488,VANDALISM,14,NORTHERN,2,Wednesday
21489,VANDALISM,14,PARK,5,Friday
21490,VANDALISM,14,PARK,2,Monday
21491,VANDALISM,14,PARK,4,Saturday
21492,VANDALISM,14,PARK,3,Sunday
21493,VANDALISM,14,PARK,2,Thursday
21494,VANDALISM,14,PARK,3,Tuesday
21495,VANDALISM,14,PARK,3,Wednesday
21496,VANDALISM,14,RICHMOND,2,Friday
21497,VANDALISM,14,RICHMOND,4,Monday
21498,VANDALISM,14,RICHMOND,3,Saturday
21499,VANDALISM,14,RICHMOND,5,Sunday
21500,VANDALISM,14,RICHMOND,2,Thursday
21501,VANDALISM,14,RICHMOND,3,Tuesday
21502,VANDALISM,14,RICHMOND,2,Wednesday
21503,VANDALISM,14,SOUTHERN,5,Friday
21504,VANDALISM,14,SOUTHERN,15,Monday
21505,VANDALISM,14,SOUTHERN,6,Saturday
21506,VANDALISM,14,SOUTHERN,9,Sunday
21507,VANDALISM,14,SOUTHERN,9,Thursday
21508,VANDALISM,14,SOUTHERN,6,Tuesday
21509,VANDALISM,14,SOUTHERN,8,Wednesday
21510,VANDALISM,14,TARAVAL,5,Friday
21511,VANDALISM,14,TARAVAL,3,Monday
21512,VANDALISM,14,TARAVAL,2,Sunday
21513,VANDALISM,14,TARAVAL,3,Thursday
21514,VANDALISM,14,TARAVAL,3,Tuesday
21515,VANDALISM,14,TARAVAL,5,Wednesday
21516,VANDALISM,14,TENDERLOIN,2,Friday
21517,VANDALISM,14,TENDERLOIN,1,Monday
21518,VANDALISM,14,TENDERLOIN,2,Saturday
21519,VANDALISM,14,TENDERLOIN,1,Sunday
21520,VANDALISM,14,TENDERLOIN,2,Thursday
21521,VANDALISM,14,TENDERLOIN,3,Tuesday
21522,VANDALISM,14,TENDERLOIN,2,Wednesday
21523,VANDALISM,15,BAYVIEW,11,Friday
21524,VANDALISM,15,BAYVIEW,2,Monday
21525,VANDALISM,15,BAYVIEW,4,Saturday
21526,VANDALISM,15,BAYVIEW,5,Sunday
21527,VANDALISM,15,BAYVIEW,7,Thursday
21528,VANDALISM,15,BAYVIEW,6,Tuesday
21529,VANDALISM,15,BAYVIEW,12,Wednesday
21530,VANDALISM,15,CENTRAL,9,Friday
21531,VANDALISM,15,CENTRAL,6,Monday
21532,VANDALISM,15,CENTRAL,6,Saturday
21533,VANDALISM,15,CENTRAL,9,Sunday
21534,VANDALISM,15,CENTRAL,8,Thursday
21535,VANDALISM,15,CENTRAL,10,Tuesday
21536,VANDALISM,15,CENTRAL,7,Wednesday
21537,VANDALISM,15,INGLESIDE,4,Friday
21538,VANDALISM,15,INGLESIDE,7,Monday
21539,VANDALISM,15,INGLESIDE,10,Saturday
21540,VANDALISM,15,INGLESIDE,1,Sunday
21541,VANDALISM,15,INGLESIDE,3,Thursday
21542,VANDALISM,15,INGLESIDE,2,Tuesday
21543,VANDALISM,15,INGLESIDE,2,Wednesday
21544,VANDALISM,15,MISSION,4,Friday
21545,VANDALISM,15,MISSION,2,Monday
21546,VANDALISM,15,MISSION,3,Saturday
21547,VANDALISM,15,MISSION,9,Sunday
21548,VANDALISM,15,MISSION,4,Thursday
21549,VANDALISM,15,MISSION,6,Tuesday
21550,VANDALISM,15,MISSION,3,Wednesday
21551,VANDALISM,15,NORTHERN,16,Friday
21552,VANDALISM,15,NORTHERN,10,Monday
21553,VANDALISM,15,NORTHERN,4,Saturday
21554,VANDALISM,15,NORTHERN,11,Sunday
21555,VANDALISM,15,NORTHERN,11,Thursday
21556,VANDALISM,15,NORTHERN,9,Tuesday
21557,VANDALISM,15,NORTHERN,4,Wednesday
21558,VANDALISM,15,PARK,6,Friday
21559,VANDALISM,15,PARK,1,Monday
21560,VANDALISM,15,PARK,2,Saturday
21561,VANDALISM,15,PARK,5,Sunday
21562,VANDALISM,15,PARK,2,Thursday
21563,VANDALISM,15,PARK,5,Tuesday
21564,VANDALISM,15,PARK,4,Wednesday
21565,VANDALISM,15,RICHMOND,5,Friday
21566,VANDALISM,15,RICHMOND,2,Monday
21567,VANDALISM,15,RICHMOND,5,Saturday
21568,VANDALISM,15,RICHMOND,3,Sunday
21569,VANDALISM,15,RICHMOND,3,Thursday
21570,VANDALISM,15,RICHMOND,3,Tuesday
21571,VANDALISM,15,RICHMOND,2,Wednesday
21572,VANDALISM,15,SOUTHERN,15,Friday
21573,VANDALISM,15,SOUTHERN,5,Monday
21574,VANDALISM,15,SOUTHERN,11,Saturday
21575,VANDALISM,15,SOUTHERN,7,Sunday
21576,VANDALISM,15,SOUTHERN,7,Thursday
21577,VANDALISM,15,SOUTHERN,9,Tuesday
21578,VANDALISM,15,SOUTHERN,8,Wednesday
21579,VANDALISM,15,TARAVAL,5,Friday
21580,VANDALISM,15,TARAVAL,4,Monday
21581,VANDALISM,15,TARAVAL,4,Saturday
21582,VANDALISM,15,TARAVAL,5,Sunday
21583,VANDALISM,15,TARAVAL,5,Thursday
21584,VANDALISM,15,TARAVAL,3,Tuesday
21585,VANDALISM,15,TARAVAL,4,Wednesday
21586,VANDALISM,15,TENDERLOIN,3,Monday
21587,VANDALISM,15,TENDERLOIN,1,Sunday
21588,VANDALISM,15,TENDERLOIN,1,Thursday
21589,VANDALISM,15,TENDERLOIN,2,Tuesday
21590,VANDALISM,15,TENDERLOIN,4,Wednesday
21591,VANDALISM,16,BAYVIEW,4,Friday
21592,VANDALISM,16,BAYVIEW,3,Monday
21593,VANDALISM,16,BAYVIEW,9,Saturday
21594,VANDALISM,16,BAYVIEW,8,Sunday
21595,VANDALISM,16,BAYVIEW,8,Thursday
21596,VANDALISM,16,BAYVIEW,11,Tuesday
21597,VANDALISM,16,BAYVIEW,6,Wednesday
21598,VANDALISM,16,CENTRAL,8,Friday
21599,VANDALISM,16,CENTRAL,8,Monday
21600,VANDALISM,16,CENTRAL,9,Saturday
21601,VANDALISM,16,CENTRAL,9,Sunday
21602,VANDALISM,16,CENTRAL,3,Thursday
21603,VANDALISM,16,CENTRAL,11,Tuesday
21604,VANDALISM,16,CENTRAL,7,Wednesday
21605,VANDALISM,16,INGLESIDE,9,Friday
21606,VANDALISM,16,INGLESIDE,4,Monday
21607,VANDALISM,16,INGLESIDE,2,Saturday
21608,VANDALISM,16,INGLESIDE,9,Sunday
21609,VANDALISM,16,INGLESIDE,5,Thursday
21610,VANDALISM,16,INGLESIDE,9,Tuesday
21611,VANDALISM,16,INGLESIDE,4,Wednesday
21612,VANDALISM,16,MISSION,7,Friday
21613,VANDALISM,16,MISSION,7,Monday
21614,VANDALISM,16,MISSION,9,Saturday
21615,VANDALISM,16,MISSION,4,Sunday
21616,VANDALISM,16,MISSION,3,Thursday
21617,VANDALISM,16,MISSION,1,Tuesday
21618,VANDALISM,16,MISSION,7,Wednesday
21619,VANDALISM,16,NORTHERN,6,Friday
21620,VANDALISM,16,NORTHERN,9,Monday
21621,VANDALISM,16,NORTHERN,10,Saturday
21622,VANDALISM,16,NORTHERN,10,Sunday
21623,VANDALISM,16,NORTHERN,4,Thursday
21624,VANDALISM,16,NORTHERN,7,Tuesday
21625,VANDALISM,16,NORTHERN,8,Wednesday
21626,VANDALISM,16,PARK,2,Friday
21627,VANDALISM,16,PARK,4,Monday
21628,VANDALISM,16,PARK,3,Saturday
21629,VANDALISM,16,PARK,3,Sunday
21630,VANDALISM,16,PARK,2,Thursday
21631,VANDALISM,16,PARK,2,Tuesday
21632,VANDALISM,16,PARK,2,Wednesday
21633,VANDALISM,16,RICHMOND,6,Friday
21634,VANDALISM,16,RICHMOND,5,Monday
21635,VANDALISM,16,RICHMOND,5,Saturday
21636,VANDALISM,16,RICHMOND,2,Sunday
21637,VANDALISM,16,RICHMOND,5,Thursday
21638,VANDALISM,16,RICHMOND,1,Tuesday
21639,VANDALISM,16,RICHMOND,6,Wednesday
21640,VANDALISM,16,SOUTHERN,13,Friday
21641,VANDALISM,16,SOUTHERN,7,Monday
21642,VANDALISM,16,SOUTHERN,10,Saturday
21643,VANDALISM,16,SOUTHERN,15,Sunday
21644,VANDALISM,16,SOUTHERN,8,Thursday
21645,VANDALISM,16,SOUTHERN,5,Tuesday
21646,VANDALISM,16,SOUTHERN,9,Wednesday
21647,VANDALISM,16,TARAVAL,2,Friday
21648,VANDALISM,16,TARAVAL,7,Monday
21649,VANDALISM,16,TARAVAL,2,Saturday
21650,VANDALISM,16,TARAVAL,4,Sunday
21651,VANDALISM,16,TARAVAL,2,Thursday
21652,VANDALISM,16,TARAVAL,4,Tuesday
21653,VANDALISM,16,TARAVAL,5,Wednesday
21654,VANDALISM,16,TENDERLOIN,2,Friday
21655,VANDALISM,16,TENDERLOIN,4,Monday
21656,VANDALISM,16,TENDERLOIN,1,Saturday
21657,VANDALISM,16,TENDERLOIN,2,Sunday
21658,VANDALISM,16,TENDERLOIN,1,Thursday
21659,VANDALISM,16,TENDERLOIN,1,Tuesday
21660,VANDALISM,16,TENDERLOIN,1,Wednesday
21661,VANDALISM,17,BAYVIEW,14,Friday
21662,VANDALISM,17,BAYVIEW,9,Monday
21663,VANDALISM,17,BAYVIEW,9,Saturday
21664,VANDALISM,17,BAYVIEW,15,Sunday
21665,VANDALISM,17,BAYVIEW,10,Thursday
21666,VANDALISM,17,BAYVIEW,11,Tuesday
21667,VANDALISM,17,BAYVIEW,12,Wednesday
21668,VANDALISM,17,CENTRAL,14,Friday
21669,VANDALISM,17,CENTRAL,6,Monday
21670,VANDALISM,17,CENTRAL,13,Saturday
21671,VANDALISM,17,CENTRAL,10,Sunday
21672,VANDALISM,17,CENTRAL,9,Thursday
21673,VANDALISM,17,CENTRAL,9,Tuesday
21674,VANDALISM,17,CENTRAL,12,Wednesday
21675,VANDALISM,17,INGLESIDE,11,Friday
21676,VANDALISM,17,INGLESIDE,12,Monday
21677,VANDALISM,17,INGLESIDE,5,Saturday
21678,VANDALISM,17,INGLESIDE,8,Sunday
21679,VANDALISM,17,INGLESIDE,9,Thursday
21680,VANDALISM,17,INGLESIDE,9,Tuesday
21681,VANDALISM,17,INGLESIDE,8,Wednesday
21682,VANDALISM,17,MISSION,8,Friday
21683,VANDALISM,17,MISSION,9,Monday
21684,VANDALISM,17,MISSION,6,Saturday
21685,VANDALISM,17,MISSION,10,Sunday
21686,VANDALISM,17,MISSION,14,Thursday
21687,VANDALISM,17,MISSION,14,Tuesday
21688,VANDALISM,17,MISSION,18,Wednesday
21689,VANDALISM,17,NORTHERN,14,Friday
21690,VANDALISM,17,NORTHERN,9,Monday
21691,VANDALISM,17,NORTHERN,18,Saturday
21692,VANDALISM,17,NORTHERN,7,Sunday
21693,VANDALISM,17,NORTHERN,14,Thursday
21694,VANDALISM,17,NORTHERN,5,Tuesday
21695,VANDALISM,17,NORTHERN,7,Wednesday
21696,VANDALISM,17,PARK,1,Friday
21697,VANDALISM,17,PARK,2,Monday
21698,VANDALISM,17,PARK,3,Saturday
21699,VANDALISM,17,PARK,7,Sunday
21700,VANDALISM,17,PARK,3,Thursday
21701,VANDALISM,17,PARK,4,Tuesday
21702,VANDALISM,17,PARK,7,Wednesday
21703,VANDALISM,17,RICHMOND,4,Friday
21704,VANDALISM,17,RICHMOND,4,Monday
21705,VANDALISM,17,RICHMOND,3,Saturday
21706,VANDALISM,17,RICHMOND,5,Sunday
21707,VANDALISM,17,RICHMOND,10,Thursday
21708,VANDALISM,17,RICHMOND,2,Tuesday
21709,VANDALISM,17,RICHMOND,8,Wednesday
21710,VANDALISM,17,SOUTHERN,21,Friday
21711,VANDALISM,17,SOUTHERN,11,Monday
21712,VANDALISM,17,SOUTHERN,10,Saturday
21713,VANDALISM,17,SOUTHERN,18,Sunday
21714,VANDALISM,17,SOUTHERN,7,Thursday
21715,VANDALISM,17,SOUTHERN,9,Tuesday
21716,VANDALISM,17,SOUTHERN,3,Wednesday
21717,VANDALISM,17,TARAVAL,8,Friday
21718,VANDALISM,17,TARAVAL,5,Saturday
21719,VANDALISM,17,TARAVAL,3,Sunday
21720,VANDALISM,17,TARAVAL,2,Thursday
21721,VANDALISM,17,TARAVAL,7,Tuesday
21722,VANDALISM,17,TARAVAL,6,Wednesday
21723,VANDALISM,17,TENDERLOIN,5,Friday
21724,VANDALISM,17,TENDERLOIN,4,Monday
21725,VANDALISM,17,TENDERLOIN,2,Saturday
21726,VANDALISM,17,TENDERLOIN,1,Sunday
21727,VANDALISM,17,TENDERLOIN,1,Thursday
21728,VANDALISM,17,TENDERLOIN,2,Tuesday
21729,VANDALISM,17,TENDERLOIN,4,Wednesday
21730,VANDALISM,18,BAYVIEW,12,Friday
21731,VANDALISM,18,BAYVIEW,17,Monday
21732,VANDALISM,18,BAYVIEW,9,Saturday
21733,VANDALISM,18,BAYVIEW,9,Sunday
21734,VANDALISM,18,BAYVIEW,13,Thursday
21735,VANDALISM,18,BAYVIEW,14,Tuesday
21736,VANDALISM,18,BAYVIEW,3,Wednesday
21737,VANDALISM,18,CENTRAL,17,Friday
21738,VANDALISM,18,CENTRAL,14,Monday
21739,VANDALISM,18,CENTRAL,14,Saturday
21740,VANDALISM,18,CENTRAL,14,Sunday
21741,VANDALISM,18,CENTRAL,13,Thursday
21742,VANDALISM,18,CENTRAL,12,Tuesday
21743,VANDALISM,18,CENTRAL,19,Wednesday
21744,VANDALISM,18,INGLESIDE,4,Friday
21745,VANDALISM,18,INGLESIDE,7,Monday
21746,VANDALISM,18,INGLESIDE,8,Saturday
21747,VANDALISM,18,INGLESIDE,8,Sunday
21748,VANDALISM,18,INGLESIDE,5,Thursday
21749,VANDALISM,18,INGLESIDE,6,Tuesday
21750,VANDALISM,18,INGLESIDE,8,Wednesday
21751,VANDALISM,18,MISSION,9,Friday
21752,VANDALISM,18,MISSION,12,Monday
21753,VANDALISM,18,MISSION,8,Saturday
21754,VANDALISM,18,MISSION,7,Sunday
21755,VANDALISM,18,MISSION,13,Thursday
21756,VANDALISM,18,MISSION,8,Tuesday
21757,VANDALISM,18,MISSION,12,Wednesday
21758,VANDALISM,18,NORTHERN,21,Friday
21759,VANDALISM,18,NORTHERN,13,Monday
21760,VANDALISM,18,NORTHERN,15,Saturday
21761,VANDALISM,18,NORTHERN,13,Sunday
21762,VANDALISM,18,NORTHERN,22,Thursday
21763,VANDALISM,18,NORTHERN,15,Tuesday
21764,VANDALISM,18,NORTHERN,19,Wednesday
21765,VANDALISM,18,PARK,8,Friday
21766,VANDALISM,18,PARK,4,Monday
21767,VANDALISM,18,PARK,3,Saturday
21768,VANDALISM,18,PARK,8,Sunday
21769,VANDALISM,18,PARK,4,Thursday
21770,VANDALISM,18,PARK,6,Tuesday
21771,VANDALISM,18,PARK,7,Wednesday
21772,VANDALISM,18,RICHMOND,6,Friday
21773,VANDALISM,18,RICHMOND,4,Monday
21774,VANDALISM,18,RICHMOND,5,Saturday
21775,VANDALISM,18,RICHMOND,5,Sunday
21776,VANDALISM,18,RICHMOND,4,Thursday
21777,VANDALISM,18,RICHMOND,5,Tuesday
21778,VANDALISM,18,RICHMOND,2,Wednesday
21779,VANDALISM,18,SOUTHERN,12,Friday
21780,VANDALISM,18,SOUTHERN,17,Monday
21781,VANDALISM,18,SOUTHERN,10,Saturday
21782,VANDALISM,18,SOUTHERN,15,Sunday
21783,VANDALISM,18,SOUTHERN,18,Thursday
21784,VANDALISM,18,SOUTHERN,8,Tuesday
21785,VANDALISM,18,SOUTHERN,15,Wednesday
21786,VANDALISM,18,TARAVAL,5,Friday
21787,VANDALISM,18,TARAVAL,8,Monday
21788,VANDALISM,18,TARAVAL,7,Saturday
21789,VANDALISM,18,TARAVAL,4,Sunday
21790,VANDALISM,18,TARAVAL,7,Thursday
21791,VANDALISM,18,TARAVAL,4,Tuesday
21792,VANDALISM,18,TARAVAL,4,Wednesday
21793,VANDALISM,18,TENDERLOIN,1,Friday
21794,VANDALISM,18,TENDERLOIN,1,Monday
21795,VANDALISM,18,TENDERLOIN,4,Saturday
21796,VANDALISM,18,TENDERLOIN,1,Sunday
21797,VANDALISM,18,TENDERLOIN,2,Thursday
21798,VANDALISM,18,TENDERLOIN,4,Tuesday
21799,VANDALISM,18,TENDERLOIN,2,Wednesday
21800,VANDALISM,19,BAYVIEW,11,Friday
21801,VANDALISM,19,BAYVIEW,16,Monday
21802,VANDALISM,19,BAYVIEW,7,Saturday
21803,VANDALISM,19,BAYVIEW,7,Sunday
21804,VANDALISM,19,BAYVIEW,15,Thursday
21805,VANDALISM,19,BAYVIEW,13,Tuesday
21806,VANDALISM,19,BAYVIEW,15,Wednesday
21807,VANDALISM,19,CENTRAL,15,Friday
21808,VANDALISM,19,CENTRAL,12,Monday
21809,VANDALISM,19,CENTRAL,18,Saturday
21810,VANDALISM,19,CENTRAL,14,Sunday
21811,VANDALISM,19,CENTRAL,8,Thursday
21812,VANDALISM,19,CENTRAL,11,Tuesday
21813,VANDALISM,19,CENTRAL,12,Wednesday
21814,VANDALISM,19,INGLESIDE,11,Friday
21815,VANDALISM,19,INGLESIDE,7,Monday
21816,VANDALISM,19,INGLESIDE,11,Saturday
21817,VANDALISM,19,INGLESIDE,6,Sunday
21818,VANDALISM,19,INGLESIDE,16,Thursday
21819,VANDALISM,19,INGLESIDE,10,Tuesday
21820,VANDALISM,19,INGLESIDE,5,Wednesday
21821,VANDALISM,19,MISSION,11,Friday
21822,VANDALISM,19,MISSION,9,Monday
21823,VANDALISM,19,MISSION,14,Saturday
21824,VANDALISM,19,MISSION,5,Sunday
21825,VANDALISM,19,MISSION,6,Thursday
21826,VANDALISM,19,MISSION,5,Tuesday
21827,VANDALISM,19,MISSION,11,Wednesday
21828,VANDALISM,19,NORTHERN,8,Friday
21829,VANDALISM,19,NORTHERN,14,Monday
21830,VANDALISM,19,NORTHERN,15,Saturday
21831,VANDALISM,19,NORTHERN,14,Sunday
21832,VANDALISM,19,NORTHERN,9,Thursday
21833,VANDALISM,19,NORTHERN,12,Tuesday
21834,VANDALISM,19,NORTHERN,16,Wednesday
21835,VANDALISM,19,PARK,13,Friday
21836,VANDALISM,19,PARK,5,Monday
21837,VANDALISM,19,PARK,3,Saturday
21838,VANDALISM,19,PARK,1,Sunday
21839,VANDALISM,19,PARK,1,Thursday
21840,VANDALISM,19,PARK,4,Tuesday
21841,VANDALISM,19,PARK,1,Wednesday
21842,VANDALISM,19,RICHMOND,1,Friday
21843,VANDALISM,19,RICHMOND,5,Monday
21844,VANDALISM,19,RICHMOND,6,Saturday
21845,VANDALISM,19,RICHMOND,9,Sunday
21846,VANDALISM,19,RICHMOND,6,Thursday
21847,VANDALISM,19,RICHMOND,7,Tuesday
21848,VANDALISM,19,RICHMOND,8,Wednesday
21849,VANDALISM,19,SOUTHERN,16,Friday
21850,VANDALISM,19,SOUTHERN,11,Monday
21851,VANDALISM,19,SOUTHERN,23,Saturday
21852,VANDALISM,19,SOUTHERN,12,Sunday
21853,VANDALISM,19,SOUTHERN,13,Thursday
21854,VANDALISM,19,SOUTHERN,7,Tuesday
21855,VANDALISM,19,SOUTHERN,16,Wednesday
21856,VANDALISM,19,TARAVAL,7,Friday
21857,VANDALISM,19,TARAVAL,3,Monday
21858,VANDALISM,19,TARAVAL,5,Saturday
21859,VANDALISM,19,TARAVAL,4,Sunday
21860,VANDALISM,19,TARAVAL,9,Thursday
21861,VANDALISM,19,TARAVAL,8,Tuesday
21862,VANDALISM,19,TARAVAL,5,Wednesday
21863,VANDALISM,19,TENDERLOIN,2,Friday
21864,VANDALISM,19,TENDERLOIN,1,Monday
21865,VANDALISM,19,TENDERLOIN,2,Saturday
21866,VANDALISM,19,TENDERLOIN,3,Thursday
21867,VANDALISM,19,TENDERLOIN,2,Tuesday
21868,VANDALISM,19,TENDERLOIN,2,Wednesday
21869,VANDALISM,20,BAYVIEW,7,Friday
21870,VANDALISM,20,BAYVIEW,8,Monday
21871,VANDALISM,20,BAYVIEW,11,Saturday
21872,VANDALISM,20,BAYVIEW,14,Sunday
21873,VANDALISM,20,BAYVIEW,7,Thursday
21874,VANDALISM,20,BAYVIEW,13,Tuesday
21875,VANDALISM,20,BAYVIEW,11,Wednesday
21876,VANDALISM,20,CENTRAL,6,Friday
21877,VANDALISM,20,CENTRAL,10,Monday
21878,VANDALISM,20,CENTRAL,16,Saturday
21879,VANDALISM,20,CENTRAL,5,Sunday
21880,VANDALISM,20,CENTRAL,3,Thursday
21881,VANDALISM,20,CENTRAL,9,Tuesday
21882,VANDALISM,20,CENTRAL,10,Wednesday
21883,VANDALISM,20,INGLESIDE,8,Friday
21884,VANDALISM,20,INGLESIDE,4,Monday
21885,VANDALISM,20,INGLESIDE,10,Saturday
21886,VANDALISM,20,INGLESIDE,8,Sunday
21887,VANDALISM,20,INGLESIDE,3,Thursday
21888,VANDALISM,20,INGLESIDE,3,Tuesday
21889,VANDALISM,20,INGLESIDE,5,Wednesday
21890,VANDALISM,20,MISSION,17,Friday
21891,VANDALISM,20,MISSION,10,Monday
21892,VANDALISM,20,MISSION,10,Saturday
21893,VANDALISM,20,MISSION,8,Sunday
21894,VANDALISM,20,MISSION,13,Thursday
21895,VANDALISM,20,MISSION,6,Tuesday
21896,VANDALISM,20,MISSION,17,Wednesday
21897,VANDALISM,20,NORTHERN,14,Friday
21898,VANDALISM,20,NORTHERN,11,Monday
21899,VANDALISM,20,NORTHERN,7,Saturday
21900,VANDALISM,20,NORTHERN,11,Sunday
21901,VANDALISM,20,NORTHERN,11,Thursday
21902,VANDALISM,20,NORTHERN,12,Tuesday
21903,VANDALISM,20,NORTHERN,8,Wednesday
21904,VANDALISM,20,PARK,3,Friday
21905,VANDALISM,20,PARK,3,Monday
21906,VANDALISM,20,PARK,1,Saturday
21907,VANDALISM,20,PARK,5,Sunday
21908,VANDALISM,20,PARK,7,Thursday
21909,VANDALISM,20,PARK,1,Tuesday
21910,VANDALISM,20,PARK,9,Wednesday
21911,VANDALISM,20,RICHMOND,6,Friday
21912,VANDALISM,20,RICHMOND,5,Monday
21913,VANDALISM,20,RICHMOND,2,Saturday
21914,VANDALISM,20,RICHMOND,6,Sunday
21915,VANDALISM,20,RICHMOND,2,Thursday
21916,VANDALISM,20,RICHMOND,6,Tuesday
21917,VANDALISM,20,RICHMOND,7,Wednesday
21918,VANDALISM,20,SOUTHERN,8,Friday
21919,VANDALISM,20,SOUTHERN,9,Monday
21920,VANDALISM,20,SOUTHERN,15,Saturday
21921,VANDALISM,20,SOUTHERN,16,Sunday
21922,VANDALISM,20,SOUTHERN,10,Thursday
21923,VANDALISM,20,SOUTHERN,12,Tuesday
21924,VANDALISM,20,SOUTHERN,15,Wednesday
21925,VANDALISM,20,TARAVAL,5,Friday
21926,VANDALISM,20,TARAVAL,8,Monday
21927,VANDALISM,20,TARAVAL,9,Saturday
21928,VANDALISM,20,TARAVAL,3,Sunday
21929,VANDALISM,20,TARAVAL,5,Thursday
21930,VANDALISM,20,TARAVAL,8,Tuesday
21931,VANDALISM,20,TARAVAL,3,Wednesday
21932,VANDALISM,20,TENDERLOIN,4,Friday
21933,VANDALISM,20,TENDERLOIN,6,Monday
21934,VANDALISM,20,TENDERLOIN,6,Saturday
21935,VANDALISM,20,TENDERLOIN,2,Sunday
21936,VANDALISM,20,TENDERLOIN,4,Thursday
21937,VANDALISM,20,TENDERLOIN,1,Tuesday
21938,VANDALISM,20,TENDERLOIN,2,Wednesday
21939,VANDALISM,21,BAYVIEW,12,Friday
21940,VANDALISM,21,BAYVIEW,11,Monday
21941,VANDALISM,21,BAYVIEW,9,Saturday
21942,VANDALISM,21,BAYVIEW,8,Sunday
21943,VANDALISM,21,BAYVIEW,8,Thursday
21944,VANDALISM,21,BAYVIEW,12,Tuesday
21945,VANDALISM,21,BAYVIEW,9,Wednesday
21946,VANDALISM,21,CENTRAL,12,Friday
21947,VANDALISM,21,CENTRAL,9,Monday
21948,VANDALISM,21,CENTRAL,12,Saturday
21949,VANDALISM,21,CENTRAL,6,Sunday
21950,VANDALISM,21,CENTRAL,6,Thursday
21951,VANDALISM,21,CENTRAL,6,Tuesday
21952,VANDALISM,21,CENTRAL,12,Wednesday
21953,VANDALISM,21,INGLESIDE,7,Friday
21954,VANDALISM,21,INGLESIDE,7,Monday
21955,VANDALISM,21,INGLESIDE,4,Saturday
21956,VANDALISM,21,INGLESIDE,13,Sunday
21957,VANDALISM,21,INGLESIDE,5,Thursday
21958,VANDALISM,21,INGLESIDE,8,Tuesday
21959,VANDALISM,21,INGLESIDE,12,Wednesday
21960,VANDALISM,21,MISSION,19,Friday
21961,VANDALISM,21,MISSION,14,Monday
21962,VANDALISM,21,MISSION,7,Saturday
21963,VANDALISM,21,MISSION,12,Sunday
21964,VANDALISM,21,MISSION,7,Thursday
21965,VANDALISM,21,MISSION,15,Tuesday
21966,VANDALISM,21,MISSION,7,Wednesday
21967,VANDALISM,21,NORTHERN,12,Friday
21968,VANDALISM,21,NORTHERN,9,Monday
21969,VANDALISM,21,NORTHERN,12,Saturday
21970,VANDALISM,21,NORTHERN,12,Sunday
21971,VANDALISM,21,NORTHERN,12,Thursday
21972,VANDALISM,21,NORTHERN,18,Tuesday
21973,VANDALISM,21,NORTHERN,8,Wednesday
21974,VANDALISM,21,PARK,1,Friday
21975,VANDALISM,21,PARK,6,Monday
21976,VANDALISM,21,PARK,5,Saturday
21977,VANDALISM,21,PARK,4,Sunday
21978,VANDALISM,21,PARK,3,Thursday
21979,VANDALISM,21,PARK,4,Tuesday
21980,VANDALISM,21,PARK,4,Wednesday
21981,VANDALISM,21,RICHMOND,2,Friday
21982,VANDALISM,21,RICHMOND,2,Monday
21983,VANDALISM,21,RICHMOND,11,Saturday
21984,VANDALISM,21,RICHMOND,5,Sunday
21985,VANDALISM,21,RICHMOND,4,Thursday
21986,VANDALISM,21,RICHMOND,2,Tuesday
21987,VANDALISM,21,RICHMOND,3,Wednesday
21988,VANDALISM,21,SOUTHERN,12,Friday
21989,VANDALISM,21,SOUTHERN,10,Monday
21990,VANDALISM,21,SOUTHERN,17,Saturday
21991,VANDALISM,21,SOUTHERN,15,Sunday
21992,VANDALISM,21,SOUTHERN,14,Thursday
21993,VANDALISM,21,SOUTHERN,6,Tuesday
21994,VANDALISM,21,SOUTHERN,7,Wednesday
21995,VANDALISM,21,TARAVAL,5,Friday
21996,VANDALISM,21,TARAVAL,4,Monday
21997,VANDALISM,21,TARAVAL,7,Saturday
21998,VANDALISM,21,TARAVAL,8,Sunday
21999,VANDALISM,21,TARAVAL,9,Thursday
22000,VANDALISM,21,TARAVAL,2,Tuesday
22001,VANDALISM,21,TARAVAL,6,Wednesday
22002,VANDALISM,21,TENDERLOIN,2,Friday
22003,VANDALISM,21,TENDERLOIN,1,Monday
22004,VANDALISM,21,TENDERLOIN,3,Saturday
22005,VANDALISM,21,TENDERLOIN,1,Sunday
22006,VANDALISM,21,TENDERLOIN,2,Thursday
22007,VANDALISM,21,TENDERLOIN,5,Tuesday
22008,VANDALISM,21,TENDERLOIN,1,Wednesday
22009,VANDALISM,22,BAYVIEW,14,Friday
22010,VANDALISM,22,BAYVIEW,8,Monday
22011,VANDALISM,22,BAYVIEW,6,Saturday
22012,VANDALISM,22,BAYVIEW,7,Sunday
22013,VANDALISM,22,BAYVIEW,11,Thursday
22014,VANDALISM,22,BAYVIEW,11,Tuesday
22015,VANDALISM,22,BAYVIEW,11,Wednesday
22016,VANDALISM,22,CENTRAL,12,Friday
22017,VANDALISM,22,CENTRAL,8,Monday
22018,VANDALISM,22,CENTRAL,9,Saturday
22019,VANDALISM,22,CENTRAL,14,Sunday
22020,VANDALISM,22,CENTRAL,11,Thursday
22021,VANDALISM,22,CENTRAL,11,Tuesday
22022,VANDALISM,22,CENTRAL,13,Wednesday
22023,VANDALISM,22,INGLESIDE,6,Friday
22024,VANDALISM,22,INGLESIDE,3,Monday
22025,VANDALISM,22,INGLESIDE,9,Saturday
22026,VANDALISM,22,INGLESIDE,9,Sunday
22027,VANDALISM,22,INGLESIDE,7,Thursday
22028,VANDALISM,22,INGLESIDE,5,Tuesday
22029,VANDALISM,22,INGLESIDE,9,Wednesday
22030,VANDALISM,22,MISSION,12,Friday
22031,VANDALISM,22,MISSION,7,Monday
22032,VANDALISM,22,MISSION,7,Saturday
22033,VANDALISM,22,MISSION,9,Sunday
22034,VANDALISM,22,MISSION,4,Thursday
22035,VANDALISM,22,MISSION,10,Tuesday
22036,VANDALISM,22,MISSION,5,Wednesday
22037,VANDALISM,22,NORTHERN,10,Friday
22038,VANDALISM,22,NORTHERN,9,Monday
22039,VANDALISM,22,NORTHERN,12,Saturday
22040,VANDALISM,22,NORTHERN,9,Sunday
22041,VANDALISM,22,NORTHERN,13,Thursday
22042,VANDALISM,22,NORTHERN,11,Tuesday
22043,VANDALISM,22,NORTHERN,8,Wednesday
22044,VANDALISM,22,PARK,8,Friday
22045,VANDALISM,22,PARK,5,Monday
22046,VANDALISM,22,PARK,7,Saturday
22047,VANDALISM,22,PARK,5,Sunday
22048,VANDALISM,22,PARK,7,Thursday
22049,VANDALISM,22,PARK,1,Tuesday
22050,VANDALISM,22,PARK,6,Wednesday
22051,VANDALISM,22,RICHMOND,3,Friday
22052,VANDALISM,22,RICHMOND,8,Monday
22053,VANDALISM,22,RICHMOND,3,Saturday
22054,VANDALISM,22,RICHMOND,3,Sunday
22055,VANDALISM,22,RICHMOND,1,Thursday
22056,VANDALISM,22,RICHMOND,8,Tuesday
22057,VANDALISM,22,RICHMOND,7,Wednesday
22058,VANDALISM,22,SOUTHERN,22,Friday
22059,VANDALISM,22,SOUTHERN,12,Monday
22060,VANDALISM,22,SOUTHERN,24,Saturday
22061,VANDALISM,22,SOUTHERN,11,Sunday
22062,VANDALISM,22,SOUTHERN,8,Thursday
22063,VANDALISM,22,SOUTHERN,4,Tuesday
22064,VANDALISM,22,SOUTHERN,10,Wednesday
22065,VANDALISM,22,TARAVAL,12,Friday
22066,VANDALISM,22,TARAVAL,10,Monday
22067,VANDALISM,22,TARAVAL,6,Saturday
22068,VANDALISM,22,TARAVAL,6,Sunday
22069,VANDALISM,22,TARAVAL,9,Thursday
22070,VANDALISM,22,TARAVAL,4,Tuesday
22071,VANDALISM,22,TARAVAL,3,Wednesday
22072,VANDALISM,22,TENDERLOIN,3,Friday
22073,VANDALISM,22,TENDERLOIN,1,Monday
22074,VANDALISM,22,TENDERLOIN,5,Saturday
22075,VANDALISM,22,TENDERLOIN,4,Sunday
22076,VANDALISM,22,TENDERLOIN,1,Thursday
22077,VANDALISM,22,TENDERLOIN,1,Tuesday
22078,VANDALISM,22,TENDERLOIN,3,Wednesday
22079,VANDALISM,23,BAYVIEW,6,Friday
22080,VANDALISM,23,BAYVIEW,4,Monday
22081,VANDALISM,23,BAYVIEW,7,Saturday
22082,VANDALISM,23,BAYVIEW,5,Sunday
22083,VANDALISM,23,BAYVIEW,4,Thursday
22084,VANDALISM,23,BAYVIEW,9,Tuesday
22085,VANDALISM,23,BAYVIEW,10,Wednesday
22086,VANDALISM,23,CENTRAL,13,Friday
22087,VANDALISM,23,CENTRAL,5,Monday
22088,VANDALISM,23,CENTRAL,8,Saturday
22089,VANDALISM,23,CENTRAL,4,Sunday
22090,VANDALISM,23,CENTRAL,17,Thursday
22091,VANDALISM,23,CENTRAL,7,Tuesday
22092,VANDALISM,23,CENTRAL,11,Wednesday
22093,VANDALISM,23,INGLESIDE,8,Friday
22094,VANDALISM,23,INGLESIDE,5,Monday
22095,VANDALISM,23,INGLESIDE,13,Saturday
22096,VANDALISM,23,INGLESIDE,4,Sunday
22097,VANDALISM,23,INGLESIDE,7,Thursday
22098,VANDALISM,23,INGLESIDE,3,Tuesday
22099,VANDALISM,23,INGLESIDE,6,Wednesday
22100,VANDALISM,23,MISSION,8,Friday
22101,VANDALISM,23,MISSION,9,Monday
22102,VANDALISM,23,MISSION,6,Saturday
22103,VANDALISM,23,MISSION,6,Sunday
22104,VANDALISM,23,MISSION,8,Thursday
22105,VANDALISM,23,MISSION,12,Tuesday
22106,VANDALISM,23,MISSION,5,Wednesday
22107,VANDALISM,23,NORTHERN,20,Friday
22108,VANDALISM,23,NORTHERN,10,Monday
22109,VANDALISM,23,NORTHERN,14,Saturday
22110,VANDALISM,23,NORTHERN,11,Sunday
22111,VANDALISM,23,NORTHERN,13,Thursday
22112,VANDALISM,23,NORTHERN,6,Tuesday
22113,VANDALISM,23,NORTHERN,8,Wednesday
22114,VANDALISM,23,PARK,3,Friday
22115,VANDALISM,23,PARK,4,Monday
22116,VANDALISM,23,PARK,2,Saturday
22117,VANDALISM,23,PARK,4,Sunday
22118,VANDALISM,23,PARK,5,Thursday
22119,VANDALISM,23,PARK,7,Tuesday
22120,VANDALISM,23,PARK,3,Wednesday
22121,VANDALISM,23,RICHMOND,2,Friday
22122,VANDALISM,23,RICHMOND,3,Saturday
22123,VANDALISM,23,RICHMOND,2,Sunday
22124,VANDALISM,23,RICHMOND,3,Thursday
22125,VANDALISM,23,RICHMOND,3,Tuesday
22126,VANDALISM,23,RICHMOND,6,Wednesday
22127,VANDALISM,23,SOUTHERN,18,Friday
22128,VANDALISM,23,SOUTHERN,7,Monday
22129,VANDALISM,23,SOUTHERN,17,Saturday
22130,VANDALISM,23,SOUTHERN,6,Sunday
22131,VANDALISM,23,SOUTHERN,13,Thursday
22132,VANDALISM,23,SOUTHERN,16,Tuesday
22133,VANDALISM,23,SOUTHERN,10,Wednesday
22134,VANDALISM,23,TARAVAL,4,Friday
22135,VANDALISM,23,TARAVAL,5,Monday
22136,VANDALISM,23,TARAVAL,8,Saturday
22137,VANDALISM,23,TARAVAL,5,Sunday
22138,VANDALISM,23,TARAVAL,4,Thursday
22139,VANDALISM,23,TARAVAL,1,Tuesday
22140,VANDALISM,23,TARAVAL,2,Wednesday
22141,VANDALISM,23,TENDERLOIN,4,Friday
22142,VANDALISM,23,TENDERLOIN,4,Saturday
22143,VANDALISM,23,TENDERLOIN,2,Thursday
22144,VANDALISM,23,TENDERLOIN,3,Tuesday
22145,VANDALISM,23,TENDERLOIN,4,Wednesday
22146,VEHICLE THEFT,00,BAYVIEW,7,Friday
22147,VEHICLE THEFT,00,BAYVIEW,2,Monday
22148,VEHICLE THEFT,00,BAYVIEW,7,Saturday
22149,VEHICLE THEFT,00,BAYVIEW,9,Sunday
22150,VEHICLE THEFT,00,BAYVIEW,8,Thursday
22151,VEHICLE THEFT,00,BAYVIEW,5,Tuesday
22152,VEHICLE THEFT,00,CENTRAL,3,Friday
22153,VEHICLE THEFT,00,CENTRAL,1,Saturday
22154,VEHICLE THEFT,00,CENTRAL,3,Sunday
22155,VEHICLE THEFT,00,CENTRAL,2,Thursday
22156,VEHICLE THEFT,00,CENTRAL,5,Tuesday
22157,VEHICLE THEFT,00,CENTRAL,1,Wednesday
22158,VEHICLE THEFT,00,INGLESIDE,1,Friday
22159,VEHICLE THEFT,00,INGLESIDE,5,Monday
22160,VEHICLE THEFT,00,INGLESIDE,4,Saturday
22161,VEHICLE THEFT,00,INGLESIDE,3,Sunday
22162,VEHICLE THEFT,00,INGLESIDE,6,Thursday
22163,VEHICLE THEFT,00,INGLESIDE,9,Tuesday
22164,VEHICLE THEFT,00,INGLESIDE,5,Wednesday
22165,VEHICLE THEFT,00,MISSION,3,Friday
22166,VEHICLE THEFT,00,MISSION,7,Monday
22167,VEHICLE THEFT,00,MISSION,6,Saturday
22168,VEHICLE THEFT,00,MISSION,12,Sunday
22169,VEHICLE THEFT,00,MISSION,7,Thursday
22170,VEHICLE THEFT,00,MISSION,3,Tuesday
22171,VEHICLE THEFT,00,MISSION,5,Wednesday
22172,VEHICLE THEFT,00,NORTHERN,4,Friday
22173,VEHICLE THEFT,00,NORTHERN,1,Monday
22174,VEHICLE THEFT,00,NORTHERN,1,Saturday
22175,VEHICLE THEFT,00,NORTHERN,4,Sunday
22176,VEHICLE THEFT,00,NORTHERN,3,Thursday
22177,VEHICLE THEFT,00,NORTHERN,2,Tuesday
22178,VEHICLE THEFT,00,NORTHERN,1,Wednesday
22179,VEHICLE THEFT,00,PARK,1,Monday
22180,VEHICLE THEFT,00,PARK,4,Saturday
22181,VEHICLE THEFT,00,PARK,7,Sunday
22182,VEHICLE THEFT,00,PARK,2,Thursday
22183,VEHICLE THEFT,00,PARK,1,Tuesday
22184,VEHICLE THEFT,00,RICHMOND,1,Friday
22185,VEHICLE THEFT,00,RICHMOND,6,Monday
22186,VEHICLE THEFT,00,RICHMOND,1,Saturday
22187,VEHICLE THEFT,00,RICHMOND,1,Sunday
22188,VEHICLE THEFT,00,RICHMOND,1,Tuesday
22189,VEHICLE THEFT,00,RICHMOND,1,Wednesday
22190,VEHICLE THEFT,00,SOUTHERN,3,Friday
22191,VEHICLE THEFT,00,SOUTHERN,3,Monday
22192,VEHICLE THEFT,00,SOUTHERN,5,Saturday
22193,VEHICLE THEFT,00,SOUTHERN,5,Sunday
22194,VEHICLE THEFT,00,SOUTHERN,3,Thursday
22195,VEHICLE THEFT,00,SOUTHERN,5,Tuesday
22196,VEHICLE THEFT,00,SOUTHERN,2,Wednesday
22197,VEHICLE THEFT,00,TARAVAL,3,Friday
22198,VEHICLE THEFT,00,TARAVAL,1,Monday
22199,VEHICLE THEFT,00,TARAVAL,4,Saturday
22200,VEHICLE THEFT,00,TARAVAL,2,Sunday
22201,VEHICLE THEFT,00,TARAVAL,1,Thursday
22202,VEHICLE THEFT,00,TARAVAL,4,Tuesday
22203,VEHICLE THEFT,00,TARAVAL,2,Wednesday
22204,VEHICLE THEFT,00,TENDERLOIN,2,Friday
22205,VEHICLE THEFT,00,TENDERLOIN,1,Sunday
22206,VEHICLE THEFT,00,TENDERLOIN,3,Thursday
22207,VEHICLE THEFT,00,TENDERLOIN,2,Wednesday
22208,VEHICLE THEFT,01,BAYVIEW,2,Friday
22209,VEHICLE THEFT,01,BAYVIEW,3,Monday
22210,VEHICLE THEFT,01,BAYVIEW,5,Saturday
22211,VEHICLE THEFT,01,BAYVIEW,4,Sunday
22212,VEHICLE THEFT,01,BAYVIEW,8,Thursday
22213,VEHICLE THEFT,01,BAYVIEW,5,Tuesday
22214,VEHICLE THEFT,01,BAYVIEW,2,Wednesday
22215,VEHICLE THEFT,01,CENTRAL,1,Friday
22216,VEHICLE THEFT,01,CENTRAL,2,Monday
22217,VEHICLE THEFT,01,CENTRAL,2,Saturday
22218,VEHICLE THEFT,01,CENTRAL,2,Sunday
22219,VEHICLE THEFT,01,CENTRAL,8,Wednesday
22220,VEHICLE THEFT,01,INGLESIDE,3,Friday
22221,VEHICLE THEFT,01,INGLESIDE,3,Monday
22222,VEHICLE THEFT,01,INGLESIDE,6,Saturday
22223,VEHICLE THEFT,01,INGLESIDE,3,Sunday
22224,VEHICLE THEFT,01,INGLESIDE,3,Thursday
22225,VEHICLE THEFT,01,INGLESIDE,3,Tuesday
22226,VEHICLE THEFT,01,INGLESIDE,5,Wednesday
22227,VEHICLE THEFT,01,MISSION,9,Friday
22228,VEHICLE THEFT,01,MISSION,2,Monday
22229,VEHICLE THEFT,01,MISSION,5,Saturday
22230,VEHICLE THEFT,01,MISSION,4,Sunday
22231,VEHICLE THEFT,01,MISSION,6,Thursday
22232,VEHICLE THEFT,01,MISSION,3,Tuesday
22233,VEHICLE THEFT,01,MISSION,5,Wednesday
22234,VEHICLE THEFT,01,NORTHERN,2,Friday
22235,VEHICLE THEFT,01,NORTHERN,3,Monday
22236,VEHICLE THEFT,01,NORTHERN,4,Saturday
22237,VEHICLE THEFT,01,NORTHERN,3,Sunday
22238,VEHICLE THEFT,01,NORTHERN,3,Thursday
22239,VEHICLE THEFT,01,NORTHERN,1,Tuesday
22240,VEHICLE THEFT,01,NORTHERN,1,Wednesday
22241,VEHICLE THEFT,01,PARK,1,Friday
22242,VEHICLE THEFT,01,PARK,2,Monday
22243,VEHICLE THEFT,01,PARK,1,Saturday
22244,VEHICLE THEFT,01,PARK,1,Sunday
22245,VEHICLE THEFT,01,PARK,2,Wednesday
22246,VEHICLE THEFT,01,RICHMOND,2,Friday
22247,VEHICLE THEFT,01,RICHMOND,1,Saturday
22248,VEHICLE THEFT,01,RICHMOND,1,Thursday
22249,VEHICLE THEFT,01,RICHMOND,2,Tuesday
22250,VEHICLE THEFT,01,RICHMOND,3,Wednesday
22251,VEHICLE THEFT,01,SOUTHERN,5,Friday
22252,VEHICLE THEFT,01,SOUTHERN,2,Monday
22253,VEHICLE THEFT,01,SOUTHERN,1,Saturday
22254,VEHICLE THEFT,01,SOUTHERN,3,Sunday
22255,VEHICLE THEFT,01,SOUTHERN,4,Tuesday
22256,VEHICLE THEFT,01,TARAVAL,1,Friday
22257,VEHICLE THEFT,01,TARAVAL,2,Monday
22258,VEHICLE THEFT,01,TARAVAL,4,Saturday
22259,VEHICLE THEFT,01,TARAVAL,1,Sunday
22260,VEHICLE THEFT,01,TARAVAL,2,Tuesday
22261,VEHICLE THEFT,01,TARAVAL,2,Wednesday
22262,VEHICLE THEFT,01,TENDERLOIN,1,Friday
22263,VEHICLE THEFT,01,TENDERLOIN,2,Sunday
22264,VEHICLE THEFT,01,TENDERLOIN,2,Tuesday
22265,VEHICLE THEFT,02,BAYVIEW,4,Monday
22266,VEHICLE THEFT,02,BAYVIEW,1,Saturday
22267,VEHICLE THEFT,02,BAYVIEW,2,Sunday
22268,VEHICLE THEFT,02,BAYVIEW,1,Thursday
22269,VEHICLE THEFT,02,BAYVIEW,6,Tuesday
22270,VEHICLE THEFT,02,BAYVIEW,3,Wednesday
22271,VEHICLE THEFT,02,CENTRAL,1,Friday
22272,VEHICLE THEFT,02,CENTRAL,3,Saturday
22273,VEHICLE THEFT,02,CENTRAL,2,Sunday
22274,VEHICLE THEFT,02,CENTRAL,1,Thursday
22275,VEHICLE THEFT,02,CENTRAL,3,Tuesday
22276,VEHICLE THEFT,02,INGLESIDE,1,Friday
22277,VEHICLE THEFT,02,INGLESIDE,2,Monday
22278,VEHICLE THEFT,02,INGLESIDE,3,Saturday
22279,VEHICLE THEFT,02,INGLESIDE,3,Sunday
22280,VEHICLE THEFT,02,INGLESIDE,2,Thursday
22281,VEHICLE THEFT,02,INGLESIDE,2,Tuesday
22282,VEHICLE THEFT,02,INGLESIDE,4,Wednesday
22283,VEHICLE THEFT,02,MISSION,2,Friday
22284,VEHICLE THEFT,02,MISSION,2,Monday
22285,VEHICLE THEFT,02,MISSION,1,Saturday
22286,VEHICLE THEFT,02,MISSION,2,Thursday
22287,VEHICLE THEFT,02,MISSION,3,Tuesday
22288,VEHICLE THEFT,02,NORTHERN,2,Friday
22289,VEHICLE THEFT,02,NORTHERN,3,Monday
22290,VEHICLE THEFT,02,NORTHERN,4,Sunday
22291,VEHICLE THEFT,02,NORTHERN,1,Thursday
22292,VEHICLE THEFT,02,PARK,2,Saturday
22293,VEHICLE THEFT,02,PARK,1,Sunday
22294,VEHICLE THEFT,02,PARK,1,Thursday
22295,VEHICLE THEFT,02,RICHMOND,1,Friday
22296,VEHICLE THEFT,02,RICHMOND,1,Saturday
22297,VEHICLE THEFT,02,RICHMOND,1,Sunday
22298,VEHICLE THEFT,02,RICHMOND,2,Thursday
22299,VEHICLE THEFT,02,RICHMOND,1,Wednesday
22300,VEHICLE THEFT,02,SOUTHERN,2,Friday
22301,VEHICLE THEFT,02,SOUTHERN,2,Monday
22302,VEHICLE THEFT,02,SOUTHERN,2,Saturday
22303,VEHICLE THEFT,02,SOUTHERN,3,Sunday
22304,VEHICLE THEFT,02,SOUTHERN,3,Tuesday
22305,VEHICLE THEFT,02,SOUTHERN,3,Wednesday
22306,VEHICLE THEFT,02,TARAVAL,1,Friday
22307,VEHICLE THEFT,02,TARAVAL,1,Monday
22308,VEHICLE THEFT,02,TARAVAL,3,Saturday
22309,VEHICLE THEFT,02,TARAVAL,2,Sunday
22310,VEHICLE THEFT,02,TARAVAL,1,Thursday
22311,VEHICLE THEFT,02,TARAVAL,2,Tuesday
22312,VEHICLE THEFT,02,TARAVAL,2,Wednesday
22313,VEHICLE THEFT,02,TENDERLOIN,2,Monday
22314,VEHICLE THEFT,02,TENDERLOIN,2,Sunday
22315,VEHICLE THEFT,02,TENDERLOIN,2,Thursday
22316,VEHICLE THEFT,03,BAYVIEW,2,Friday
22317,VEHICLE THEFT,03,BAYVIEW,1,Monday
22318,VEHICLE THEFT,03,BAYVIEW,2,Saturday
22319,VEHICLE THEFT,03,BAYVIEW,2,Sunday
22320,VEHICLE THEFT,03,BAYVIEW,5,Thursday
22321,VEHICLE THEFT,03,BAYVIEW,2,Tuesday
22322,VEHICLE THEFT,03,BAYVIEW,1,Wednesday
22323,VEHICLE THEFT,03,CENTRAL,2,Friday
22324,VEHICLE THEFT,03,CENTRAL,1,Saturday
22325,VEHICLE THEFT,03,INGLESIDE,1,Monday
22326,VEHICLE THEFT,03,INGLESIDE,5,Sunday
22327,VEHICLE THEFT,03,INGLESIDE,1,Wednesday
22328,VEHICLE THEFT,03,MISSION,1,Friday
22329,VEHICLE THEFT,03,MISSION,1,Monday
22330,VEHICLE THEFT,03,MISSION,3,Saturday
22331,VEHICLE THEFT,03,MISSION,3,Sunday
22332,VEHICLE THEFT,03,MISSION,3,Tuesday
22333,VEHICLE THEFT,03,MISSION,3,Wednesday
22334,VEHICLE THEFT,03,NORTHERN,3,Friday
22335,VEHICLE THEFT,03,NORTHERN,2,Sunday
22336,VEHICLE THEFT,03,NORTHERN,2,Thursday
22337,VEHICLE THEFT,03,PARK,1,Friday
22338,VEHICLE THEFT,03,RICHMOND,1,Friday
22339,VEHICLE THEFT,03,RICHMOND,1,Monday
22340,VEHICLE THEFT,03,RICHMOND,1,Tuesday
22341,VEHICLE THEFT,03,RICHMOND,1,Wednesday
22342,VEHICLE THEFT,03,SOUTHERN,1,Friday
22343,VEHICLE THEFT,03,SOUTHERN,1,Monday
22344,VEHICLE THEFT,03,SOUTHERN,3,Saturday
22345,VEHICLE THEFT,03,SOUTHERN,1,Sunday
22346,VEHICLE THEFT,03,SOUTHERN,1,Thursday
22347,VEHICLE THEFT,03,TARAVAL,4,Sunday
22348,VEHICLE THEFT,03,TARAVAL,4,Tuesday
22349,VEHICLE THEFT,03,TARAVAL,1,Wednesday
22350,VEHICLE THEFT,03,TENDERLOIN,1,Saturday
22351,VEHICLE THEFT,03,TENDERLOIN,1,Sunday
22352,VEHICLE THEFT,03,TENDERLOIN,2,Thursday
22353,VEHICLE THEFT,04,BAYVIEW,4,Friday
22354,VEHICLE THEFT,04,BAYVIEW,2,Monday
22355,VEHICLE THEFT,04,BAYVIEW,2,Saturday
22356,VEHICLE THEFT,04,BAYVIEW,1,Thursday
22357,VEHICLE THEFT,04,BAYVIEW,4,Tuesday
22358,VEHICLE THEFT,04,BAYVIEW,3,Wednesday
22359,VEHICLE THEFT,04,CENTRAL,1,Friday
22360,VEHICLE THEFT,04,CENTRAL,2,Thursday
22361,VEHICLE THEFT,04,CENTRAL,1,Tuesday
22362,VEHICLE THEFT,04,CENTRAL,2,Wednesday
22363,VEHICLE THEFT,04,INGLESIDE,3,Monday
22364,VEHICLE THEFT,04,INGLESIDE,1,Saturday
22365,VEHICLE THEFT,04,INGLESIDE,2,Thursday
22366,VEHICLE THEFT,04,INGLESIDE,2,Tuesday
22367,VEHICLE THEFT,04,MISSION,1,Friday
22368,VEHICLE THEFT,04,MISSION,1,Saturday
22369,VEHICLE THEFT,04,MISSION,1,Sunday
22370,VEHICLE THEFT,04,MISSION,1,Tuesday
22371,VEHICLE THEFT,04,MISSION,1,Wednesday
22372,VEHICLE THEFT,04,NORTHERN,1,Monday
22373,VEHICLE THEFT,04,NORTHERN,1,Thursday
22374,VEHICLE THEFT,04,NORTHERN,1,Tuesday
22375,VEHICLE THEFT,04,NORTHERN,1,Wednesday
22376,VEHICLE THEFT,04,RICHMOND,2,Saturday
22377,VEHICLE THEFT,04,RICHMOND,3,Wednesday
22378,VEHICLE THEFT,04,SOUTHERN,2,Monday
22379,VEHICLE THEFT,04,SOUTHERN,1,Saturday
22380,VEHICLE THEFT,04,SOUTHERN,1,Sunday
22381,VEHICLE THEFT,04,SOUTHERN,2,Thursday
22382,VEHICLE THEFT,04,SOUTHERN,2,Wednesday
22383,VEHICLE THEFT,04,TARAVAL,2,Friday
22384,VEHICLE THEFT,04,TARAVAL,2,Saturday
22385,VEHICLE THEFT,04,TENDERLOIN,1,Wednesday
22386,VEHICLE THEFT,05,BAYVIEW,2,Friday
22387,VEHICLE THEFT,05,BAYVIEW,2,Monday
22388,VEHICLE THEFT,05,BAYVIEW,2,Saturday
22389,VEHICLE THEFT,05,BAYVIEW,5,Wednesday
22390,VEHICLE THEFT,05,CENTRAL,5,Saturday
22391,VEHICLE THEFT,05,CENTRAL,2,Thursday
22392,VEHICLE THEFT,05,INGLESIDE,1,Friday
22393,VEHICLE THEFT,05,INGLESIDE,1,Monday
22394,VEHICLE THEFT,05,INGLESIDE,1,Saturday
22395,VEHICLE THEFT,05,INGLESIDE,3,Sunday
22396,VEHICLE THEFT,05,INGLESIDE,3,Thursday
22397,VEHICLE THEFT,05,INGLESIDE,2,Tuesday
22398,VEHICLE THEFT,05,INGLESIDE,2,Wednesday
22399,VEHICLE THEFT,05,MISSION,1,Monday
22400,VEHICLE THEFT,05,MISSION,3,Saturday
22401,VEHICLE THEFT,05,MISSION,2,Thursday
22402,VEHICLE THEFT,05,MISSION,1,Wednesday
22403,VEHICLE THEFT,05,NORTHERN,2,Monday
22404,VEHICLE THEFT,05,NORTHERN,1,Sunday
22405,VEHICLE THEFT,05,NORTHERN,1,Thursday
22406,VEHICLE THEFT,05,NORTHERN,1,Tuesday
22407,VEHICLE THEFT,05,RICHMOND,3,Friday
22408,VEHICLE THEFT,05,RICHMOND,1,Monday
22409,VEHICLE THEFT,05,RICHMOND,1,Tuesday
22410,VEHICLE THEFT,05,RICHMOND,1,Wednesday
22411,VEHICLE THEFT,05,SOUTHERN,2,Friday
22412,VEHICLE THEFT,05,SOUTHERN,2,Monday
22413,VEHICLE THEFT,05,SOUTHERN,1,Saturday
22414,VEHICLE THEFT,05,SOUTHERN,1,Sunday
22415,VEHICLE THEFT,05,SOUTHERN,1,Tuesday
22416,VEHICLE THEFT,05,SOUTHERN,1,Wednesday
22417,VEHICLE THEFT,05,TARAVAL,1,Friday
22418,VEHICLE THEFT,05,TARAVAL,5,Saturday
22419,VEHICLE THEFT,05,TARAVAL,1,Tuesday
22420,VEHICLE THEFT,05,TARAVAL,1,Wednesday
22421,VEHICLE THEFT,05,TENDERLOIN,1,Friday
22422,VEHICLE THEFT,05,TENDERLOIN,1,Monday
22423,VEHICLE THEFT,06,BAYVIEW,6,Friday
22424,VEHICLE THEFT,06,BAYVIEW,8,Monday
22425,VEHICLE THEFT,06,BAYVIEW,2,Saturday
22426,VEHICLE THEFT,06,BAYVIEW,5,Sunday
22427,VEHICLE THEFT,06,BAYVIEW,1,Thursday
22428,VEHICLE THEFT,06,BAYVIEW,8,Tuesday
22429,VEHICLE THEFT,06,BAYVIEW,5,Wednesday
22430,VEHICLE THEFT,06,CENTRAL,2,Friday
22431,VEHICLE THEFT,06,CENTRAL,4,Monday
22432,VEHICLE THEFT,06,CENTRAL,2,Sunday
22433,VEHICLE THEFT,06,CENTRAL,2,Tuesday
22434,VEHICLE THEFT,06,CENTRAL,2,Wednesday
22435,VEHICLE THEFT,06,INGLESIDE,1,Friday
22436,VEHICLE THEFT,06,INGLESIDE,3,Sunday
22437,VEHICLE THEFT,06,INGLESIDE,2,Thursday
22438,VEHICLE THEFT,06,INGLESIDE,1,Tuesday
22439,VEHICLE THEFT,06,INGLESIDE,5,Wednesday
22440,VEHICLE THEFT,06,MISSION,1,Monday
22441,VEHICLE THEFT,06,MISSION,4,Saturday
22442,VEHICLE THEFT,06,MISSION,1,Sunday
22443,VEHICLE THEFT,06,MISSION,4,Thursday
22444,VEHICLE THEFT,06,MISSION,3,Tuesday
22445,VEHICLE THEFT,06,MISSION,2,Wednesday
22446,VEHICLE THEFT,06,NORTHERN,4,Friday
22447,VEHICLE THEFT,06,NORTHERN,1,Monday
22448,VEHICLE THEFT,06,NORTHERN,2,Saturday
22449,VEHICLE THEFT,06,NORTHERN,1,Sunday
22450,VEHICLE THEFT,06,NORTHERN,1,Thursday
22451,VEHICLE THEFT,06,NORTHERN,1,Tuesday
22452,VEHICLE THEFT,06,NORTHERN,1,Wednesday
22453,VEHICLE THEFT,06,PARK,2,Friday
22454,VEHICLE THEFT,06,PARK,2,Monday
22455,VEHICLE THEFT,06,PARK,1,Saturday
22456,VEHICLE THEFT,06,PARK,1,Thursday
22457,VEHICLE THEFT,06,PARK,4,Wednesday
22458,VEHICLE THEFT,06,RICHMOND,1,Friday
22459,VEHICLE THEFT,06,RICHMOND,2,Monday
22460,VEHICLE THEFT,06,RICHMOND,2,Sunday
22461,VEHICLE THEFT,06,RICHMOND,1,Thursday
22462,VEHICLE THEFT,06,SOUTHERN,5,Friday
22463,VEHICLE THEFT,06,SOUTHERN,4,Monday
22464,VEHICLE THEFT,06,SOUTHERN,2,Saturday
22465,VEHICLE THEFT,06,SOUTHERN,2,Sunday
22466,VEHICLE THEFT,06,SOUTHERN,4,Thursday
22467,VEHICLE THEFT,06,SOUTHERN,1,Tuesday
22468,VEHICLE THEFT,06,TARAVAL,2,Monday
22469,VEHICLE THEFT,06,TARAVAL,1,Sunday
22470,VEHICLE THEFT,06,TARAVAL,1,Tuesday
22471,VEHICLE THEFT,06,TARAVAL,2,Wednesday
22472,VEHICLE THEFT,06,TENDERLOIN,1,Monday
22473,VEHICLE THEFT,07,BAYVIEW,7,Friday
22474,VEHICLE THEFT,07,BAYVIEW,3,Monday
22475,VEHICLE THEFT,07,BAYVIEW,5,Saturday
22476,VEHICLE THEFT,07,BAYVIEW,4,Sunday
22477,VEHICLE THEFT,07,BAYVIEW,6,Thursday
22478,VEHICLE THEFT,07,BAYVIEW,4,Tuesday
22479,VEHICLE THEFT,07,BAYVIEW,8,Wednesday
22480,VEHICLE THEFT,07,CENTRAL,6,Friday
22481,VEHICLE THEFT,07,CENTRAL,1,Saturday
22482,VEHICLE THEFT,07,CENTRAL,1,Sunday
22483,VEHICLE THEFT,07,CENTRAL,3,Thursday
22484,VEHICLE THEFT,07,CENTRAL,2,Tuesday
22485,VEHICLE THEFT,07,CENTRAL,2,Wednesday
22486,VEHICLE THEFT,07,INGLESIDE,8,Friday
22487,VEHICLE THEFT,07,INGLESIDE,1,Monday
22488,VEHICLE THEFT,07,INGLESIDE,2,Saturday
22489,VEHICLE THEFT,07,INGLESIDE,4,Thursday
22490,VEHICLE THEFT,07,INGLESIDE,8,Tuesday
22491,VEHICLE THEFT,07,INGLESIDE,4,Wednesday
22492,VEHICLE THEFT,07,MISSION,5,Friday
22493,VEHICLE THEFT,07,MISSION,5,Monday
22494,VEHICLE THEFT,07,MISSION,3,Saturday
22495,VEHICLE THEFT,07,MISSION,1,Sunday
22496,VEHICLE THEFT,07,MISSION,2,Thursday
22497,VEHICLE THEFT,07,MISSION,4,Tuesday
22498,VEHICLE THEFT,07,MISSION,1,Wednesday
22499,VEHICLE THEFT,07,NORTHERN,5,Friday
22500,VEHICLE THEFT,07,NORTHERN,1,Monday
22501,VEHICLE THEFT,07,NORTHERN,1,Saturday
22502,VEHICLE THEFT,07,NORTHERN,1,Thursday
22503,VEHICLE THEFT,07,PARK,1,Friday
22504,VEHICLE THEFT,07,PARK,3,Monday
22505,VEHICLE THEFT,07,PARK,3,Sunday
22506,VEHICLE THEFT,07,PARK,1,Thursday
22507,VEHICLE THEFT,07,PARK,1,Wednesday
22508,VEHICLE THEFT,07,RICHMOND,1,Friday
22509,VEHICLE THEFT,07,RICHMOND,2,Monday
22510,VEHICLE THEFT,07,RICHMOND,1,Saturday
22511,VEHICLE THEFT,07,RICHMOND,4,Tuesday
22512,VEHICLE THEFT,07,RICHMOND,3,Wednesday
22513,VEHICLE THEFT,07,SOUTHERN,2,Friday
22514,VEHICLE THEFT,07,SOUTHERN,5,Monday
22515,VEHICLE THEFT,07,SOUTHERN,5,Sunday
22516,VEHICLE THEFT,07,SOUTHERN,3,Thursday
22517,VEHICLE THEFT,07,SOUTHERN,1,Tuesday
22518,VEHICLE THEFT,07,SOUTHERN,2,Wednesday
22519,VEHICLE THEFT,07,TARAVAL,3,Friday
22520,VEHICLE THEFT,07,TARAVAL,1,Saturday
22521,VEHICLE THEFT,07,TARAVAL,2,Thursday
22522,VEHICLE THEFT,07,TARAVAL,2,Tuesday
22523,VEHICLE THEFT,07,TARAVAL,5,Wednesday
22524,VEHICLE THEFT,07,TENDERLOIN,1,Monday
22525,VEHICLE THEFT,07,TENDERLOIN,1,Saturday
22526,VEHICLE THEFT,07,TENDERLOIN,1,Tuesday
22527,VEHICLE THEFT,07,TENDERLOIN,3,Wednesday
22528,VEHICLE THEFT,08,BAYVIEW,4,Friday
22529,VEHICLE THEFT,08,BAYVIEW,6,Monday
22530,VEHICLE THEFT,08,BAYVIEW,6,Saturday
22531,VEHICLE THEFT,08,BAYVIEW,5,Sunday
22532,VEHICLE THEFT,08,BAYVIEW,8,Thursday
22533,VEHICLE THEFT,08,BAYVIEW,3,Tuesday
22534,VEHICLE THEFT,08,BAYVIEW,3,Wednesday
22535,VEHICLE THEFT,08,CENTRAL,3,Friday
22536,VEHICLE THEFT,08,CENTRAL,1,Monday
22537,VEHICLE THEFT,08,CENTRAL,1,Saturday
22538,VEHICLE THEFT,08,CENTRAL,1,Sunday
22539,VEHICLE THEFT,08,CENTRAL,5,Tuesday
22540,VEHICLE THEFT,08,CENTRAL,6,Wednesday
22541,VEHICLE THEFT,08,INGLESIDE,4,Friday
22542,VEHICLE THEFT,08,INGLESIDE,4,Monday
22543,VEHICLE THEFT,08,INGLESIDE,7,Saturday
22544,VEHICLE THEFT,08,INGLESIDE,3,Sunday
22545,VEHICLE THEFT,08,INGLESIDE,6,Thursday
22546,VEHICLE THEFT,08,INGLESIDE,5,Tuesday
22547,VEHICLE THEFT,08,INGLESIDE,2,Wednesday
22548,VEHICLE THEFT,08,MISSION,2,Friday
22549,VEHICLE THEFT,08,MISSION,6,Monday
22550,VEHICLE THEFT,08,MISSION,1,Saturday
22551,VEHICLE THEFT,08,MISSION,5,Sunday
22552,VEHICLE THEFT,08,MISSION,2,Thursday
22553,VEHICLE THEFT,08,MISSION,2,Tuesday
22554,VEHICLE THEFT,08,MISSION,5,Wednesday
22555,VEHICLE THEFT,08,NORTHERN,5,Friday
22556,VEHICLE THEFT,08,NORTHERN,6,Monday
22557,VEHICLE THEFT,08,NORTHERN,3,Saturday
22558,VEHICLE THEFT,08,NORTHERN,3,Sunday
22559,VEHICLE THEFT,08,NORTHERN,3,Thursday
22560,VEHICLE THEFT,08,NORTHERN,8,Tuesday
22561,VEHICLE THEFT,08,NORTHERN,3,Wednesday
22562,VEHICLE THEFT,08,PARK,4,Friday
22563,VEHICLE THEFT,08,PARK,1,Saturday
22564,VEHICLE THEFT,08,PARK,1,Sunday
22565,VEHICLE THEFT,08,PARK,1,Thursday
22566,VEHICLE THEFT,08,RICHMOND,2,Friday
22567,VEHICLE THEFT,08,RICHMOND,4,Monday
22568,VEHICLE THEFT,08,RICHMOND,1,Saturday
22569,VEHICLE THEFT,08,RICHMOND,1,Sunday
22570,VEHICLE THEFT,08,RICHMOND,5,Thursday
22571,VEHICLE THEFT,08,RICHMOND,2,Tuesday
22572,VEHICLE THEFT,08,RICHMOND,5,Wednesday
22573,VEHICLE THEFT,08,SOUTHERN,3,Friday
22574,VEHICLE THEFT,08,SOUTHERN,2,Monday
22575,VEHICLE THEFT,08,SOUTHERN,2,Saturday
22576,VEHICLE THEFT,08,SOUTHERN,3,Sunday
22577,VEHICLE THEFT,08,SOUTHERN,10,Thursday
22578,VEHICLE THEFT,08,SOUTHERN,3,Wednesday
22579,VEHICLE THEFT,08,TARAVAL,1,Friday
22580,VEHICLE THEFT,08,TARAVAL,2,Monday
22581,VEHICLE THEFT,08,TARAVAL,5,Saturday
22582,VEHICLE THEFT,08,TARAVAL,1,Sunday
22583,VEHICLE THEFT,08,TARAVAL,3,Thursday
22584,VEHICLE THEFT,08,TARAVAL,4,Tuesday
22585,VEHICLE THEFT,08,TARAVAL,5,Wednesday
22586,VEHICLE THEFT,08,TENDERLOIN,1,Monday
22587,VEHICLE THEFT,08,TENDERLOIN,3,Tuesday
22588,VEHICLE THEFT,08,TENDERLOIN,2,Wednesday
22589,VEHICLE THEFT,09,BAYVIEW,6,Friday
22590,VEHICLE THEFT,09,BAYVIEW,5,Monday
22591,VEHICLE THEFT,09,BAYVIEW,8,Saturday
22592,VEHICLE THEFT,09,BAYVIEW,8,Sunday
22593,VEHICLE THEFT,09,BAYVIEW,2,Thursday
22594,VEHICLE THEFT,09,BAYVIEW,7,Tuesday
22595,VEHICLE THEFT,09,BAYVIEW,6,Wednesday
22596,VEHICLE THEFT,09,CENTRAL,1,Monday
22597,VEHICLE THEFT,09,CENTRAL,3,Saturday
22598,VEHICLE THEFT,09,CENTRAL,6,Sunday
22599,VEHICLE THEFT,09,CENTRAL,5,Tuesday
22600,VEHICLE THEFT,09,CENTRAL,2,Wednesday
22601,VEHICLE THEFT,09,INGLESIDE,4,Friday
22602,VEHICLE THEFT,09,INGLESIDE,7,Monday
22603,VEHICLE THEFT,09,INGLESIDE,2,Saturday
22604,VEHICLE THEFT,09,INGLESIDE,2,Sunday
22605,VEHICLE THEFT,09,INGLESIDE,2,Thursday
22606,VEHICLE THEFT,09,INGLESIDE,2,Tuesday
22607,VEHICLE THEFT,09,INGLESIDE,2,Wednesday
22608,VEHICLE THEFT,09,MISSION,9,Friday
22609,VEHICLE THEFT,09,MISSION,2,Monday
22610,VEHICLE THEFT,09,MISSION,1,Saturday
22611,VEHICLE THEFT,09,MISSION,5,Sunday
22612,VEHICLE THEFT,09,MISSION,6,Thursday
22613,VEHICLE THEFT,09,MISSION,5,Tuesday
22614,VEHICLE THEFT,09,MISSION,2,Wednesday
22615,VEHICLE THEFT,09,NORTHERN,6,Friday
22616,VEHICLE THEFT,09,NORTHERN,1,Monday
22617,VEHICLE THEFT,09,NORTHERN,7,Saturday
22618,VEHICLE THEFT,09,NORTHERN,4,Sunday
22619,VEHICLE THEFT,09,NORTHERN,5,Thursday
22620,VEHICLE THEFT,09,NORTHERN,4,Tuesday
22621,VEHICLE THEFT,09,NORTHERN,5,Wednesday
22622,VEHICLE THEFT,09,PARK,2,Friday
22623,VEHICLE THEFT,09,PARK,4,Monday
22624,VEHICLE THEFT,09,PARK,1,Sunday
22625,VEHICLE THEFT,09,PARK,3,Tuesday
22626,VEHICLE THEFT,09,PARK,2,Wednesday
22627,VEHICLE THEFT,09,RICHMOND,4,Friday
22628,VEHICLE THEFT,09,RICHMOND,1,Saturday
22629,VEHICLE THEFT,09,RICHMOND,4,Sunday
22630,VEHICLE THEFT,09,RICHMOND,4,Thursday
22631,VEHICLE THEFT,09,RICHMOND,5,Tuesday
22632,VEHICLE THEFT,09,RICHMOND,4,Wednesday
22633,VEHICLE THEFT,09,SOUTHERN,2,Friday
22634,VEHICLE THEFT,09,SOUTHERN,9,Monday
22635,VEHICLE THEFT,09,SOUTHERN,5,Thursday
22636,VEHICLE THEFT,09,SOUTHERN,3,Tuesday
22637,VEHICLE THEFT,09,SOUTHERN,9,Wednesday
22638,VEHICLE THEFT,09,TARAVAL,4,Friday
22639,VEHICLE THEFT,09,TARAVAL,4,Thursday
22640,VEHICLE THEFT,09,TARAVAL,2,Wednesday
22641,VEHICLE THEFT,09,TENDERLOIN,1,Friday
22642,VEHICLE THEFT,09,TENDERLOIN,3,Sunday
22643,VEHICLE THEFT,09,TENDERLOIN,2,Thursday
22644,VEHICLE THEFT,09,TENDERLOIN,1,Wednesday
22645,VEHICLE THEFT,10,BAYVIEW,4,Friday
22646,VEHICLE THEFT,10,BAYVIEW,3,Monday
22647,VEHICLE THEFT,10,BAYVIEW,4,Saturday
22648,VEHICLE THEFT,10,BAYVIEW,4,Sunday
22649,VEHICLE THEFT,10,BAYVIEW,5,Thursday
22650,VEHICLE THEFT,10,BAYVIEW,3,Tuesday
22651,VEHICLE THEFT,10,BAYVIEW,2,Wednesday
22652,VEHICLE THEFT,10,CENTRAL,5,Friday
22653,VEHICLE THEFT,10,CENTRAL,5,Monday
22654,VEHICLE THEFT,10,CENTRAL,3,Saturday
22655,VEHICLE THEFT,10,CENTRAL,3,Sunday
22656,VEHICLE THEFT,10,CENTRAL,1,Thursday
22657,VEHICLE THEFT,10,CENTRAL,1,Tuesday
22658,VEHICLE THEFT,10,CENTRAL,4,Wednesday
22659,VEHICLE THEFT,10,INGLESIDE,5,Friday
22660,VEHICLE THEFT,10,INGLESIDE,3,Monday
22661,VEHICLE THEFT,10,INGLESIDE,7,Saturday
22662,VEHICLE THEFT,10,INGLESIDE,7,Sunday
22663,VEHICLE THEFT,10,INGLESIDE,1,Tuesday
22664,VEHICLE THEFT,10,INGLESIDE,11,Wednesday
22665,VEHICLE THEFT,10,MISSION,1,Friday
22666,VEHICLE THEFT,10,MISSION,5,Monday
22667,VEHICLE THEFT,10,MISSION,3,Saturday
22668,VEHICLE THEFT,10,MISSION,4,Thursday
22669,VEHICLE THEFT,10,MISSION,3,Tuesday
22670,VEHICLE THEFT,10,MISSION,3,Wednesday
22671,VEHICLE THEFT,10,NORTHERN,3,Friday
22672,VEHICLE THEFT,10,NORTHERN,3,Monday
22673,VEHICLE THEFT,10,NORTHERN,5,Saturday
22674,VEHICLE THEFT,10,NORTHERN,4,Sunday
22675,VEHICLE THEFT,10,NORTHERN,4,Thursday
22676,VEHICLE THEFT,10,NORTHERN,4,Tuesday
22677,VEHICLE THEFT,10,NORTHERN,1,Wednesday
22678,VEHICLE THEFT,10,PARK,4,Friday
22679,VEHICLE THEFT,10,PARK,2,Monday
22680,VEHICLE THEFT,10,PARK,2,Saturday
22681,VEHICLE THEFT,10,PARK,1,Thursday
22682,VEHICLE THEFT,10,PARK,4,Tuesday
22683,VEHICLE THEFT,10,PARK,1,Wednesday
22684,VEHICLE THEFT,10,RICHMOND,1,Friday
22685,VEHICLE THEFT,10,RICHMOND,3,Monday
22686,VEHICLE THEFT,10,RICHMOND,4,Saturday
22687,VEHICLE THEFT,10,RICHMOND,3,Sunday
22688,VEHICLE THEFT,10,RICHMOND,3,Thursday
22689,VEHICLE THEFT,10,RICHMOND,3,Tuesday
22690,VEHICLE THEFT,10,RICHMOND,2,Wednesday
22691,VEHICLE THEFT,10,SOUTHERN,2,Friday
22692,VEHICLE THEFT,10,SOUTHERN,3,Monday
22693,VEHICLE THEFT,10,SOUTHERN,4,Sunday
22694,VEHICLE THEFT,10,SOUTHERN,3,Thursday
22695,VEHICLE THEFT,10,SOUTHERN,2,Tuesday
22696,VEHICLE THEFT,10,SOUTHERN,3,Wednesday
22697,VEHICLE THEFT,10,TARAVAL,7,Friday
22698,VEHICLE THEFT,10,TARAVAL,2,Monday
22699,VEHICLE THEFT,10,TARAVAL,1,Saturday
22700,VEHICLE THEFT,10,TARAVAL,4,Sunday
22701,VEHICLE THEFT,10,TARAVAL,3,Wednesday
22702,VEHICLE THEFT,10,TENDERLOIN,3,Friday
22703,VEHICLE THEFT,10,TENDERLOIN,2,Monday
22704,VEHICLE THEFT,10,TENDERLOIN,1,Tuesday
22705,VEHICLE THEFT,10,TENDERLOIN,1,Wednesday
22706,VEHICLE THEFT,11,BAYVIEW,1,Friday
22707,VEHICLE THEFT,11,BAYVIEW,1,Monday
22708,VEHICLE THEFT,11,BAYVIEW,2,Saturday
22709,VEHICLE THEFT,11,BAYVIEW,3,Sunday
22710,VEHICLE THEFT,11,BAYVIEW,4,Thursday
22711,VEHICLE THEFT,11,BAYVIEW,2,Tuesday
22712,VEHICLE THEFT,11,BAYVIEW,5,Wednesday
22713,VEHICLE THEFT,11,CENTRAL,6,Friday
22714,VEHICLE THEFT,11,CENTRAL,1,Monday
22715,VEHICLE THEFT,11,CENTRAL,3,Saturday
22716,VEHICLE THEFT,11,CENTRAL,2,Sunday
22717,VEHICLE THEFT,11,CENTRAL,3,Thursday
22718,VEHICLE THEFT,11,CENTRAL,1,Tuesday
22719,VEHICLE THEFT,11,INGLESIDE,4,Friday
22720,VEHICLE THEFT,11,INGLESIDE,1,Monday
22721,VEHICLE THEFT,11,INGLESIDE,4,Saturday
22722,VEHICLE THEFT,11,INGLESIDE,4,Sunday
22723,VEHICLE THEFT,11,INGLESIDE,5,Thursday
22724,VEHICLE THEFT,11,INGLESIDE,2,Tuesday
22725,VEHICLE THEFT,11,INGLESIDE,2,Wednesday
22726,VEHICLE THEFT,11,MISSION,3,Friday
22727,VEHICLE THEFT,11,MISSION,1,Monday
22728,VEHICLE THEFT,11,MISSION,8,Saturday
22729,VEHICLE THEFT,11,MISSION,4,Sunday
22730,VEHICLE THEFT,11,MISSION,8,Thursday
22731,VEHICLE THEFT,11,MISSION,4,Tuesday
22732,VEHICLE THEFT,11,MISSION,3,Wednesday
22733,VEHICLE THEFT,11,NORTHERN,4,Friday
22734,VEHICLE THEFT,11,NORTHERN,3,Monday
22735,VEHICLE THEFT,11,NORTHERN,4,Saturday
22736,VEHICLE THEFT,11,NORTHERN,3,Sunday
22737,VEHICLE THEFT,11,NORTHERN,1,Thursday
22738,VEHICLE THEFT,11,NORTHERN,2,Tuesday
22739,VEHICLE THEFT,11,NORTHERN,3,Wednesday
22740,VEHICLE THEFT,11,PARK,1,Friday
22741,VEHICLE THEFT,11,PARK,3,Monday
22742,VEHICLE THEFT,11,PARK,2,Saturday
22743,VEHICLE THEFT,11,PARK,1,Sunday
22744,VEHICLE THEFT,11,PARK,1,Thursday
22745,VEHICLE THEFT,11,PARK,3,Tuesday
22746,VEHICLE THEFT,11,PARK,1,Wednesday
22747,VEHICLE THEFT,11,RICHMOND,5,Friday
22748,VEHICLE THEFT,11,RICHMOND,6,Monday
22749,VEHICLE THEFT,11,RICHMOND,4,Saturday
22750,VEHICLE THEFT,11,RICHMOND,6,Sunday
22751,VEHICLE THEFT,11,SOUTHERN,2,Friday
22752,VEHICLE THEFT,11,SOUTHERN,6,Monday
22753,VEHICLE THEFT,11,SOUTHERN,8,Saturday
22754,VEHICLE THEFT,11,SOUTHERN,4,Thursday
22755,VEHICLE THEFT,11,SOUTHERN,1,Tuesday
22756,VEHICLE THEFT,11,SOUTHERN,2,Wednesday
22757,VEHICLE THEFT,11,TARAVAL,2,Friday
22758,VEHICLE THEFT,11,TARAVAL,1,Monday
22759,VEHICLE THEFT,11,TARAVAL,1,Saturday
22760,VEHICLE THEFT,11,TARAVAL,2,Sunday
22761,VEHICLE THEFT,11,TARAVAL,2,Thursday
22762,VEHICLE THEFT,11,TARAVAL,3,Tuesday
22763,VEHICLE THEFT,11,TARAVAL,2,Wednesday
22764,VEHICLE THEFT,11,TENDERLOIN,3,Friday
22765,VEHICLE THEFT,11,TENDERLOIN,1,Sunday
22766,VEHICLE THEFT,12,BAYVIEW,6,Friday
22767,VEHICLE THEFT,12,BAYVIEW,3,Monday
22768,VEHICLE THEFT,12,BAYVIEW,4,Saturday
22769,VEHICLE THEFT,12,BAYVIEW,7,Sunday
22770,VEHICLE THEFT,12,BAYVIEW,9,Thursday
22771,VEHICLE THEFT,12,BAYVIEW,3,Tuesday
22772,VEHICLE THEFT,12,BAYVIEW,1,Wednesday
22773,VEHICLE THEFT,12,CENTRAL,3,Friday
22774,VEHICLE THEFT,12,CENTRAL,4,Monday
22775,VEHICLE THEFT,12,CENTRAL,4,Saturday
22776,VEHICLE THEFT,12,CENTRAL,2,Sunday
22777,VEHICLE THEFT,12,CENTRAL,4,Thursday
22778,VEHICLE THEFT,12,CENTRAL,2,Tuesday
22779,VEHICLE THEFT,12,CENTRAL,2,Wednesday
22780,VEHICLE THEFT,12,INGLESIDE,4,Friday
22781,VEHICLE THEFT,12,INGLESIDE,1,Monday
22782,VEHICLE THEFT,12,INGLESIDE,7,Saturday
22783,VEHICLE THEFT,12,INGLESIDE,5,Sunday
22784,VEHICLE THEFT,12,INGLESIDE,4,Thursday
22785,VEHICLE THEFT,12,INGLESIDE,6,Tuesday
22786,VEHICLE THEFT,12,INGLESIDE,4,Wednesday
22787,VEHICLE THEFT,12,MISSION,4,Friday
22788,VEHICLE THEFT,12,MISSION,3,Monday
22789,VEHICLE THEFT,12,MISSION,5,Saturday
22790,VEHICLE THEFT,12,MISSION,6,Sunday
22791,VEHICLE THEFT,12,MISSION,4,Thursday
22792,VEHICLE THEFT,12,MISSION,3,Tuesday
22793,VEHICLE THEFT,12,MISSION,8,Wednesday
22794,VEHICLE THEFT,12,NORTHERN,2,Friday
22795,VEHICLE THEFT,12,NORTHERN,1,Monday
22796,VEHICLE THEFT,12,NORTHERN,8,Saturday
22797,VEHICLE THEFT,12,NORTHERN,3,Sunday
22798,VEHICLE THEFT,12,NORTHERN,8,Thursday
22799,VEHICLE THEFT,12,NORTHERN,3,Tuesday
22800,VEHICLE THEFT,12,NORTHERN,6,Wednesday
22801,VEHICLE THEFT,12,PARK,6,Friday
22802,VEHICLE THEFT,12,PARK,3,Monday
22803,VEHICLE THEFT,12,PARK,2,Saturday
22804,VEHICLE THEFT,12,PARK,9,Sunday
22805,VEHICLE THEFT,12,PARK,3,Thursday
22806,VEHICLE THEFT,12,PARK,4,Tuesday
22807,VEHICLE THEFT,12,PARK,8,Wednesday
22808,VEHICLE THEFT,12,RICHMOND,2,Monday
22809,VEHICLE THEFT,12,RICHMOND,6,Saturday
22810,VEHICLE THEFT,12,RICHMOND,4,Sunday
22811,VEHICLE THEFT,12,RICHMOND,2,Tuesday
22812,VEHICLE THEFT,12,RICHMOND,3,Wednesday
22813,VEHICLE THEFT,12,SOUTHERN,4,Friday
22814,VEHICLE THEFT,12,SOUTHERN,4,Monday
22815,VEHICLE THEFT,12,SOUTHERN,3,Saturday
22816,VEHICLE THEFT,12,SOUTHERN,6,Sunday
22817,VEHICLE THEFT,12,SOUTHERN,2,Thursday
22818,VEHICLE THEFT,12,SOUTHERN,2,Tuesday
22819,VEHICLE THEFT,12,SOUTHERN,4,Wednesday
22820,VEHICLE THEFT,12,TARAVAL,3,Friday
22821,VEHICLE THEFT,12,TARAVAL,2,Monday
22822,VEHICLE THEFT,12,TARAVAL,1,Saturday
22823,VEHICLE THEFT,12,TARAVAL,4,Sunday
22824,VEHICLE THEFT,12,TARAVAL,4,Thursday
22825,VEHICLE THEFT,12,TARAVAL,5,Tuesday
22826,VEHICLE THEFT,12,TARAVAL,4,Wednesday
22827,VEHICLE THEFT,12,TENDERLOIN,1,Friday
22828,VEHICLE THEFT,12,TENDERLOIN,2,Monday
22829,VEHICLE THEFT,12,TENDERLOIN,2,Sunday
22830,VEHICLE THEFT,12,TENDERLOIN,2,Wednesday
22831,VEHICLE THEFT,13,BAYVIEW,4,Friday
22832,VEHICLE THEFT,13,BAYVIEW,3,Monday
22833,VEHICLE THEFT,13,BAYVIEW,5,Saturday
22834,VEHICLE THEFT,13,BAYVIEW,2,Sunday
22835,VEHICLE THEFT,13,BAYVIEW,2,Thursday
22836,VEHICLE THEFT,13,BAYVIEW,5,Tuesday
22837,VEHICLE THEFT,13,BAYVIEW,4,Wednesday
22838,VEHICLE THEFT,13,CENTRAL,2,Friday
22839,VEHICLE THEFT,13,CENTRAL,2,Monday
22840,VEHICLE THEFT,13,CENTRAL,2,Saturday
22841,VEHICLE THEFT,13,CENTRAL,1,Sunday
22842,VEHICLE THEFT,13,CENTRAL,3,Thursday
22843,VEHICLE THEFT,13,CENTRAL,3,Tuesday
22844,VEHICLE THEFT,13,CENTRAL,3,Wednesday
22845,VEHICLE THEFT,13,INGLESIDE,1,Friday
22846,VEHICLE THEFT,13,INGLESIDE,3,Monday
22847,VEHICLE THEFT,13,INGLESIDE,5,Saturday
22848,VEHICLE THEFT,13,INGLESIDE,4,Sunday
22849,VEHICLE THEFT,13,INGLESIDE,1,Thursday
22850,VEHICLE THEFT,13,INGLESIDE,3,Tuesday
22851,VEHICLE THEFT,13,INGLESIDE,4,Wednesday
22852,VEHICLE THEFT,13,MISSION,3,Friday
22853,VEHICLE THEFT,13,MISSION,3,Monday
22854,VEHICLE THEFT,13,MISSION,2,Saturday
22855,VEHICLE THEFT,13,MISSION,2,Sunday
22856,VEHICLE THEFT,13,MISSION,7,Tuesday
22857,VEHICLE THEFT,13,MISSION,4,Wednesday
22858,VEHICLE THEFT,13,NORTHERN,6,Friday
22859,VEHICLE THEFT,13,NORTHERN,2,Saturday
22860,VEHICLE THEFT,13,NORTHERN,7,Sunday
22861,VEHICLE THEFT,13,NORTHERN,3,Thursday
22862,VEHICLE THEFT,13,NORTHERN,3,Tuesday
22863,VEHICLE THEFT,13,NORTHERN,1,Wednesday
22864,VEHICLE THEFT,13,PARK,3,Friday
22865,VEHICLE THEFT,13,PARK,2,Monday
22866,VEHICLE THEFT,13,PARK,4,Saturday
22867,VEHICLE THEFT,13,PARK,3,Sunday
22868,VEHICLE THEFT,13,PARK,2,Tuesday
22869,VEHICLE THEFT,13,RICHMOND,3,Friday
22870,VEHICLE THEFT,13,RICHMOND,2,Saturday
22871,VEHICLE THEFT,13,RICHMOND,1,Sunday
22872,VEHICLE THEFT,13,RICHMOND,3,Thursday
22873,VEHICLE THEFT,13,RICHMOND,2,Tuesday
22874,VEHICLE THEFT,13,SOUTHERN,1,Friday
22875,VEHICLE THEFT,13,SOUTHERN,3,Monday
22876,VEHICLE THEFT,13,SOUTHERN,5,Sunday
22877,VEHICLE THEFT,13,SOUTHERN,2,Thursday
22878,VEHICLE THEFT,13,SOUTHERN,2,Tuesday
22879,VEHICLE THEFT,13,SOUTHERN,3,Wednesday
22880,VEHICLE THEFT,13,TARAVAL,4,Friday
22881,VEHICLE THEFT,13,TARAVAL,1,Monday
22882,VEHICLE THEFT,13,TARAVAL,2,Sunday
22883,VEHICLE THEFT,13,TARAVAL,1,Thursday
22884,VEHICLE THEFT,13,TARAVAL,1,Tuesday
22885,VEHICLE THEFT,13,TARAVAL,2,Wednesday
22886,VEHICLE THEFT,13,TENDERLOIN,1,Friday
22887,VEHICLE THEFT,13,TENDERLOIN,1,Sunday
22888,VEHICLE THEFT,13,TENDERLOIN,2,Thursday
22889,VEHICLE THEFT,13,TENDERLOIN,2,Tuesday
22890,VEHICLE THEFT,13,TENDERLOIN,1,Wednesday
22891,VEHICLE THEFT,14,BAYVIEW,9,Friday
22892,VEHICLE THEFT,14,BAYVIEW,2,Monday
22893,VEHICLE THEFT,14,BAYVIEW,8,Saturday
22894,VEHICLE THEFT,14,BAYVIEW,6,Sunday
22895,VEHICLE THEFT,14,BAYVIEW,2,Thursday
22896,VEHICLE THEFT,14,BAYVIEW,9,Tuesday
22897,VEHICLE THEFT,14,BAYVIEW,8,Wednesday
22898,VEHICLE THEFT,14,CENTRAL,2,Friday
22899,VEHICLE THEFT,14,CENTRAL,4,Saturday
22900,VEHICLE THEFT,14,CENTRAL,4,Sunday
22901,VEHICLE THEFT,14,CENTRAL,4,Thursday
22902,VEHICLE THEFT,14,CENTRAL,3,Tuesday
22903,VEHICLE THEFT,14,CENTRAL,1,Wednesday
22904,VEHICLE THEFT,14,INGLESIDE,5,Friday
22905,VEHICLE THEFT,14,INGLESIDE,2,Monday
22906,VEHICLE THEFT,14,INGLESIDE,11,Saturday
22907,VEHICLE THEFT,14,INGLESIDE,2,Sunday
22908,VEHICLE THEFT,14,INGLESIDE,4,Thursday
22909,VEHICLE THEFT,14,INGLESIDE,2,Tuesday
22910,VEHICLE THEFT,14,INGLESIDE,4,Wednesday
22911,VEHICLE THEFT,14,MISSION,2,Friday
22912,VEHICLE THEFT,14,MISSION,5,Monday
22913,VEHICLE THEFT,14,MISSION,8,Saturday
22914,VEHICLE THEFT,14,MISSION,6,Sunday
22915,VEHICLE THEFT,14,MISSION,4,Tuesday
22916,VEHICLE THEFT,14,MISSION,2,Wednesday
22917,VEHICLE THEFT,14,NORTHERN,3,Friday
22918,VEHICLE THEFT,14,NORTHERN,4,Monday
22919,VEHICLE THEFT,14,NORTHERN,6,Saturday
22920,VEHICLE THEFT,14,NORTHERN,7,Sunday
22921,VEHICLE THEFT,14,NORTHERN,2,Thursday
22922,VEHICLE THEFT,14,NORTHERN,4,Tuesday
22923,VEHICLE THEFT,14,NORTHERN,3,Wednesday
22924,VEHICLE THEFT,14,PARK,5,Friday
22925,VEHICLE THEFT,14,PARK,1,Monday
22926,VEHICLE THEFT,14,PARK,1,Saturday
22927,VEHICLE THEFT,14,PARK,2,Sunday
22928,VEHICLE THEFT,14,PARK,2,Thursday
22929,VEHICLE THEFT,14,PARK,5,Tuesday
22930,VEHICLE THEFT,14,PARK,4,Wednesday
22931,VEHICLE THEFT,14,RICHMOND,5,Friday
22932,VEHICLE THEFT,14,RICHMOND,3,Monday
22933,VEHICLE THEFT,14,RICHMOND,5,Saturday
22934,VEHICLE THEFT,14,RICHMOND,1,Sunday
22935,VEHICLE THEFT,14,RICHMOND,5,Thursday
22936,VEHICLE THEFT,14,RICHMOND,4,Tuesday
22937,VEHICLE THEFT,14,RICHMOND,3,Wednesday
22938,VEHICLE THEFT,14,SOUTHERN,2,Friday
22939,VEHICLE THEFT,14,SOUTHERN,3,Monday
22940,VEHICLE THEFT,14,SOUTHERN,3,Saturday
22941,VEHICLE THEFT,14,SOUTHERN,3,Sunday
22942,VEHICLE THEFT,14,SOUTHERN,5,Thursday
22943,VEHICLE THEFT,14,SOUTHERN,4,Tuesday
22944,VEHICLE THEFT,14,SOUTHERN,2,Wednesday
22945,VEHICLE THEFT,14,TARAVAL,2,Friday
22946,VEHICLE THEFT,14,TARAVAL,3,Monday
22947,VEHICLE THEFT,14,TARAVAL,7,Saturday
22948,VEHICLE THEFT,14,TARAVAL,1,Sunday
22949,VEHICLE THEFT,14,TARAVAL,1,Thursday
22950,VEHICLE THEFT,14,TARAVAL,3,Tuesday
22951,VEHICLE THEFT,14,TARAVAL,2,Wednesday
22952,VEHICLE THEFT,14,TENDERLOIN,2,Monday
22953,VEHICLE THEFT,14,TENDERLOIN,1,Saturday
22954,VEHICLE THEFT,14,TENDERLOIN,2,Thursday
22955,VEHICLE THEFT,14,TENDERLOIN,1,Tuesday
22956,VEHICLE THEFT,14,TENDERLOIN,1,Wednesday
22957,VEHICLE THEFT,15,BAYVIEW,8,Friday
22958,VEHICLE THEFT,15,BAYVIEW,3,Monday
22959,VEHICLE THEFT,15,BAYVIEW,7,Saturday
22960,VEHICLE THEFT,15,BAYVIEW,4,Sunday
22961,VEHICLE THEFT,15,BAYVIEW,5,Thursday
22962,VEHICLE THEFT,15,BAYVIEW,4,Tuesday
22963,VEHICLE THEFT,15,BAYVIEW,5,Wednesday
22964,VEHICLE THEFT,15,CENTRAL,6,Friday
22965,VEHICLE THEFT,15,CENTRAL,7,Monday
22966,VEHICLE THEFT,15,CENTRAL,5,Saturday
22967,VEHICLE THEFT,15,CENTRAL,5,Sunday
22968,VEHICLE THEFT,15,CENTRAL,5,Thursday
22969,VEHICLE THEFT,15,CENTRAL,3,Tuesday
22970,VEHICLE THEFT,15,CENTRAL,2,Wednesday
22971,VEHICLE THEFT,15,INGLESIDE,3,Friday
22972,VEHICLE THEFT,15,INGLESIDE,3,Monday
22973,VEHICLE THEFT,15,INGLESIDE,6,Saturday
22974,VEHICLE THEFT,15,INGLESIDE,2,Sunday
22975,VEHICLE THEFT,15,INGLESIDE,2,Thursday
22976,VEHICLE THEFT,15,INGLESIDE,4,Tuesday
22977,VEHICLE THEFT,15,INGLESIDE,6,Wednesday
22978,VEHICLE THEFT,15,MISSION,5,Friday
22979,VEHICLE THEFT,15,MISSION,4,Monday
22980,VEHICLE THEFT,15,MISSION,2,Saturday
22981,VEHICLE THEFT,15,MISSION,10,Sunday
22982,VEHICLE THEFT,15,MISSION,5,Thursday
22983,VEHICLE THEFT,15,MISSION,4,Tuesday
22984,VEHICLE THEFT,15,MISSION,5,Wednesday
22985,VEHICLE THEFT,15,NORTHERN,4,Friday
22986,VEHICLE THEFT,15,NORTHERN,5,Monday
22987,VEHICLE THEFT,15,NORTHERN,8,Saturday
22988,VEHICLE THEFT,15,NORTHERN,7,Sunday
22989,VEHICLE THEFT,15,NORTHERN,6,Thursday
22990,VEHICLE THEFT,15,NORTHERN,2,Tuesday
22991,VEHICLE THEFT,15,NORTHERN,6,Wednesday
22992,VEHICLE THEFT,15,PARK,2,Monday
22993,VEHICLE THEFT,15,PARK,2,Saturday
22994,VEHICLE THEFT,15,PARK,1,Sunday
22995,VEHICLE THEFT,15,PARK,2,Thursday
22996,VEHICLE THEFT,15,PARK,6,Tuesday
22997,VEHICLE THEFT,15,PARK,8,Wednesday
22998,VEHICLE THEFT,15,RICHMOND,3,Friday
22999,VEHICLE THEFT,15,RICHMOND,3,Monday
23000,VEHICLE THEFT,15,RICHMOND,3,Saturday
23001,VEHICLE THEFT,15,RICHMOND,3,Sunday
23002,VEHICLE THEFT,15,RICHMOND,4,Thursday
23003,VEHICLE THEFT,15,RICHMOND,2,Tuesday
23004,VEHICLE THEFT,15,RICHMOND,3,Wednesday
23005,VEHICLE THEFT,15,SOUTHERN,9,Friday
23006,VEHICLE THEFT,15,SOUTHERN,2,Monday
23007,VEHICLE THEFT,15,SOUTHERN,2,Saturday
23008,VEHICLE THEFT,15,SOUTHERN,5,Sunday
23009,VEHICLE THEFT,15,SOUTHERN,3,Tuesday
23010,VEHICLE THEFT,15,SOUTHERN,4,Wednesday
23011,VEHICLE THEFT,15,TARAVAL,1,Friday
23012,VEHICLE THEFT,15,TARAVAL,5,Monday
23013,VEHICLE THEFT,15,TARAVAL,2,Saturday
23014,VEHICLE THEFT,15,TARAVAL,5,Sunday
23015,VEHICLE THEFT,15,TARAVAL,3,Thursday
23016,VEHICLE THEFT,15,TARAVAL,1,Tuesday
23017,VEHICLE THEFT,15,TARAVAL,4,Wednesday
23018,VEHICLE THEFT,15,TENDERLOIN,2,Monday
23019,VEHICLE THEFT,15,TENDERLOIN,2,Sunday
23020,VEHICLE THEFT,15,TENDERLOIN,2,Thursday
23021,VEHICLE THEFT,15,TENDERLOIN,1,Tuesday
23022,VEHICLE THEFT,16,BAYVIEW,3,Friday
23023,VEHICLE THEFT,16,BAYVIEW,5,Monday
23024,VEHICLE THEFT,16,BAYVIEW,10,Saturday
23025,VEHICLE THEFT,16,BAYVIEW,7,Sunday
23026,VEHICLE THEFT,16,BAYVIEW,8,Thursday
23027,VEHICLE THEFT,16,BAYVIEW,9,Tuesday
23028,VEHICLE THEFT,16,BAYVIEW,11,Wednesday
23029,VEHICLE THEFT,16,CENTRAL,3,Friday
23030,VEHICLE THEFT,16,CENTRAL,6,Monday
23031,VEHICLE THEFT,16,CENTRAL,4,Saturday
23032,VEHICLE THEFT,16,CENTRAL,2,Sunday
23033,VEHICLE THEFT,16,CENTRAL,3,Thursday
23034,VEHICLE THEFT,16,CENTRAL,5,Tuesday
23035,VEHICLE THEFT,16,CENTRAL,2,Wednesday
23036,VEHICLE THEFT,16,INGLESIDE,11,Friday
23037,VEHICLE THEFT,16,INGLESIDE,9,Monday
23038,VEHICLE THEFT,16,INGLESIDE,9,Saturday
23039,VEHICLE THEFT,16,INGLESIDE,6,Sunday
23040,VEHICLE THEFT,16,INGLESIDE,7,Thursday
23041,VEHICLE THEFT,16,INGLESIDE,9,Tuesday
23042,VEHICLE THEFT,16,INGLESIDE,9,Wednesday
23043,VEHICLE THEFT,16,MISSION,7,Friday
23044,VEHICLE THEFT,16,MISSION,10,Monday
23045,VEHICLE THEFT,16,MISSION,3,Saturday
23046,VEHICLE THEFT,16,MISSION,6,Sunday
23047,VEHICLE THEFT,16,MISSION,9,Thursday
23048,VEHICLE THEFT,16,MISSION,5,Tuesday
23049,VEHICLE THEFT,16,MISSION,5,Wednesday
23050,VEHICLE THEFT,16,NORTHERN,13,Friday
23051,VEHICLE THEFT,16,NORTHERN,4,Monday
23052,VEHICLE THEFT,16,NORTHERN,4,Saturday
23053,VEHICLE THEFT,16,NORTHERN,7,Sunday
23054,VEHICLE THEFT,16,NORTHERN,6,Thursday
23055,VEHICLE THEFT,16,NORTHERN,5,Tuesday
23056,VEHICLE THEFT,16,NORTHERN,3,Wednesday
23057,VEHICLE THEFT,16,PARK,4,Friday
23058,VEHICLE THEFT,16,PARK,7,Monday
23059,VEHICLE THEFT,16,PARK,4,Saturday
23060,VEHICLE THEFT,16,PARK,4,Sunday
23061,VEHICLE THEFT,16,PARK,3,Thursday
23062,VEHICLE THEFT,16,PARK,2,Tuesday
23063,VEHICLE THEFT,16,PARK,1,Wednesday
23064,VEHICLE THEFT,16,RICHMOND,6,Friday
23065,VEHICLE THEFT,16,RICHMOND,4,Monday
23066,VEHICLE THEFT,16,RICHMOND,3,Saturday
23067,VEHICLE THEFT,16,RICHMOND,1,Sunday
23068,VEHICLE THEFT,16,RICHMOND,5,Thursday
23069,VEHICLE THEFT,16,RICHMOND,3,Tuesday
23070,VEHICLE THEFT,16,RICHMOND,3,Wednesday
23071,VEHICLE THEFT,16,SOUTHERN,5,Friday
23072,VEHICLE THEFT,16,SOUTHERN,4,Monday
23073,VEHICLE THEFT,16,SOUTHERN,5,Saturday
23074,VEHICLE THEFT,16,SOUTHERN,2,Sunday
23075,VEHICLE THEFT,16,SOUTHERN,6,Thursday
23076,VEHICLE THEFT,16,SOUTHERN,1,Tuesday
23077,VEHICLE THEFT,16,SOUTHERN,7,Wednesday
23078,VEHICLE THEFT,16,TARAVAL,2,Friday
23079,VEHICLE THEFT,16,TARAVAL,7,Monday
23080,VEHICLE THEFT,16,TARAVAL,3,Saturday
23081,VEHICLE THEFT,16,TARAVAL,3,Sunday
23082,VEHICLE THEFT,16,TARAVAL,2,Thursday
23083,VEHICLE THEFT,16,TARAVAL,2,Tuesday
23084,VEHICLE THEFT,16,TARAVAL,3,Wednesday
23085,VEHICLE THEFT,16,TENDERLOIN,1,Friday
23086,VEHICLE THEFT,16,TENDERLOIN,3,Monday
23087,VEHICLE THEFT,16,TENDERLOIN,1,Saturday
23088,VEHICLE THEFT,16,TENDERLOIN,3,Sunday
23089,VEHICLE THEFT,16,TENDERLOIN,1,Thursday
23090,VEHICLE THEFT,16,TENDERLOIN,1,Tuesday
23091,VEHICLE THEFT,16,TENDERLOIN,1,Wednesday
23092,VEHICLE THEFT,17,BAYVIEW,12,Friday
23093,VEHICLE THEFT,17,BAYVIEW,9,Monday
23094,VEHICLE THEFT,17,BAYVIEW,12,Saturday
23095,VEHICLE THEFT,17,BAYVIEW,13,Sunday
23096,VEHICLE THEFT,17,BAYVIEW,11,Thursday
23097,VEHICLE THEFT,17,BAYVIEW,9,Tuesday
23098,VEHICLE THEFT,17,BAYVIEW,12,Wednesday
23099,VEHICLE THEFT,17,CENTRAL,1,Friday
23100,VEHICLE THEFT,17,CENTRAL,3,Monday
23101,VEHICLE THEFT,17,CENTRAL,6,Saturday
23102,VEHICLE THEFT,17,CENTRAL,6,Sunday
23103,VEHICLE THEFT,17,CENTRAL,5,Thursday
23104,VEHICLE THEFT,17,CENTRAL,7,Tuesday
23105,VEHICLE THEFT,17,CENTRAL,3,Wednesday
23106,VEHICLE THEFT,17,INGLESIDE,6,Friday
23107,VEHICLE THEFT,17,INGLESIDE,9,Monday
23108,VEHICLE THEFT,17,INGLESIDE,3,Saturday
23109,VEHICLE THEFT,17,INGLESIDE,8,Sunday
23110,VEHICLE THEFT,17,INGLESIDE,9,Thursday
23111,VEHICLE THEFT,17,INGLESIDE,10,Tuesday
23112,VEHICLE THEFT,17,INGLESIDE,12,Wednesday
23113,VEHICLE THEFT,17,MISSION,9,Friday
23114,VEHICLE THEFT,17,MISSION,10,Monday
23115,VEHICLE THEFT,17,MISSION,12,Saturday
23116,VEHICLE THEFT,17,MISSION,13,Sunday
23117,VEHICLE THEFT,17,MISSION,7,Thursday
23118,VEHICLE THEFT,17,MISSION,11,Tuesday
23119,VEHICLE THEFT,17,MISSION,5,Wednesday
23120,VEHICLE THEFT,17,NORTHERN,10,Friday
23121,VEHICLE THEFT,17,NORTHERN,8,Monday
23122,VEHICLE THEFT,17,NORTHERN,4,Saturday
23123,VEHICLE THEFT,17,NORTHERN,10,Sunday
23124,VEHICLE THEFT,17,NORTHERN,5,Thursday
23125,VEHICLE THEFT,17,NORTHERN,11,Tuesday
23126,VEHICLE THEFT,17,NORTHERN,18,Wednesday
23127,VEHICLE THEFT,17,PARK,6,Friday
23128,VEHICLE THEFT,17,PARK,6,Monday
23129,VEHICLE THEFT,17,PARK,3,Saturday
23130,VEHICLE THEFT,17,PARK,5,Sunday
23131,VEHICLE THEFT,17,PARK,7,Thursday
23132,VEHICLE THEFT,17,PARK,6,Tuesday
23133,VEHICLE THEFT,17,PARK,3,Wednesday
23134,VEHICLE THEFT,17,RICHMOND,6,Friday
23135,VEHICLE THEFT,17,RICHMOND,5,Monday
23136,VEHICLE THEFT,17,RICHMOND,5,Saturday
23137,VEHICLE THEFT,17,RICHMOND,5,Sunday
23138,VEHICLE THEFT,17,RICHMOND,4,Thursday
23139,VEHICLE THEFT,17,RICHMOND,5,Tuesday
23140,VEHICLE THEFT,17,RICHMOND,9,Wednesday
23141,VEHICLE THEFT,17,SOUTHERN,5,Friday
23142,VEHICLE THEFT,17,SOUTHERN,7,Monday
23143,VEHICLE THEFT,17,SOUTHERN,4,Saturday
23144,VEHICLE THEFT,17,SOUTHERN,5,Sunday
23145,VEHICLE THEFT,17,SOUTHERN,4,Thursday
23146,VEHICLE THEFT,17,SOUTHERN,11,Tuesday
23147,VEHICLE THEFT,17,SOUTHERN,9,Wednesday
23148,VEHICLE THEFT,17,TARAVAL,6,Friday
23149,VEHICLE THEFT,17,TARAVAL,7,Monday
23150,VEHICLE THEFT,17,TARAVAL,4,Saturday
23151,VEHICLE THEFT,17,TARAVAL,9,Sunday
23152,VEHICLE THEFT,17,TARAVAL,2,Thursday
23153,VEHICLE THEFT,17,TARAVAL,6,Tuesday
23154,VEHICLE THEFT,17,TARAVAL,4,Wednesday
23155,VEHICLE THEFT,17,TENDERLOIN,1,Friday
23156,VEHICLE THEFT,17,TENDERLOIN,2,Sunday
23157,VEHICLE THEFT,17,TENDERLOIN,1,Thursday
23158,VEHICLE THEFT,17,TENDERLOIN,2,Tuesday
23159,VEHICLE THEFT,17,TENDERLOIN,6,Wednesday
23160,VEHICLE THEFT,18,BAYVIEW,23,Friday
23161,VEHICLE THEFT,18,BAYVIEW,11,Monday
23162,VEHICLE THEFT,18,BAYVIEW,12,Saturday
23163,VEHICLE THEFT,18,BAYVIEW,20,Sunday
23164,VEHICLE THEFT,18,BAYVIEW,9,Thursday
23165,VEHICLE THEFT,18,BAYVIEW,14,Tuesday
23166,VEHICLE THEFT,18,BAYVIEW,14,Wednesday
23167,VEHICLE THEFT,18,CENTRAL,3,Friday
23168,VEHICLE THEFT,18,CENTRAL,4,Monday
23169,VEHICLE THEFT,18,CENTRAL,8,Saturday
23170,VEHICLE THEFT,18,CENTRAL,3,Sunday
23171,VEHICLE THEFT,18,CENTRAL,5,Thursday
23172,VEHICLE THEFT,18,CENTRAL,3,Tuesday
23173,VEHICLE THEFT,18,CENTRAL,5,Wednesday
23174,VEHICLE THEFT,18,INGLESIDE,12,Friday
23175,VEHICLE THEFT,18,INGLESIDE,10,Monday
23176,VEHICLE THEFT,18,INGLESIDE,6,Saturday
23177,VEHICLE THEFT,18,INGLESIDE,12,Sunday
23178,VEHICLE THEFT,18,INGLESIDE,8,Thursday
23179,VEHICLE THEFT,18,INGLESIDE,9,Tuesday
23180,VEHICLE THEFT,18,INGLESIDE,6,Wednesday
23181,VEHICLE THEFT,18,MISSION,11,Friday
23182,VEHICLE THEFT,18,MISSION,16,Monday
23183,VEHICLE THEFT,18,MISSION,10,Saturday
23184,VEHICLE THEFT,18,MISSION,16,Sunday
23185,VEHICLE THEFT,18,MISSION,20,Thursday
23186,VEHICLE THEFT,18,MISSION,12,Tuesday
23187,VEHICLE THEFT,18,MISSION,20,Wednesday
23188,VEHICLE THEFT,18,NORTHERN,8,Friday
23189,VEHICLE THEFT,18,NORTHERN,10,Monday
23190,VEHICLE THEFT,18,NORTHERN,11,Saturday
23191,VEHICLE THEFT,18,NORTHERN,5,Sunday
23192,VEHICLE THEFT,18,NORTHERN,5,Thursday
23193,VEHICLE THEFT,18,NORTHERN,13,Tuesday
23194,VEHICLE THEFT,18,NORTHERN,7,Wednesday
23195,VEHICLE THEFT,18,PARK,3,Friday
23196,VEHICLE THEFT,18,PARK,6,Monday
23197,VEHICLE THEFT,18,PARK,5,Saturday
23198,VEHICLE THEFT,18,PARK,6,Sunday
23199,VEHICLE THEFT,18,PARK,7,Thursday
23200,VEHICLE THEFT,18,PARK,5,Tuesday
23201,VEHICLE THEFT,18,PARK,6,Wednesday
23202,VEHICLE THEFT,18,RICHMOND,7,Friday
23203,VEHICLE THEFT,18,RICHMOND,6,Monday
23204,VEHICLE THEFT,18,RICHMOND,8,Saturday
23205,VEHICLE THEFT,18,RICHMOND,4,Sunday
23206,VEHICLE THEFT,18,RICHMOND,6,Thursday
23207,VEHICLE THEFT,18,RICHMOND,7,Tuesday
23208,VEHICLE THEFT,18,RICHMOND,13,Wednesday
23209,VEHICLE THEFT,18,SOUTHERN,3,Friday
23210,VEHICLE THEFT,18,SOUTHERN,3,Monday
23211,VEHICLE THEFT,18,SOUTHERN,4,Saturday
23212,VEHICLE THEFT,18,SOUTHERN,6,Sunday
23213,VEHICLE THEFT,18,SOUTHERN,11,Thursday
23214,VEHICLE THEFT,18,SOUTHERN,3,Tuesday
23215,VEHICLE THEFT,18,SOUTHERN,5,Wednesday
23216,VEHICLE THEFT,18,TARAVAL,7,Friday
23217,VEHICLE THEFT,18,TARAVAL,9,Monday
23218,VEHICLE THEFT,18,TARAVAL,5,Saturday
23219,VEHICLE THEFT,18,TARAVAL,3,Sunday
23220,VEHICLE THEFT,18,TARAVAL,4,Thursday
23221,VEHICLE THEFT,18,TARAVAL,9,Tuesday
23222,VEHICLE THEFT,18,TARAVAL,4,Wednesday
23223,VEHICLE THEFT,18,TENDERLOIN,3,Friday
23224,VEHICLE THEFT,18,TENDERLOIN,3,Monday
23225,VEHICLE THEFT,18,TENDERLOIN,1,Sunday
23226,VEHICLE THEFT,18,TENDERLOIN,3,Thursday
23227,VEHICLE THEFT,18,TENDERLOIN,2,Tuesday
23228,VEHICLE THEFT,18,TENDERLOIN,1,Wednesday
23229,VEHICLE THEFT,19,BAYVIEW,14,Friday
23230,VEHICLE THEFT,19,BAYVIEW,18,Monday
23231,VEHICLE THEFT,19,BAYVIEW,12,Saturday
23232,VEHICLE THEFT,19,BAYVIEW,15,Sunday
23233,VEHICLE THEFT,19,BAYVIEW,9,Thursday
23234,VEHICLE THEFT,19,BAYVIEW,11,Tuesday
23235,VEHICLE THEFT,19,BAYVIEW,13,Wednesday
23236,VEHICLE THEFT,19,CENTRAL,7,Friday
23237,VEHICLE THEFT,19,CENTRAL,5,Monday
23238,VEHICLE THEFT,19,CENTRAL,7,Saturday
23239,VEHICLE THEFT,19,CENTRAL,1,Sunday
23240,VEHICLE THEFT,19,CENTRAL,8,Thursday
23241,VEHICLE THEFT,19,CENTRAL,3,Tuesday
23242,VEHICLE THEFT,19,CENTRAL,5,Wednesday
23243,VEHICLE THEFT,19,INGLESIDE,9,Friday
23244,VEHICLE THEFT,19,INGLESIDE,6,Monday
23245,VEHICLE THEFT,19,INGLESIDE,8,Saturday
23246,VEHICLE THEFT,19,INGLESIDE,10,Sunday
23247,VEHICLE THEFT,19,INGLESIDE,16,Thursday
23248,VEHICLE THEFT,19,INGLESIDE,16,Tuesday
23249,VEHICLE THEFT,19,INGLESIDE,11,Wednesday
23250,VEHICLE THEFT,19,MISSION,10,Friday
23251,VEHICLE THEFT,19,MISSION,7,Monday
23252,VEHICLE THEFT,19,MISSION,7,Saturday
23253,VEHICLE THEFT,19,MISSION,13,Sunday
23254,VEHICLE THEFT,19,MISSION,6,Thursday
23255,VEHICLE THEFT,19,MISSION,8,Tuesday
23256,VEHICLE THEFT,19,MISSION,11,Wednesday
23257,VEHICLE THEFT,19,NORTHERN,14,Friday
23258,VEHICLE THEFT,19,NORTHERN,5,Monday
23259,VEHICLE THEFT,19,NORTHERN,8,Saturday
23260,VEHICLE THEFT,19,NORTHERN,9,Sunday
23261,VEHICLE THEFT,19,NORTHERN,4,Thursday
23262,VEHICLE THEFT,19,NORTHERN,7,Tuesday
23263,VEHICLE THEFT,19,NORTHERN,10,Wednesday
23264,VEHICLE THEFT,19,PARK,2,Friday
23265,VEHICLE THEFT,19,PARK,8,Monday
23266,VEHICLE THEFT,19,PARK,3,Saturday
23267,VEHICLE THEFT,19,PARK,3,Sunday
23268,VEHICLE THEFT,19,PARK,2,Thursday
23269,VEHICLE THEFT,19,PARK,5,Tuesday
23270,VEHICLE THEFT,19,PARK,6,Wednesday
23271,VEHICLE THEFT,19,RICHMOND,7,Friday
23272,VEHICLE THEFT,19,RICHMOND,7,Monday
23273,VEHICLE THEFT,19,RICHMOND,6,Saturday
23274,VEHICLE THEFT,19,RICHMOND,3,Sunday
23275,VEHICLE THEFT,19,RICHMOND,2,Thursday
23276,VEHICLE THEFT,19,RICHMOND,8,Tuesday
23277,VEHICLE THEFT,19,RICHMOND,6,Wednesday
23278,VEHICLE THEFT,19,SOUTHERN,6,Friday
23279,VEHICLE THEFT,19,SOUTHERN,3,Monday
23280,VEHICLE THEFT,19,SOUTHERN,4,Saturday
23281,VEHICLE THEFT,19,SOUTHERN,6,Sunday
23282,VEHICLE THEFT,19,SOUTHERN,7,Thursday
23283,VEHICLE THEFT,19,SOUTHERN,5,Wednesday
23284,VEHICLE THEFT,19,TARAVAL,7,Friday
23285,VEHICLE THEFT,19,TARAVAL,7,Monday
23286,VEHICLE THEFT,19,TARAVAL,7,Saturday
23287,VEHICLE THEFT,19,TARAVAL,3,Sunday
23288,VEHICLE THEFT,19,TARAVAL,10,Thursday
23289,VEHICLE THEFT,19,TARAVAL,6,Tuesday
23290,VEHICLE THEFT,19,TARAVAL,5,Wednesday
23291,VEHICLE THEFT,19,TENDERLOIN,1,Monday
23292,VEHICLE THEFT,19,TENDERLOIN,1,Saturday
23293,VEHICLE THEFT,19,TENDERLOIN,2,Sunday
23294,VEHICLE THEFT,19,TENDERLOIN,1,Thursday
23295,VEHICLE THEFT,19,TENDERLOIN,1,Tuesday
23296,VEHICLE THEFT,20,BAYVIEW,15,Friday
23297,VEHICLE THEFT,20,BAYVIEW,10,Monday
23298,VEHICLE THEFT,20,BAYVIEW,8,Saturday
23299,VEHICLE THEFT,20,BAYVIEW,8,Sunday
23300,VEHICLE THEFT,20,BAYVIEW,11,Thursday
23301,VEHICLE THEFT,20,BAYVIEW,9,Tuesday
23302,VEHICLE THEFT,20,BAYVIEW,11,Wednesday
23303,VEHICLE THEFT,20,CENTRAL,5,Friday
23304,VEHICLE THEFT,20,CENTRAL,8,Monday
23305,VEHICLE THEFT,20,CENTRAL,4,Saturday
23306,VEHICLE THEFT,20,CENTRAL,2,Sunday
23307,VEHICLE THEFT,20,CENTRAL,2,Thursday
23308,VEHICLE THEFT,20,CENTRAL,3,Tuesday
23309,VEHICLE THEFT,20,CENTRAL,2,Wednesday
23310,VEHICLE THEFT,20,INGLESIDE,10,Friday
23311,VEHICLE THEFT,20,INGLESIDE,15,Monday
23312,VEHICLE THEFT,20,INGLESIDE,6,Saturday
23313,VEHICLE THEFT,20,INGLESIDE,14,Sunday
23314,VEHICLE THEFT,20,INGLESIDE,12,Thursday
23315,VEHICLE THEFT,20,INGLESIDE,14,Tuesday
23316,VEHICLE THEFT,20,INGLESIDE,14,Wednesday
23317,VEHICLE THEFT,20,MISSION,14,Friday
23318,VEHICLE THEFT,20,MISSION,13,Monday
23319,VEHICLE THEFT,20,MISSION,8,Saturday
23320,VEHICLE THEFT,20,MISSION,10,Sunday
23321,VEHICLE THEFT,20,MISSION,7,Thursday
23322,VEHICLE THEFT,20,MISSION,12,Tuesday
23323,VEHICLE THEFT,20,MISSION,14,Wednesday
23324,VEHICLE THEFT,20,NORTHERN,11,Friday
23325,VEHICLE THEFT,20,NORTHERN,7,Monday
23326,VEHICLE THEFT,20,NORTHERN,11,Saturday
23327,VEHICLE THEFT,20,NORTHERN,6,Sunday
23328,VEHICLE THEFT,20,NORTHERN,13,Thursday
23329,VEHICLE THEFT,20,NORTHERN,10,Tuesday
23330,VEHICLE THEFT,20,NORTHERN,8,Wednesday
23331,VEHICLE THEFT,20,PARK,3,Friday
23332,VEHICLE THEFT,20,PARK,9,Monday
23333,VEHICLE THEFT,20,PARK,6,Saturday
23334,VEHICLE THEFT,20,PARK,5,Sunday
23335,VEHICLE THEFT,20,PARK,6,Thursday
23336,VEHICLE THEFT,20,PARK,10,Tuesday
23337,VEHICLE THEFT,20,PARK,5,Wednesday
23338,VEHICLE THEFT,20,RICHMOND,9,Friday
23339,VEHICLE THEFT,20,RICHMOND,5,Monday
23340,VEHICLE THEFT,20,RICHMOND,5,Saturday
23341,VEHICLE THEFT,20,RICHMOND,9,Sunday
23342,VEHICLE THEFT,20,RICHMOND,4,Thursday
23343,VEHICLE THEFT,20,RICHMOND,4,Tuesday
23344,VEHICLE THEFT,20,RICHMOND,6,Wednesday
23345,VEHICLE THEFT,20,SOUTHERN,7,Friday
23346,VEHICLE THEFT,20,SOUTHERN,3,Monday
23347,VEHICLE THEFT,20,SOUTHERN,6,Saturday
23348,VEHICLE THEFT,20,SOUTHERN,4,Sunday
23349,VEHICLE THEFT,20,SOUTHERN,9,Thursday
23350,VEHICLE THEFT,20,SOUTHERN,6,Tuesday
23351,VEHICLE THEFT,20,SOUTHERN,5,Wednesday
23352,VEHICLE THEFT,20,TARAVAL,7,Friday
23353,VEHICLE THEFT,20,TARAVAL,8,Monday
23354,VEHICLE THEFT,20,TARAVAL,8,Saturday
23355,VEHICLE THEFT,20,TARAVAL,13,Sunday
23356,VEHICLE THEFT,20,TARAVAL,5,Thursday
23357,VEHICLE THEFT,20,TARAVAL,9,Tuesday
23358,VEHICLE THEFT,20,TARAVAL,5,Wednesday
23359,VEHICLE THEFT,20,TENDERLOIN,3,Friday
23360,VEHICLE THEFT,20,TENDERLOIN,1,Monday
23361,VEHICLE THEFT,20,TENDERLOIN,2,Saturday
23362,VEHICLE THEFT,20,TENDERLOIN,1,Sunday
23363,VEHICLE THEFT,20,TENDERLOIN,1,Tuesday
23364,VEHICLE THEFT,20,TENDERLOIN,1,Wednesday
23365,VEHICLE THEFT,21,BAYVIEW,16,Friday
23366,VEHICLE THEFT,21,BAYVIEW,16,Monday
23367,VEHICLE THEFT,21,BAYVIEW,7,Saturday
23368,VEHICLE THEFT,21,BAYVIEW,8,Sunday
23369,VEHICLE THEFT,21,BAYVIEW,11,Thursday
23370,VEHICLE THEFT,21,BAYVIEW,7,Tuesday
23371,VEHICLE THEFT,21,BAYVIEW,13,Wednesday
23372,VEHICLE THEFT,21,CENTRAL,3,Friday
23373,VEHICLE THEFT,21,CENTRAL,6,Monday
23374,VEHICLE THEFT,21,CENTRAL,9,Saturday
23375,VEHICLE THEFT,21,CENTRAL,3,Sunday
23376,VEHICLE THEFT,21,CENTRAL,3,Thursday
23377,VEHICLE THEFT,21,CENTRAL,1,Tuesday
23378,VEHICLE THEFT,21,CENTRAL,3,Wednesday
23379,VEHICLE THEFT,21,INGLESIDE,14,Friday
23380,VEHICLE THEFT,21,INGLESIDE,16,Monday
23381,VEHICLE THEFT,21,INGLESIDE,14,Saturday
23382,VEHICLE THEFT,21,INGLESIDE,5,Sunday
23383,VEHICLE THEFT,21,INGLESIDE,9,Thursday
23384,VEHICLE THEFT,21,INGLESIDE,6,Tuesday
23385,VEHICLE THEFT,21,INGLESIDE,10,Wednesday
23386,VEHICLE THEFT,21,MISSION,8,Friday
23387,VEHICLE THEFT,21,MISSION,17,Monday
23388,VEHICLE THEFT,21,MISSION,14,Saturday
23389,VEHICLE THEFT,21,MISSION,9,Sunday
23390,VEHICLE THEFT,21,MISSION,8,Thursday
23391,VEHICLE THEFT,21,MISSION,11,Tuesday
23392,VEHICLE THEFT,21,MISSION,7,Wednesday
23393,VEHICLE THEFT,21,NORTHERN,11,Friday
23394,VEHICLE THEFT,21,NORTHERN,6,Monday
23395,VEHICLE THEFT,21,NORTHERN,7,Saturday
23396,VEHICLE THEFT,21,NORTHERN,6,Sunday
23397,VEHICLE THEFT,21,NORTHERN,9,Thursday
23398,VEHICLE THEFT,21,NORTHERN,6,Tuesday
23399,VEHICLE THEFT,21,NORTHERN,11,Wednesday
23400,VEHICLE THEFT,21,PARK,9,Friday
23401,VEHICLE THEFT,21,PARK,6,Monday
23402,VEHICLE THEFT,21,PARK,2,Saturday
23403,VEHICLE THEFT,21,PARK,6,Sunday
23404,VEHICLE THEFT,21,PARK,5,Thursday
23405,VEHICLE THEFT,21,PARK,7,Tuesday
23406,VEHICLE THEFT,21,PARK,4,Wednesday
23407,VEHICLE THEFT,21,RICHMOND,7,Friday
23408,VEHICLE THEFT,21,RICHMOND,6,Monday
23409,VEHICLE THEFT,21,RICHMOND,5,Saturday
23410,VEHICLE THEFT,21,RICHMOND,6,Sunday
23411,VEHICLE THEFT,21,RICHMOND,5,Thursday
23412,VEHICLE THEFT,21,RICHMOND,4,Tuesday
23413,VEHICLE THEFT,21,RICHMOND,1,Wednesday
23414,VEHICLE THEFT,21,SOUTHERN,5,Friday
23415,VEHICLE THEFT,21,SOUTHERN,4,Monday
23416,VEHICLE THEFT,21,SOUTHERN,11,Saturday
23417,VEHICLE THEFT,21,SOUTHERN,1,Sunday
23418,VEHICLE THEFT,21,SOUTHERN,5,Thursday
23419,VEHICLE THEFT,21,SOUTHERN,3,Tuesday
23420,VEHICLE THEFT,21,SOUTHERN,4,Wednesday
23421,VEHICLE THEFT,21,TARAVAL,10,Friday
23422,VEHICLE THEFT,21,TARAVAL,2,Monday
23423,VEHICLE THEFT,21,TARAVAL,9,Saturday
23424,VEHICLE THEFT,21,TARAVAL,4,Sunday
23425,VEHICLE THEFT,21,TARAVAL,7,Thursday
23426,VEHICLE THEFT,21,TARAVAL,4,Tuesday
23427,VEHICLE THEFT,21,TARAVAL,5,Wednesday
23428,VEHICLE THEFT,21,TENDERLOIN,2,Friday
23429,VEHICLE THEFT,21,TENDERLOIN,1,Monday
23430,VEHICLE THEFT,21,TENDERLOIN,1,Sunday
23431,VEHICLE THEFT,21,TENDERLOIN,3,Tuesday
23432,VEHICLE THEFT,21,TENDERLOIN,2,Wednesday
23433,VEHICLE THEFT,22,BAYVIEW,11,Friday
23434,VEHICLE THEFT,22,BAYVIEW,11,Monday
23435,VEHICLE THEFT,22,BAYVIEW,9,Saturday
23436,VEHICLE THEFT,22,BAYVIEW,9,Sunday
23437,VEHICLE THEFT,22,BAYVIEW,7,Thursday
23438,VEHICLE THEFT,22,BAYVIEW,9,Tuesday
23439,VEHICLE THEFT,22,BAYVIEW,15,Wednesday
23440,VEHICLE THEFT,22,CENTRAL,2,Friday
23441,VEHICLE THEFT,22,CENTRAL,4,Monday
23442,VEHICLE THEFT,22,CENTRAL,2,Saturday
23443,VEHICLE THEFT,22,CENTRAL,7,Sunday
23444,VEHICLE THEFT,22,CENTRAL,9,Thursday
23445,VEHICLE THEFT,22,CENTRAL,1,Tuesday
23446,VEHICLE THEFT,22,CENTRAL,6,Wednesday
23447,VEHICLE THEFT,22,INGLESIDE,13,Friday
23448,VEHICLE THEFT,22,INGLESIDE,15,Monday
23449,VEHICLE THEFT,22,INGLESIDE,10,Saturday
23450,VEHICLE THEFT,22,INGLESIDE,10,Sunday
23451,VEHICLE THEFT,22,INGLESIDE,8,Thursday
23452,VEHICLE THEFT,22,INGLESIDE,10,Tuesday
23453,VEHICLE THEFT,22,INGLESIDE,11,Wednesday
23454,VEHICLE THEFT,22,MISSION,11,Friday
23455,VEHICLE THEFT,22,MISSION,8,Monday
23456,VEHICLE THEFT,22,MISSION,11,Saturday
23457,VEHICLE THEFT,22,MISSION,14,Sunday
23458,VEHICLE THEFT,22,MISSION,12,Thursday
23459,VEHICLE THEFT,22,MISSION,14,Tuesday
23460,VEHICLE THEFT,22,MISSION,10,Wednesday
23461,VEHICLE THEFT,22,NORTHERN,8,Friday
23462,VEHICLE THEFT,22,NORTHERN,7,Monday
23463,VEHICLE THEFT,22,NORTHERN,5,Saturday
23464,VEHICLE THEFT,22,NORTHERN,7,Sunday
23465,VEHICLE THEFT,22,NORTHERN,4,Thursday
23466,VEHICLE THEFT,22,NORTHERN,9,Tuesday
23467,VEHICLE THEFT,22,NORTHERN,11,Wednesday
23468,VEHICLE THEFT,22,PARK,6,Friday
23469,VEHICLE THEFT,22,PARK,6,Monday
23470,VEHICLE THEFT,22,PARK,6,Saturday
23471,VEHICLE THEFT,22,PARK,9,Sunday
23472,VEHICLE THEFT,22,PARK,3,Thursday
23473,VEHICLE THEFT,22,PARK,9,Tuesday
23474,VEHICLE THEFT,22,RICHMOND,9,Friday
23475,VEHICLE THEFT,22,RICHMOND,10,Monday
23476,VEHICLE THEFT,22,RICHMOND,2,Saturday
23477,VEHICLE THEFT,22,RICHMOND,5,Sunday
23478,VEHICLE THEFT,22,RICHMOND,4,Thursday
23479,VEHICLE THEFT,22,RICHMOND,3,Tuesday
23480,VEHICLE THEFT,22,RICHMOND,5,Wednesday
23481,VEHICLE THEFT,22,SOUTHERN,8,Friday
23482,VEHICLE THEFT,22,SOUTHERN,6,Monday
23483,VEHICLE THEFT,22,SOUTHERN,19,Saturday
23484,VEHICLE THEFT,22,SOUTHERN,6,Sunday
23485,VEHICLE THEFT,22,SOUTHERN,7,Thursday
23486,VEHICLE THEFT,22,SOUTHERN,3,Tuesday
23487,VEHICLE THEFT,22,SOUTHERN,6,Wednesday
23488,VEHICLE THEFT,22,TARAVAL,4,Friday
23489,VEHICLE THEFT,22,TARAVAL,11,Monday
23490,VEHICLE THEFT,22,TARAVAL,6,Saturday
23491,VEHICLE THEFT,22,TARAVAL,6,Sunday
23492,VEHICLE THEFT,22,TARAVAL,7,Thursday
23493,VEHICLE THEFT,22,TARAVAL,3,Tuesday
23494,VEHICLE THEFT,22,TARAVAL,11,Wednesday
23495,VEHICLE THEFT,22,TENDERLOIN,1,Monday
23496,VEHICLE THEFT,22,TENDERLOIN,2,Saturday
23497,VEHICLE THEFT,23,BAYVIEW,12,Friday
23498,VEHICLE THEFT,23,BAYVIEW,7,Monday
23499,VEHICLE THEFT,23,BAYVIEW,18,Saturday
23500,VEHICLE THEFT,23,BAYVIEW,11,Sunday
23501,VEHICLE THEFT,23,BAYVIEW,5,Thursday
23502,VEHICLE THEFT,23,BAYVIEW,11,Tuesday
23503,VEHICLE THEFT,23,BAYVIEW,14,Wednesday
23504,VEHICLE THEFT,23,CENTRAL,7,Friday
23505,VEHICLE THEFT,23,CENTRAL,4,Monday
23506,VEHICLE THEFT,23,CENTRAL,10,Saturday
23507,VEHICLE THEFT,23,CENTRAL,3,Sunday
23508,VEHICLE THEFT,23,CENTRAL,1,Thursday
23509,VEHICLE THEFT,23,CENTRAL,2,Tuesday
23510,VEHICLE THEFT,23,CENTRAL,3,Wednesday
23511,VEHICLE THEFT,23,INGLESIDE,8,Friday
23512,VEHICLE THEFT,23,INGLESIDE,12,Monday
23513,VEHICLE THEFT,23,INGLESIDE,12,Saturday
23514,VEHICLE THEFT,23,INGLESIDE,9,Sunday
23515,VEHICLE THEFT,23,INGLESIDE,8,Thursday
23516,VEHICLE THEFT,23,INGLESIDE,5,Tuesday
23517,VEHICLE THEFT,23,INGLESIDE,10,Wednesday
23518,VEHICLE THEFT,23,MISSION,13,Friday
23519,VEHICLE THEFT,23,MISSION,3,Monday
23520,VEHICLE THEFT,23,MISSION,8,Saturday
23521,VEHICLE THEFT,23,MISSION,2,Sunday
23522,VEHICLE THEFT,23,MISSION,9,Thursday
23523,VEHICLE THEFT,23,MISSION,10,Tuesday
23524,VEHICLE THEFT,23,MISSION,8,Wednesday
23525,VEHICLE THEFT,23,NORTHERN,4,Friday
23526,VEHICLE THEFT,23,NORTHERN,2,Monday
23527,VEHICLE THEFT,23,NORTHERN,9,Saturday
23528,VEHICLE THEFT,23,NORTHERN,9,Sunday
23529,VEHICLE THEFT,23,NORTHERN,7,Thursday
23530,VEHICLE THEFT,23,NORTHERN,6,Tuesday
23531,VEHICLE THEFT,23,PARK,2,Friday
23532,VEHICLE THEFT,23,PARK,5,Monday
23533,VEHICLE THEFT,23,PARK,4,Saturday
23534,VEHICLE THEFT,23,PARK,5,Sunday
23535,VEHICLE THEFT,23,PARK,3,Thursday
23536,VEHICLE THEFT,23,PARK,1,Tuesday
23537,VEHICLE THEFT,23,PARK,1,Wednesday
23538,VEHICLE THEFT,23,RICHMOND,2,Friday
23539,VEHICLE THEFT,23,RICHMOND,4,Monday
23540,VEHICLE THEFT,23,RICHMOND,7,Saturday
23541,VEHICLE THEFT,23,RICHMOND,2,Sunday
23542,VEHICLE THEFT,23,RICHMOND,8,Thursday
23543,VEHICLE THEFT,23,RICHMOND,4,Tuesday
23544,VEHICLE THEFT,23,RICHMOND,5,Wednesday
23545,VEHICLE THEFT,23,SOUTHERN,16,Friday
23546,VEHICLE THEFT,23,SOUTHERN,3,Monday
23547,VEHICLE THEFT,23,SOUTHERN,14,Saturday
23548,VEHICLE THEFT,23,SOUTHERN,5,Sunday
23549,VEHICLE THEFT,23,SOUTHERN,5,Thursday
23550,VEHICLE THEFT,23,SOUTHERN,6,Tuesday
23551,VEHICLE THEFT,23,SOUTHERN,1,Wednesday
23552,VEHICLE THEFT,23,TARAVAL,2,Friday
23553,VEHICLE THEFT,23,TARAVAL,8,Monday
23554,VEHICLE THEFT,23,TARAVAL,1,Saturday
23555,VEHICLE THEFT,23,TARAVAL,6,Sunday
23556,VEHICLE THEFT,23,TARAVAL,6,Thursday
23557,VEHICLE THEFT,23,TARAVAL,4,Tuesday
23558,VEHICLE THEFT,23,TARAVAL,5,Wednesday
23559,VEHICLE THEFT,23,TENDERLOIN,1,Monday
23560,VEHICLE THEFT,23,TENDERLOIN,1,Saturday
23561,VEHICLE THEFT,23,TENDERLOIN,2,Sunday
23562,VEHICLE THEFT,23,TENDERLOIN,1,Wednesday
23563,WARRANTS,00,BAYVIEW,3,Friday
23564,WARRANTS,00,BAYVIEW,6,Monday
23565,WARRANTS,00,BAYVIEW,2,Saturday
23566,WARRANTS,00,BAYVIEW,4,Sunday
23567,WARRANTS,00,BAYVIEW,4,Thursday
23568,WARRANTS,00,BAYVIEW,2,Wednesday
23569,WARRANTS,00,CENTRAL,3,Friday
23570,WARRANTS,00,CENTRAL,3,Monday
23571,WARRANTS,00,CENTRAL,2,Saturday
23572,WARRANTS,00,CENTRAL,5,Tuesday
23573,WARRANTS,00,INGLESIDE,1,Friday
23574,WARRANTS,00,INGLESIDE,1,Saturday
23575,WARRANTS,00,INGLESIDE,1,Sunday
23576,WARRANTS,00,INGLESIDE,6,Thursday
23577,WARRANTS,00,INGLESIDE,2,Tuesday
23578,WARRANTS,00,MISSION,10,Friday
23579,WARRANTS,00,MISSION,12,Monday
23580,WARRANTS,00,MISSION,4,Saturday
23581,WARRANTS,00,MISSION,11,Sunday
23582,WARRANTS,00,MISSION,7,Thursday
23583,WARRANTS,00,MISSION,9,Tuesday
23584,WARRANTS,00,MISSION,8,Wednesday
23585,WARRANTS,00,NORTHERN,2,Friday
23586,WARRANTS,00,NORTHERN,1,Monday
23587,WARRANTS,00,NORTHERN,4,Saturday
23588,WARRANTS,00,NORTHERN,7,Sunday
23589,WARRANTS,00,NORTHERN,3,Tuesday
23590,WARRANTS,00,NORTHERN,6,Wednesday
23591,WARRANTS,00,PARK,2,Friday
23592,WARRANTS,00,PARK,1,Monday
23593,WARRANTS,00,PARK,1,Sunday
23594,WARRANTS,00,PARK,2,Tuesday
23595,WARRANTS,00,PARK,1,Wednesday
23596,WARRANTS,00,RICHMOND,1,Friday
23597,WARRANTS,00,RICHMOND,2,Monday
23598,WARRANTS,00,RICHMOND,1,Saturday
23599,WARRANTS,00,RICHMOND,1,Wednesday
23600,WARRANTS,00,SOUTHERN,11,Friday
23601,WARRANTS,00,SOUTHERN,5,Monday
23602,WARRANTS,00,SOUTHERN,1,Saturday
23603,WARRANTS,00,SOUTHERN,1,Sunday
23604,WARRANTS,00,SOUTHERN,8,Thursday
23605,WARRANTS,00,SOUTHERN,4,Tuesday
23606,WARRANTS,00,SOUTHERN,8,Wednesday
23607,WARRANTS,00,TARAVAL,3,Friday
23608,WARRANTS,00,TARAVAL,1,Monday
23609,WARRANTS,00,TARAVAL,2,Saturday
23610,WARRANTS,00,TARAVAL,1,Sunday
23611,WARRANTS,00,TARAVAL,1,Thursday
23612,WARRANTS,00,TARAVAL,2,Tuesday
23613,WARRANTS,00,TARAVAL,2,Wednesday
23614,WARRANTS,00,TENDERLOIN,2,Friday
23615,WARRANTS,00,TENDERLOIN,5,Saturday
23616,WARRANTS,00,TENDERLOIN,2,Sunday
23617,WARRANTS,00,TENDERLOIN,5,Thursday
23618,WARRANTS,00,TENDERLOIN,3,Tuesday
23619,WARRANTS,00,TENDERLOIN,1,Wednesday
23620,WARRANTS,01,BAYVIEW,2,Friday
23621,WARRANTS,01,BAYVIEW,4,Monday
23622,WARRANTS,01,BAYVIEW,1,Saturday
23623,WARRANTS,01,BAYVIEW,3,Sunday
23624,WARRANTS,01,BAYVIEW,2,Thursday
23625,WARRANTS,01,BAYVIEW,3,Tuesday
23626,WARRANTS,01,BAYVIEW,1,Wednesday
23627,WARRANTS,01,CENTRAL,3,Friday
23628,WARRANTS,01,CENTRAL,2,Monday
23629,WARRANTS,01,CENTRAL,1,Saturday
23630,WARRANTS,01,CENTRAL,2,Sunday
23631,WARRANTS,01,CENTRAL,1,Thursday
23632,WARRANTS,01,CENTRAL,4,Tuesday
23633,WARRANTS,01,INGLESIDE,2,Monday
23634,WARRANTS,01,INGLESIDE,3,Saturday
23635,WARRANTS,01,INGLESIDE,4,Sunday
23636,WARRANTS,01,INGLESIDE,1,Thursday
23637,WARRANTS,01,INGLESIDE,3,Tuesday
23638,WARRANTS,01,INGLESIDE,2,Wednesday
23639,WARRANTS,01,MISSION,7,Friday
23640,WARRANTS,01,MISSION,4,Monday
23641,WARRANTS,01,MISSION,3,Saturday
23642,WARRANTS,01,MISSION,4,Sunday
23643,WARRANTS,01,MISSION,4,Thursday
23644,WARRANTS,01,MISSION,5,Tuesday
23645,WARRANTS,01,MISSION,6,Wednesday
23646,WARRANTS,01,NORTHERN,4,Friday
23647,WARRANTS,01,NORTHERN,3,Monday
23648,WARRANTS,01,NORTHERN,2,Saturday
23649,WARRANTS,01,NORTHERN,2,Sunday
23650,WARRANTS,01,NORTHERN,7,Thursday
23651,WARRANTS,01,NORTHERN,1,Tuesday
23652,WARRANTS,01,NORTHERN,2,Wednesday
23653,WARRANTS,01,PARK,1,Thursday
23654,WARRANTS,01,PARK,1,Wednesday
23655,WARRANTS,01,RICHMOND,1,Friday
23656,WARRANTS,01,RICHMOND,2,Monday
23657,WARRANTS,01,RICHMOND,1,Saturday
23658,WARRANTS,01,RICHMOND,1,Sunday
23659,WARRANTS,01,RICHMOND,1,Tuesday
23660,WARRANTS,01,SOUTHERN,3,Friday
23661,WARRANTS,01,SOUTHERN,2,Monday
23662,WARRANTS,01,SOUTHERN,1,Saturday
23663,WARRANTS,01,SOUTHERN,1,Sunday
23664,WARRANTS,01,SOUTHERN,6,Thursday
23665,WARRANTS,01,SOUTHERN,3,Tuesday
23666,WARRANTS,01,SOUTHERN,2,Wednesday
23667,WARRANTS,01,TARAVAL,1,Monday
23668,WARRANTS,01,TARAVAL,2,Saturday
23669,WARRANTS,01,TARAVAL,1,Sunday
23670,WARRANTS,01,TARAVAL,1,Thursday
23671,WARRANTS,01,TARAVAL,2,Tuesday
23672,WARRANTS,01,TENDERLOIN,2,Friday
23673,WARRANTS,01,TENDERLOIN,1,Monday
23674,WARRANTS,01,TENDERLOIN,4,Saturday
23675,WARRANTS,01,TENDERLOIN,1,Sunday
23676,WARRANTS,01,TENDERLOIN,2,Thursday
23677,WARRANTS,01,TENDERLOIN,1,Tuesday
23678,WARRANTS,01,TENDERLOIN,1,Wednesday
23679,WARRANTS,02,BAYVIEW,1,Thursday
23680,WARRANTS,02,BAYVIEW,2,Tuesday
23681,WARRANTS,02,BAYVIEW,2,Wednesday
23682,WARRANTS,02,CENTRAL,2,Friday
23683,WARRANTS,02,CENTRAL,1,Monday
23684,WARRANTS,02,CENTRAL,1,Saturday
23685,WARRANTS,02,CENTRAL,1,Thursday
23686,WARRANTS,02,CENTRAL,3,Tuesday
23687,WARRANTS,02,CENTRAL,1,Wednesday
23688,WARRANTS,02,INGLESIDE,2,Saturday
23689,WARRANTS,02,INGLESIDE,1,Sunday
23690,WARRANTS,02,MISSION,1,Friday
23691,WARRANTS,02,MISSION,4,Monday
23692,WARRANTS,02,MISSION,6,Saturday
23693,WARRANTS,02,MISSION,3,Sunday
23694,WARRANTS,02,MISSION,3,Thursday
23695,WARRANTS,02,MISSION,3,Tuesday
23696,WARRANTS,02,MISSION,4,Wednesday
23697,WARRANTS,02,NORTHERN,5,Friday
23698,WARRANTS,02,NORTHERN,2,Monday
23699,WARRANTS,02,NORTHERN,3,Saturday
23700,WARRANTS,02,NORTHERN,3,Sunday
23701,WARRANTS,02,NORTHERN,5,Thursday
23702,WARRANTS,02,NORTHERN,5,Tuesday
23703,WARRANTS,02,NORTHERN,8,Wednesday
23704,WARRANTS,02,PARK,1,Friday
23705,WARRANTS,02,PARK,1,Wednesday
23706,WARRANTS,02,RICHMOND,3,Monday
23707,WARRANTS,02,RICHMOND,2,Thursday
23708,WARRANTS,02,RICHMOND,3,Wednesday
23709,WARRANTS,02,SOUTHERN,6,Friday
23710,WARRANTS,02,SOUTHERN,3,Monday
23711,WARRANTS,02,SOUTHERN,6,Saturday
23712,WARRANTS,02,SOUTHERN,1,Sunday
23713,WARRANTS,02,SOUTHERN,4,Tuesday
23714,WARRANTS,02,TARAVAL,1,Friday
23715,WARRANTS,02,TARAVAL,1,Monday
23716,WARRANTS,02,TARAVAL,1,Saturday
23717,WARRANTS,02,TARAVAL,5,Thursday
23718,WARRANTS,02,TARAVAL,1,Wednesday
23719,WARRANTS,02,TENDERLOIN,3,Friday
23720,WARRANTS,02,TENDERLOIN,4,Saturday
23721,WARRANTS,02,TENDERLOIN,2,Thursday
23722,WARRANTS,02,TENDERLOIN,1,Tuesday
23723,WARRANTS,02,TENDERLOIN,2,Wednesday
23724,WARRANTS,03,BAYVIEW,2,Friday
23725,WARRANTS,03,BAYVIEW,1,Wednesday
23726,WARRANTS,03,CENTRAL,1,Friday
23727,WARRANTS,03,CENTRAL,2,Monday
23728,WARRANTS,03,CENTRAL,1,Saturday
23729,WARRANTS,03,CENTRAL,3,Tuesday
23730,WARRANTS,03,INGLESIDE,2,Saturday
23731,WARRANTS,03,INGLESIDE,1,Thursday
23732,WARRANTS,03,INGLESIDE,1,Wednesday
23733,WARRANTS,03,MISSION,3,Friday
23734,WARRANTS,03,MISSION,5,Monday
23735,WARRANTS,03,MISSION,7,Saturday
23736,WARRANTS,03,MISSION,11,Sunday
23737,WARRANTS,03,MISSION,3,Thursday
23738,WARRANTS,03,MISSION,5,Tuesday
23739,WARRANTS,03,MISSION,2,Wednesday
23740,WARRANTS,03,NORTHERN,6,Friday
23741,WARRANTS,03,NORTHERN,4,Monday
23742,WARRANTS,03,NORTHERN,4,Saturday
23743,WARRANTS,03,NORTHERN,3,Sunday
23744,WARRANTS,03,NORTHERN,5,Thursday
23745,WARRANTS,03,NORTHERN,9,Tuesday
23746,WARRANTS,03,NORTHERN,6,Wednesday
23747,WARRANTS,03,PARK,1,Monday
23748,WARRANTS,03,PARK,1,Saturday
23749,WARRANTS,03,PARK,1,Thursday
23750,WARRANTS,03,PARK,1,Wednesday
23751,WARRANTS,03,RICHMOND,1,Saturday
23752,WARRANTS,03,RICHMOND,1,Wednesday
23753,WARRANTS,03,SOUTHERN,3,Monday
23754,WARRANTS,03,SOUTHERN,3,Saturday
23755,WARRANTS,03,SOUTHERN,2,Sunday
23756,WARRANTS,03,SOUTHERN,2,Thursday
23757,WARRANTS,03,SOUTHERN,1,Tuesday
23758,WARRANTS,03,SOUTHERN,4,Wednesday
23759,WARRANTS,03,TARAVAL,1,Friday
23760,WARRANTS,03,TARAVAL,2,Monday
23761,WARRANTS,03,TARAVAL,4,Saturday
23762,WARRANTS,03,TARAVAL,1,Sunday
23763,WARRANTS,03,TARAVAL,1,Thursday
23764,WARRANTS,03,TENDERLOIN,4,Saturday
23765,WARRANTS,03,TENDERLOIN,3,Thursday
23766,WARRANTS,03,TENDERLOIN,2,Tuesday
23767,WARRANTS,04,BAYVIEW,1,Thursday
23768,WARRANTS,04,BAYVIEW,1,Wednesday
23769,WARRANTS,04,CENTRAL,1,Friday
23770,WARRANTS,04,CENTRAL,1,Saturday
23771,WARRANTS,04,CENTRAL,1,Sunday
23772,WARRANTS,04,CENTRAL,1,Thursday
23773,WARRANTS,04,CENTRAL,3,Tuesday
23774,WARRANTS,04,INGLESIDE,1,Saturday
23775,WARRANTS,04,INGLESIDE,2,Tuesday
23776,WARRANTS,04,MISSION,2,Monday
23777,WARRANTS,04,MISSION,3,Thursday
23778,WARRANTS,04,MISSION,4,Tuesday
23779,WARRANTS,04,MISSION,5,Wednesday
23780,WARRANTS,04,NORTHERN,1,Friday
23781,WARRANTS,04,NORTHERN,5,Monday
23782,WARRANTS,04,NORTHERN,3,Saturday
23783,WARRANTS,04,NORTHERN,1,Sunday
23784,WARRANTS,04,NORTHERN,1,Thursday
23785,WARRANTS,04,NORTHERN,3,Tuesday
23786,WARRANTS,04,NORTHERN,3,Wednesday
23787,WARRANTS,04,PARK,2,Friday
23788,WARRANTS,04,PARK,1,Monday
23789,WARRANTS,04,PARK,3,Saturday
23790,WARRANTS,04,PARK,2,Sunday
23791,WARRANTS,04,PARK,4,Thursday
23792,WARRANTS,04,RICHMOND,3,Monday
23793,WARRANTS,04,RICHMOND,1,Thursday
23794,WARRANTS,04,RICHMOND,2,Tuesday
23795,WARRANTS,04,RICHMOND,1,Wednesday
23796,WARRANTS,04,SOUTHERN,1,Friday
23797,WARRANTS,04,SOUTHERN,3,Monday
23798,WARRANTS,04,SOUTHERN,4,Saturday
23799,WARRANTS,04,SOUTHERN,1,Sunday
23800,WARRANTS,04,SOUTHERN,2,Thursday
23801,WARRANTS,04,SOUTHERN,4,Tuesday
23802,WARRANTS,04,SOUTHERN,4,Wednesday
23803,WARRANTS,04,TARAVAL,1,Friday
23804,WARRANTS,04,TARAVAL,1,Saturday
23805,WARRANTS,04,TARAVAL,1,Sunday
23806,WARRANTS,04,TENDERLOIN,1,Friday
23807,WARRANTS,04,TENDERLOIN,2,Saturday
23808,WARRANTS,04,TENDERLOIN,4,Thursday
23809,WARRANTS,05,BAYVIEW,1,Friday
23810,WARRANTS,05,BAYVIEW,2,Monday
23811,WARRANTS,05,BAYVIEW,4,Thursday
23812,WARRANTS,05,CENTRAL,1,Saturday
23813,WARRANTS,05,CENTRAL,1,Sunday
23814,WARRANTS,05,INGLESIDE,1,Friday
23815,WARRANTS,05,INGLESIDE,1,Monday
23816,WARRANTS,05,INGLESIDE,1,Wednesday
23817,WARRANTS,05,MISSION,1,Friday
23818,WARRANTS,05,MISSION,3,Monday
23819,WARRANTS,05,MISSION,3,Saturday
23820,WARRANTS,05,MISSION,1,Thursday
23821,WARRANTS,05,MISSION,3,Wednesday
23822,WARRANTS,05,NORTHERN,1,Friday
23823,WARRANTS,05,NORTHERN,2,Saturday
23824,WARRANTS,05,NORTHERN,3,Sunday
23825,WARRANTS,05,NORTHERN,2,Thursday
23826,WARRANTS,05,NORTHERN,2,Tuesday
23827,WARRANTS,05,NORTHERN,1,Wednesday
23828,WARRANTS,05,PARK,1,Friday
23829,WARRANTS,05,PARK,1,Monday
23830,WARRANTS,05,PARK,3,Sunday
23831,WARRANTS,05,PARK,5,Thursday
23832,WARRANTS,05,PARK,1,Wednesday
23833,WARRANTS,05,RICHMOND,1,Saturday
23834,WARRANTS,05,RICHMOND,2,Sunday
23835,WARRANTS,05,RICHMOND,2,Wednesday
23836,WARRANTS,05,SOUTHERN,2,Friday
23837,WARRANTS,05,SOUTHERN,3,Monday
23838,WARRANTS,05,SOUTHERN,2,Sunday
23839,WARRANTS,05,SOUTHERN,1,Thursday
23840,WARRANTS,05,SOUTHERN,3,Wednesday
23841,WARRANTS,05,TARAVAL,2,Monday
23842,WARRANTS,05,TARAVAL,1,Wednesday
23843,WARRANTS,05,TENDERLOIN,2,Friday
23844,WARRANTS,05,TENDERLOIN,3,Monday
23845,WARRANTS,05,TENDERLOIN,1,Sunday
23846,WARRANTS,05,TENDERLOIN,1,Tuesday
23847,WARRANTS,06,BAYVIEW,2,Friday
23848,WARRANTS,06,BAYVIEW,1,Monday
23849,WARRANTS,06,BAYVIEW,2,Saturday
23850,WARRANTS,06,BAYVIEW,3,Thursday
23851,WARRANTS,06,BAYVIEW,1,Tuesday
23852,WARRANTS,06,CENTRAL,2,Friday
23853,WARRANTS,06,CENTRAL,1,Monday
23854,WARRANTS,06,CENTRAL,1,Saturday
23855,WARRANTS,06,CENTRAL,1,Thursday
23856,WARRANTS,06,CENTRAL,3,Tuesday
23857,WARRANTS,06,CENTRAL,2,Wednesday
23858,WARRANTS,06,INGLESIDE,1,Friday
23859,WARRANTS,06,INGLESIDE,1,Saturday
23860,WARRANTS,06,INGLESIDE,1,Tuesday
23861,WARRANTS,06,MISSION,5,Friday
23862,WARRANTS,06,MISSION,4,Monday
23863,WARRANTS,06,MISSION,2,Saturday
23864,WARRANTS,06,MISSION,2,Sunday
23865,WARRANTS,06,MISSION,4,Thursday
23866,WARRANTS,06,MISSION,1,Tuesday
23867,WARRANTS,06,MISSION,5,Wednesday
23868,WARRANTS,06,NORTHERN,1,Monday
23869,WARRANTS,06,NORTHERN,3,Sunday
23870,WARRANTS,06,NORTHERN,1,Thursday
23871,WARRANTS,06,NORTHERN,4,Wednesday
23872,WARRANTS,06,PARK,1,Friday
23873,WARRANTS,06,PARK,1,Monday
23874,WARRANTS,06,PARK,1,Saturday
23875,WARRANTS,06,PARK,1,Sunday
23876,WARRANTS,06,PARK,1,Thursday
23877,WARRANTS,06,PARK,2,Tuesday
23878,WARRANTS,06,PARK,1,Wednesday
23879,WARRANTS,06,RICHMOND,1,Monday
23880,WARRANTS,06,SOUTHERN,4,Friday
23881,WARRANTS,06,SOUTHERN,3,Monday
23882,WARRANTS,06,SOUTHERN,3,Saturday
23883,WARRANTS,06,SOUTHERN,4,Sunday
23884,WARRANTS,06,SOUTHERN,3,Thursday
23885,WARRANTS,06,SOUTHERN,3,Tuesday
23886,WARRANTS,06,SOUTHERN,2,Wednesday
23887,WARRANTS,06,TARAVAL,1,Saturday
23888,WARRANTS,06,TARAVAL,2,Wednesday
23889,WARRANTS,06,TENDERLOIN,1,Friday
23890,WARRANTS,06,TENDERLOIN,3,Monday
23891,WARRANTS,06,TENDERLOIN,1,Saturday
23892,WARRANTS,06,TENDERLOIN,1,Sunday
23893,WARRANTS,06,TENDERLOIN,3,Tuesday
23894,WARRANTS,07,BAYVIEW,5,Friday
23895,WARRANTS,07,BAYVIEW,3,Monday
23896,WARRANTS,07,BAYVIEW,1,Saturday
23897,WARRANTS,07,BAYVIEW,3,Sunday
23898,WARRANTS,07,BAYVIEW,3,Thursday
23899,WARRANTS,07,BAYVIEW,1,Tuesday
23900,WARRANTS,07,BAYVIEW,4,Wednesday
23901,WARRANTS,07,CENTRAL,6,Friday
23902,WARRANTS,07,CENTRAL,5,Monday
23903,WARRANTS,07,CENTRAL,2,Sunday
23904,WARRANTS,07,CENTRAL,2,Thursday
23905,WARRANTS,07,CENTRAL,2,Tuesday
23906,WARRANTS,07,CENTRAL,3,Wednesday
23907,WARRANTS,07,INGLESIDE,2,Friday
23908,WARRANTS,07,INGLESIDE,1,Saturday
23909,WARRANTS,07,INGLESIDE,5,Thursday
23910,WARRANTS,07,INGLESIDE,3,Tuesday
23911,WARRANTS,07,INGLESIDE,1,Wednesday
23912,WARRANTS,07,MISSION,7,Friday
23913,WARRANTS,07,MISSION,3,Monday
23914,WARRANTS,07,MISSION,3,Saturday
23915,WARRANTS,07,MISSION,2,Sunday
23916,WARRANTS,07,MISSION,4,Thursday
23917,WARRANTS,07,MISSION,2,Tuesday
23918,WARRANTS,07,MISSION,5,Wednesday
23919,WARRANTS,07,NORTHERN,2,Friday
23920,WARRANTS,07,NORTHERN,5,Monday
23921,WARRANTS,07,NORTHERN,5,Saturday
23922,WARRANTS,07,NORTHERN,2,Sunday
23923,WARRANTS,07,NORTHERN,3,Thursday
23924,WARRANTS,07,NORTHERN,2,Tuesday
23925,WARRANTS,07,NORTHERN,1,Wednesday
23926,WARRANTS,07,PARK,3,Friday
23927,WARRANTS,07,PARK,1,Monday
23928,WARRANTS,07,PARK,1,Sunday
23929,WARRANTS,07,PARK,2,Thursday
23930,WARRANTS,07,PARK,2,Tuesday
23931,WARRANTS,07,PARK,2,Wednesday
23932,WARRANTS,07,RICHMOND,3,Saturday
23933,WARRANTS,07,RICHMOND,1,Thursday
23934,WARRANTS,07,RICHMOND,1,Tuesday
23935,WARRANTS,07,RICHMOND,1,Wednesday
23936,WARRANTS,07,SOUTHERN,9,Friday
23937,WARRANTS,07,SOUTHERN,4,Monday
23938,WARRANTS,07,SOUTHERN,4,Saturday
23939,WARRANTS,07,SOUTHERN,9,Sunday
23940,WARRANTS,07,SOUTHERN,7,Thursday
23941,WARRANTS,07,SOUTHERN,7,Tuesday
23942,WARRANTS,07,SOUTHERN,15,Wednesday
23943,WARRANTS,07,TARAVAL,3,Friday
23944,WARRANTS,07,TARAVAL,2,Monday
23945,WARRANTS,07,TARAVAL,2,Sunday
23946,WARRANTS,07,TARAVAL,1,Tuesday
23947,WARRANTS,07,TARAVAL,2,Wednesday
23948,WARRANTS,07,TENDERLOIN,5,Friday
23949,WARRANTS,07,TENDERLOIN,2,Monday
23950,WARRANTS,07,TENDERLOIN,4,Saturday
23951,WARRANTS,07,TENDERLOIN,5,Sunday
23952,WARRANTS,07,TENDERLOIN,5,Thursday
23953,WARRANTS,07,TENDERLOIN,5,Tuesday
23954,WARRANTS,07,TENDERLOIN,8,Wednesday
23955,WARRANTS,08,BAYVIEW,3,Friday
23956,WARRANTS,08,BAYVIEW,3,Monday
23957,WARRANTS,08,BAYVIEW,5,Saturday
23958,WARRANTS,08,BAYVIEW,3,Sunday
23959,WARRANTS,08,BAYVIEW,2,Thursday
23960,WARRANTS,08,BAYVIEW,1,Tuesday
23961,WARRANTS,08,BAYVIEW,5,Wednesday
23962,WARRANTS,08,CENTRAL,1,Friday
23963,WARRANTS,08,CENTRAL,2,Monday
23964,WARRANTS,08,CENTRAL,9,Thursday
23965,WARRANTS,08,CENTRAL,4,Tuesday
23966,WARRANTS,08,CENTRAL,2,Wednesday
23967,WARRANTS,08,INGLESIDE,2,Friday
23968,WARRANTS,08,INGLESIDE,3,Saturday
23969,WARRANTS,08,INGLESIDE,3,Sunday
23970,WARRANTS,08,INGLESIDE,1,Thursday
23971,WARRANTS,08,INGLESIDE,1,Tuesday
23972,WARRANTS,08,INGLESIDE,2,Wednesday
23973,WARRANTS,08,MISSION,8,Friday
23974,WARRANTS,08,MISSION,12,Monday
23975,WARRANTS,08,MISSION,2,Saturday
23976,WARRANTS,08,MISSION,6,Sunday
23977,WARRANTS,08,MISSION,7,Thursday
23978,WARRANTS,08,MISSION,4,Tuesday
23979,WARRANTS,08,MISSION,6,Wednesday
23980,WARRANTS,08,NORTHERN,5,Friday
23981,WARRANTS,08,NORTHERN,6,Monday
23982,WARRANTS,08,NORTHERN,6,Saturday
23983,WARRANTS,08,NORTHERN,2,Sunday
23984,WARRANTS,08,NORTHERN,1,Thursday
23985,WARRANTS,08,NORTHERN,5,Wednesday
23986,WARRANTS,08,PARK,1,Monday
23987,WARRANTS,08,PARK,4,Saturday
23988,WARRANTS,08,PARK,5,Tuesday
23989,WARRANTS,08,PARK,2,Wednesday
23990,WARRANTS,08,RICHMOND,3,Thursday
23991,WARRANTS,08,RICHMOND,1,Tuesday
23992,WARRANTS,08,RICHMOND,1,Wednesday
23993,WARRANTS,08,SOUTHERN,5,Friday
23994,WARRANTS,08,SOUTHERN,6,Monday
23995,WARRANTS,08,SOUTHERN,8,Saturday
23996,WARRANTS,08,SOUTHERN,6,Sunday
23997,WARRANTS,08,SOUTHERN,9,Thursday
23998,WARRANTS,08,SOUTHERN,5,Tuesday
23999,WARRANTS,08,SOUTHERN,8,Wednesday
24000,WARRANTS,08,TARAVAL,1,Friday
24001,WARRANTS,08,TARAVAL,3,Monday
24002,WARRANTS,08,TARAVAL,1,Sunday
24003,WARRANTS,08,TARAVAL,1,Tuesday
24004,WARRANTS,08,TARAVAL,1,Wednesday
24005,WARRANTS,08,TENDERLOIN,5,Friday
24006,WARRANTS,08,TENDERLOIN,4,Monday
24007,WARRANTS,08,TENDERLOIN,3,Saturday
24008,WARRANTS,08,TENDERLOIN,8,Sunday
24009,WARRANTS,08,TENDERLOIN,7,Thursday
24010,WARRANTS,08,TENDERLOIN,5,Tuesday
24011,WARRANTS,08,TENDERLOIN,7,Wednesday
24012,WARRANTS,09,BAYVIEW,7,Friday
24013,WARRANTS,09,BAYVIEW,1,Monday
24014,WARRANTS,09,BAYVIEW,4,Saturday
24015,WARRANTS,09,BAYVIEW,2,Sunday
24016,WARRANTS,09,BAYVIEW,4,Thursday
24017,WARRANTS,09,BAYVIEW,6,Tuesday
24018,WARRANTS,09,BAYVIEW,2,Wednesday
24019,WARRANTS,09,CENTRAL,1,Monday
24020,WARRANTS,09,CENTRAL,5,Saturday
24021,WARRANTS,09,CENTRAL,4,Sunday
24022,WARRANTS,09,CENTRAL,6,Thursday
24023,WARRANTS,09,CENTRAL,6,Tuesday
24024,WARRANTS,09,CENTRAL,1,Wednesday
24025,WARRANTS,09,INGLESIDE,3,Friday
24026,WARRANTS,09,INGLESIDE,1,Monday
24027,WARRANTS,09,INGLESIDE,5,Saturday
24028,WARRANTS,09,INGLESIDE,2,Sunday
24029,WARRANTS,09,INGLESIDE,1,Tuesday
24030,WARRANTS,09,INGLESIDE,2,Wednesday
24031,WARRANTS,09,MISSION,10,Friday
24032,WARRANTS,09,MISSION,5,Monday
24033,WARRANTS,09,MISSION,6,Saturday
24034,WARRANTS,09,MISSION,7,Sunday
24035,WARRANTS,09,MISSION,2,Thursday
24036,WARRANTS,09,MISSION,8,Tuesday
24037,WARRANTS,09,MISSION,5,Wednesday
24038,WARRANTS,09,NORTHERN,3,Friday
24039,WARRANTS,09,NORTHERN,4,Monday
24040,WARRANTS,09,NORTHERN,5,Saturday
24041,WARRANTS,09,NORTHERN,1,Sunday
24042,WARRANTS,09,NORTHERN,2,Thursday
24043,WARRANTS,09,NORTHERN,3,Tuesday
24044,WARRANTS,09,NORTHERN,7,Wednesday
24045,WARRANTS,09,PARK,2,Friday
24046,WARRANTS,09,PARK,2,Saturday
24047,WARRANTS,09,PARK,1,Sunday
24048,WARRANTS,09,PARK,4,Thursday
24049,WARRANTS,09,PARK,1,Tuesday
24050,WARRANTS,09,PARK,1,Wednesday
24051,WARRANTS,09,RICHMOND,2,Monday
24052,WARRANTS,09,RICHMOND,1,Saturday
24053,WARRANTS,09,RICHMOND,4,Sunday
24054,WARRANTS,09,RICHMOND,2,Tuesday
24055,WARRANTS,09,RICHMOND,1,Wednesday
24056,WARRANTS,09,SOUTHERN,13,Friday
24057,WARRANTS,09,SOUTHERN,8,Monday
24058,WARRANTS,09,SOUTHERN,1,Saturday
24059,WARRANTS,09,SOUTHERN,4,Sunday
24060,WARRANTS,09,SOUTHERN,6,Thursday
24061,WARRANTS,09,SOUTHERN,8,Tuesday
24062,WARRANTS,09,SOUTHERN,16,Wednesday
24063,WARRANTS,09,TARAVAL,1,Friday
24064,WARRANTS,09,TARAVAL,1,Monday
24065,WARRANTS,09,TARAVAL,1,Sunday
24066,WARRANTS,09,TARAVAL,1,Thursday
24067,WARRANTS,09,TARAVAL,2,Tuesday
24068,WARRANTS,09,TARAVAL,3,Wednesday
24069,WARRANTS,09,TENDERLOIN,3,Friday
24070,WARRANTS,09,TENDERLOIN,9,Monday
24071,WARRANTS,09,TENDERLOIN,1,Saturday
24072,WARRANTS,09,TENDERLOIN,1,Sunday
24073,WARRANTS,09,TENDERLOIN,2,Thursday
24074,WARRANTS,09,TENDERLOIN,2,Tuesday
24075,WARRANTS,09,TENDERLOIN,1,Wednesday
24076,WARRANTS,10,BAYVIEW,5,Friday
24077,WARRANTS,10,BAYVIEW,5,Saturday
24078,WARRANTS,10,BAYVIEW,4,Sunday
24079,WARRANTS,10,BAYVIEW,3,Thursday
24080,WARRANTS,10,BAYVIEW,3,Tuesday
24081,WARRANTS,10,BAYVIEW,3,Wednesday
24082,WARRANTS,10,CENTRAL,4,Friday
24083,WARRANTS,10,CENTRAL,3,Monday
24084,WARRANTS,10,CENTRAL,5,Saturday
24085,WARRANTS,10,CENTRAL,9,Sunday
24086,WARRANTS,10,CENTRAL,2,Thursday
24087,WARRANTS,10,CENTRAL,3,Tuesday
24088,WARRANTS,10,CENTRAL,2,Wednesday
24089,WARRANTS,10,INGLESIDE,2,Friday
24090,WARRANTS,10,INGLESIDE,4,Monday
24091,WARRANTS,10,INGLESIDE,3,Saturday
24092,WARRANTS,10,INGLESIDE,2,Sunday
24093,WARRANTS,10,INGLESIDE,1,Tuesday
24094,WARRANTS,10,MISSION,1,Friday
24095,WARRANTS,10,MISSION,9,Monday
24096,WARRANTS,10,MISSION,7,Saturday
24097,WARRANTS,10,MISSION,3,Sunday
24098,WARRANTS,10,MISSION,8,Thursday
24099,WARRANTS,10,MISSION,8,Tuesday
24100,WARRANTS,10,MISSION,2,Wednesday
24101,WARRANTS,10,NORTHERN,3,Friday
24102,WARRANTS,10,NORTHERN,2,Monday
24103,WARRANTS,10,NORTHERN,3,Saturday
24104,WARRANTS,10,NORTHERN,2,Sunday
24105,WARRANTS,10,NORTHERN,5,Thursday
24106,WARRANTS,10,NORTHERN,4,Tuesday
24107,WARRANTS,10,NORTHERN,1,Wednesday
24108,WARRANTS,10,PARK,1,Friday
24109,WARRANTS,10,PARK,4,Monday
24110,WARRANTS,10,PARK,2,Saturday
24111,WARRANTS,10,PARK,1,Thursday
24112,WARRANTS,10,PARK,2,Tuesday
24113,WARRANTS,10,RICHMOND,1,Friday
24114,WARRANTS,10,RICHMOND,2,Monday
24115,WARRANTS,10,RICHMOND,2,Sunday
24116,WARRANTS,10,RICHMOND,1,Thursday
24117,WARRANTS,10,RICHMOND,1,Tuesday
24118,WARRANTS,10,SOUTHERN,9,Friday
24119,WARRANTS,10,SOUTHERN,11,Monday
24120,WARRANTS,10,SOUTHERN,7,Saturday
24121,WARRANTS,10,SOUTHERN,2,Sunday
24122,WARRANTS,10,SOUTHERN,13,Thursday
24123,WARRANTS,10,SOUTHERN,9,Tuesday
24124,WARRANTS,10,SOUTHERN,11,Wednesday
24125,WARRANTS,10,TARAVAL,2,Friday
24126,WARRANTS,10,TARAVAL,3,Monday
24127,WARRANTS,10,TARAVAL,1,Sunday
24128,WARRANTS,10,TARAVAL,1,Wednesday
24129,WARRANTS,10,TENDERLOIN,2,Friday
24130,WARRANTS,10,TENDERLOIN,6,Monday
24131,WARRANTS,10,TENDERLOIN,7,Saturday
24132,WARRANTS,10,TENDERLOIN,2,Thursday
24133,WARRANTS,10,TENDERLOIN,10,Tuesday
24134,WARRANTS,10,TENDERLOIN,4,Wednesday
24135,WARRANTS,11,BAYVIEW,5,Friday
24136,WARRANTS,11,BAYVIEW,1,Monday
24137,WARRANTS,11,BAYVIEW,3,Saturday
24138,WARRANTS,11,BAYVIEW,3,Sunday
24139,WARRANTS,11,BAYVIEW,10,Thursday
24140,WARRANTS,11,BAYVIEW,4,Tuesday
24141,WARRANTS,11,BAYVIEW,1,Wednesday
24142,WARRANTS,11,CENTRAL,4,Friday
24143,WARRANTS,11,CENTRAL,2,Monday
24144,WARRANTS,11,CENTRAL,5,Saturday
24145,WARRANTS,11,CENTRAL,4,Thursday
24146,WARRANTS,11,CENTRAL,5,Tuesday
24147,WARRANTS,11,CENTRAL,2,Wednesday
24148,WARRANTS,11,INGLESIDE,3,Friday
24149,WARRANTS,11,INGLESIDE,3,Monday
24150,WARRANTS,11,INGLESIDE,2,Saturday
24151,WARRANTS,11,INGLESIDE,1,Thursday
24152,WARRANTS,11,INGLESIDE,3,Tuesday
24153,WARRANTS,11,INGLESIDE,2,Wednesday
24154,WARRANTS,11,MISSION,6,Friday
24155,WARRANTS,11,MISSION,4,Monday
24156,WARRANTS,11,MISSION,7,Saturday
24157,WARRANTS,11,MISSION,6,Sunday
24158,WARRANTS,11,MISSION,8,Thursday
24159,WARRANTS,11,MISSION,6,Tuesday
24160,WARRANTS,11,MISSION,8,Wednesday
24161,WARRANTS,11,NORTHERN,2,Friday
24162,WARRANTS,11,NORTHERN,3,Monday
24163,WARRANTS,11,NORTHERN,5,Saturday
24164,WARRANTS,11,NORTHERN,6,Sunday
24165,WARRANTS,11,NORTHERN,2,Thursday
24166,WARRANTS,11,NORTHERN,6,Tuesday
24167,WARRANTS,11,NORTHERN,6,Wednesday
24168,WARRANTS,11,PARK,5,Friday
24169,WARRANTS,11,PARK,1,Monday
24170,WARRANTS,11,PARK,3,Saturday
24171,WARRANTS,11,PARK,3,Sunday
24172,WARRANTS,11,PARK,1,Thursday
24173,WARRANTS,11,PARK,6,Tuesday
24174,WARRANTS,11,PARK,3,Wednesday
24175,WARRANTS,11,RICHMOND,1,Saturday
24176,WARRANTS,11,SOUTHERN,10,Friday
24177,WARRANTS,11,SOUTHERN,9,Monday
24178,WARRANTS,11,SOUTHERN,6,Saturday
24179,WARRANTS,11,SOUTHERN,9,Sunday
24180,WARRANTS,11,SOUTHERN,11,Thursday
24181,WARRANTS,11,SOUTHERN,13,Tuesday
24182,WARRANTS,11,SOUTHERN,14,Wednesday
24183,WARRANTS,11,TARAVAL,2,Friday
24184,WARRANTS,11,TARAVAL,6,Monday
24185,WARRANTS,11,TARAVAL,2,Saturday
24186,WARRANTS,11,TARAVAL,2,Thursday
24187,WARRANTS,11,TARAVAL,2,Tuesday
24188,WARRANTS,11,TENDERLOIN,2,Friday
24189,WARRANTS,11,TENDERLOIN,7,Monday
24190,WARRANTS,11,TENDERLOIN,4,Saturday
24191,WARRANTS,11,TENDERLOIN,5,Sunday
24192,WARRANTS,11,TENDERLOIN,6,Thursday
24193,WARRANTS,11,TENDERLOIN,14,Tuesday
24194,WARRANTS,11,TENDERLOIN,7,Wednesday
24195,WARRANTS,12,BAYVIEW,9,Friday
24196,WARRANTS,12,BAYVIEW,4,Monday
24197,WARRANTS,12,BAYVIEW,3,Saturday
24198,WARRANTS,12,BAYVIEW,8,Sunday
24199,WARRANTS,12,BAYVIEW,8,Thursday
24200,WARRANTS,12,BAYVIEW,7,Tuesday
24201,WARRANTS,12,BAYVIEW,5,Wednesday
24202,WARRANTS,12,CENTRAL,6,Friday
24203,WARRANTS,12,CENTRAL,5,Monday
24204,WARRANTS,12,CENTRAL,7,Saturday
24205,WARRANTS,12,CENTRAL,7,Sunday
24206,WARRANTS,12,CENTRAL,4,Thursday
24207,WARRANTS,12,CENTRAL,3,Wednesday
24208,WARRANTS,12,INGLESIDE,2,Friday
24209,WARRANTS,12,INGLESIDE,1,Monday
24210,WARRANTS,12,INGLESIDE,1,Saturday
24211,WARRANTS,12,INGLESIDE,4,Tuesday
24212,WARRANTS,12,MISSION,8,Friday
24213,WARRANTS,12,MISSION,6,Monday
24214,WARRANTS,12,MISSION,6,Saturday
24215,WARRANTS,12,MISSION,8,Sunday
24216,WARRANTS,12,MISSION,7,Thursday
24217,WARRANTS,12,MISSION,7,Tuesday
24218,WARRANTS,12,MISSION,11,Wednesday
24219,WARRANTS,12,NORTHERN,3,Friday
24220,WARRANTS,12,NORTHERN,5,Monday
24221,WARRANTS,12,NORTHERN,2,Saturday
24222,WARRANTS,12,NORTHERN,7,Sunday
24223,WARRANTS,12,NORTHERN,4,Thursday
24224,WARRANTS,12,NORTHERN,3,Tuesday
24225,WARRANTS,12,NORTHERN,5,Wednesday
24226,WARRANTS,12,PARK,2,Friday
24227,WARRANTS,12,PARK,2,Monday
24228,WARRANTS,12,PARK,5,Saturday
24229,WARRANTS,12,PARK,3,Sunday
24230,WARRANTS,12,PARK,2,Thursday
24231,WARRANTS,12,PARK,3,Tuesday
24232,WARRANTS,12,PARK,4,Wednesday
24233,WARRANTS,12,RICHMOND,1,Friday
24234,WARRANTS,12,RICHMOND,1,Monday
24235,WARRANTS,12,RICHMOND,2,Saturday
24236,WARRANTS,12,RICHMOND,2,Thursday
24237,WARRANTS,12,RICHMOND,3,Tuesday
24238,WARRANTS,12,SOUTHERN,10,Friday
24239,WARRANTS,12,SOUTHERN,13,Monday
24240,WARRANTS,12,SOUTHERN,9,Saturday
24241,WARRANTS,12,SOUTHERN,10,Sunday
24242,WARRANTS,12,SOUTHERN,9,Thursday
24243,WARRANTS,12,SOUTHERN,13,Tuesday
24244,WARRANTS,12,SOUTHERN,15,Wednesday
24245,WARRANTS,12,TARAVAL,1,Friday
24246,WARRANTS,12,TARAVAL,1,Monday
24247,WARRANTS,12,TARAVAL,4,Saturday
24248,WARRANTS,12,TARAVAL,2,Sunday
24249,WARRANTS,12,TARAVAL,2,Thursday
24250,WARRANTS,12,TARAVAL,2,Tuesday
24251,WARRANTS,12,TARAVAL,4,Wednesday
24252,WARRANTS,12,TENDERLOIN,4,Friday
24253,WARRANTS,12,TENDERLOIN,8,Monday
24254,WARRANTS,12,TENDERLOIN,3,Saturday
24255,WARRANTS,12,TENDERLOIN,9,Sunday
24256,WARRANTS,12,TENDERLOIN,4,Thursday
24257,WARRANTS,12,TENDERLOIN,10,Tuesday
24258,WARRANTS,12,TENDERLOIN,9,Wednesday
24259,WARRANTS,13,BAYVIEW,6,Friday
24260,WARRANTS,13,BAYVIEW,6,Monday
24261,WARRANTS,13,BAYVIEW,8,Saturday
24262,WARRANTS,13,BAYVIEW,10,Sunday
24263,WARRANTS,13,BAYVIEW,4,Thursday
24264,WARRANTS,13,BAYVIEW,5,Tuesday
24265,WARRANTS,13,BAYVIEW,4,Wednesday
24266,WARRANTS,13,CENTRAL,3,Friday
24267,WARRANTS,13,CENTRAL,2,Monday
24268,WARRANTS,13,CENTRAL,2,Saturday
24269,WARRANTS,13,CENTRAL,6,Sunday
24270,WARRANTS,13,CENTRAL,4,Thursday
24271,WARRANTS,13,CENTRAL,7,Tuesday
24272,WARRANTS,13,CENTRAL,3,Wednesday
24273,WARRANTS,13,INGLESIDE,2,Friday
24274,WARRANTS,13,INGLESIDE,1,Monday
24275,WARRANTS,13,INGLESIDE,3,Saturday
24276,WARRANTS,13,INGLESIDE,2,Sunday
24277,WARRANTS,13,INGLESIDE,2,Thursday
24278,WARRANTS,13,INGLESIDE,2,Wednesday
24279,WARRANTS,13,MISSION,7,Friday
24280,WARRANTS,13,MISSION,12,Monday
24281,WARRANTS,13,MISSION,13,Saturday
24282,WARRANTS,13,MISSION,5,Sunday
24283,WARRANTS,13,MISSION,7,Thursday
24284,WARRANTS,13,MISSION,8,Tuesday
24285,WARRANTS,13,MISSION,8,Wednesday
24286,WARRANTS,13,NORTHERN,1,Friday
24287,WARRANTS,13,NORTHERN,3,Monday
24288,WARRANTS,13,NORTHERN,8,Saturday
24289,WARRANTS,13,NORTHERN,4,Sunday
24290,WARRANTS,13,NORTHERN,3,Thursday
24291,WARRANTS,13,NORTHERN,5,Tuesday
24292,WARRANTS,13,NORTHERN,5,Wednesday
24293,WARRANTS,13,PARK,3,Friday
24294,WARRANTS,13,PARK,2,Monday
24295,WARRANTS,13,PARK,1,Saturday
24296,WARRANTS,13,PARK,2,Sunday
24297,WARRANTS,13,PARK,3,Thursday
24298,WARRANTS,13,PARK,1,Wednesday
24299,WARRANTS,13,RICHMOND,1,Friday
24300,WARRANTS,13,RICHMOND,2,Monday
24301,WARRANTS,13,RICHMOND,1,Saturday
24302,WARRANTS,13,RICHMOND,1,Sunday
24303,WARRANTS,13,SOUTHERN,9,Friday
24304,WARRANTS,13,SOUTHERN,11,Monday
24305,WARRANTS,13,SOUTHERN,17,Saturday
24306,WARRANTS,13,SOUTHERN,12,Sunday
24307,WARRANTS,13,SOUTHERN,19,Thursday
24308,WARRANTS,13,SOUTHERN,14,Tuesday
24309,WARRANTS,13,SOUTHERN,14,Wednesday
24310,WARRANTS,13,TARAVAL,2,Friday
24311,WARRANTS,13,TARAVAL,2,Monday
24312,WARRANTS,13,TARAVAL,2,Saturday
24313,WARRANTS,13,TARAVAL,1,Sunday
24314,WARRANTS,13,TARAVAL,3,Thursday
24315,WARRANTS,13,TARAVAL,3,Tuesday
24316,WARRANTS,13,TARAVAL,2,Wednesday
24317,WARRANTS,13,TENDERLOIN,9,Friday
24318,WARRANTS,13,TENDERLOIN,1,Monday
24319,WARRANTS,13,TENDERLOIN,4,Saturday
24320,WARRANTS,13,TENDERLOIN,4,Sunday
24321,WARRANTS,13,TENDERLOIN,10,Thursday
24322,WARRANTS,13,TENDERLOIN,12,Tuesday
24323,WARRANTS,13,TENDERLOIN,7,Wednesday
24324,WARRANTS,14,BAYVIEW,5,Friday
24325,WARRANTS,14,BAYVIEW,4,Monday
24326,WARRANTS,14,BAYVIEW,6,Saturday
24327,WARRANTS,14,BAYVIEW,4,Sunday
24328,WARRANTS,14,BAYVIEW,8,Thursday
24329,WARRANTS,14,BAYVIEW,2,Tuesday
24330,WARRANTS,14,BAYVIEW,14,Wednesday
24331,WARRANTS,14,CENTRAL,5,Friday
24332,WARRANTS,14,CENTRAL,5,Monday
24333,WARRANTS,14,CENTRAL,3,Saturday
24334,WARRANTS,14,CENTRAL,7,Sunday
24335,WARRANTS,14,CENTRAL,8,Thursday
24336,WARRANTS,14,CENTRAL,1,Tuesday
24337,WARRANTS,14,CENTRAL,6,Wednesday
24338,WARRANTS,14,INGLESIDE,3,Monday
24339,WARRANTS,14,INGLESIDE,4,Saturday
24340,WARRANTS,14,INGLESIDE,1,Sunday
24341,WARRANTS,14,INGLESIDE,4,Thursday
24342,WARRANTS,14,INGLESIDE,3,Tuesday
24343,WARRANTS,14,INGLESIDE,2,Wednesday
24344,WARRANTS,14,MISSION,5,Friday
24345,WARRANTS,14,MISSION,15,Monday
24346,WARRANTS,14,MISSION,3,Saturday
24347,WARRANTS,14,MISSION,13,Sunday
24348,WARRANTS,14,MISSION,12,Thursday
24349,WARRANTS,14,MISSION,8,Tuesday
24350,WARRANTS,14,MISSION,9,Wednesday
24351,WARRANTS,14,NORTHERN,5,Friday
24352,WARRANTS,14,NORTHERN,2,Monday
24353,WARRANTS,14,NORTHERN,3,Saturday
24354,WARRANTS,14,NORTHERN,4,Sunday
24355,WARRANTS,14,NORTHERN,7,Thursday
24356,WARRANTS,14,NORTHERN,4,Tuesday
24357,WARRANTS,14,NORTHERN,3,Wednesday
24358,WARRANTS,14,PARK,1,Friday
24359,WARRANTS,14,PARK,2,Monday
24360,WARRANTS,14,PARK,2,Saturday
24361,WARRANTS,14,PARK,2,Sunday
24362,WARRANTS,14,PARK,4,Thursday
24363,WARRANTS,14,PARK,2,Tuesday
24364,WARRANTS,14,PARK,1,Wednesday
24365,WARRANTS,14,RICHMOND,1,Saturday
24366,WARRANTS,14,RICHMOND,1,Sunday
24367,WARRANTS,14,RICHMOND,2,Tuesday
24368,WARRANTS,14,RICHMOND,1,Wednesday
24369,WARRANTS,14,SOUTHERN,15,Friday
24370,WARRANTS,14,SOUTHERN,15,Monday
24371,WARRANTS,14,SOUTHERN,11,Saturday
24372,WARRANTS,14,SOUTHERN,7,Sunday
24373,WARRANTS,14,SOUTHERN,16,Thursday
24374,WARRANTS,14,SOUTHERN,14,Tuesday
24375,WARRANTS,14,SOUTHERN,16,Wednesday
24376,WARRANTS,14,TARAVAL,2,Friday
24377,WARRANTS,14,TARAVAL,2,Monday
24378,WARRANTS,14,TARAVAL,4,Saturday
24379,WARRANTS,14,TARAVAL,3,Sunday
24380,WARRANTS,14,TARAVAL,2,Thursday
24381,WARRANTS,14,TARAVAL,1,Tuesday
24382,WARRANTS,14,TARAVAL,1,Wednesday
24383,WARRANTS,14,TENDERLOIN,10,Friday
24384,WARRANTS,14,TENDERLOIN,5,Monday
24385,WARRANTS,14,TENDERLOIN,5,Saturday
24386,WARRANTS,14,TENDERLOIN,4,Sunday
24387,WARRANTS,14,TENDERLOIN,10,Thursday
24388,WARRANTS,14,TENDERLOIN,6,Tuesday
24389,WARRANTS,14,TENDERLOIN,9,Wednesday
24390,WARRANTS,15,BAYVIEW,4,Friday
24391,WARRANTS,15,BAYVIEW,3,Monday
24392,WARRANTS,15,BAYVIEW,4,Saturday
24393,WARRANTS,15,BAYVIEW,1,Sunday
24394,WARRANTS,15,BAYVIEW,6,Thursday
24395,WARRANTS,15,BAYVIEW,7,Tuesday
24396,WARRANTS,15,BAYVIEW,2,Wednesday
24397,WARRANTS,15,CENTRAL,2,Friday
24398,WARRANTS,15,CENTRAL,2,Monday
24399,WARRANTS,15,CENTRAL,5,Saturday
24400,WARRANTS,15,CENTRAL,6,Sunday
24401,WARRANTS,15,CENTRAL,3,Thursday
24402,WARRANTS,15,CENTRAL,4,Tuesday
24403,WARRANTS,15,CENTRAL,5,Wednesday
24404,WARRANTS,15,INGLESIDE,3,Friday
24405,WARRANTS,15,INGLESIDE,4,Monday
24406,WARRANTS,15,INGLESIDE,7,Saturday
24407,WARRANTS,15,INGLESIDE,4,Sunday
24408,WARRANTS,15,INGLESIDE,1,Thursday
24409,WARRANTS,15,INGLESIDE,2,Tuesday
24410,WARRANTS,15,INGLESIDE,4,Wednesday
24411,WARRANTS,15,MISSION,3,Friday
24412,WARRANTS,15,MISSION,12,Monday
24413,WARRANTS,15,MISSION,9,Saturday
24414,WARRANTS,15,MISSION,7,Sunday
24415,WARRANTS,15,MISSION,13,Thursday
24416,WARRANTS,15,MISSION,11,Tuesday
24417,WARRANTS,15,MISSION,14,Wednesday
24418,WARRANTS,15,NORTHERN,3,Friday
24419,WARRANTS,15,NORTHERN,10,Monday
24420,WARRANTS,15,NORTHERN,7,Saturday
24421,WARRANTS,15,NORTHERN,7,Sunday
24422,WARRANTS,15,NORTHERN,11,Thursday
24423,WARRANTS,15,NORTHERN,2,Tuesday
24424,WARRANTS,15,NORTHERN,4,Wednesday
24425,WARRANTS,15,PARK,4,Friday
24426,WARRANTS,15,PARK,5,Saturday
24427,WARRANTS,15,PARK,3,Sunday
24428,WARRANTS,15,PARK,1,Thursday
24429,WARRANTS,15,PARK,4,Tuesday
24430,WARRANTS,15,PARK,6,Wednesday
24431,WARRANTS,15,RICHMOND,2,Friday
24432,WARRANTS,15,RICHMOND,2,Monday
24433,WARRANTS,15,RICHMOND,1,Saturday
24434,WARRANTS,15,RICHMOND,2,Sunday
24435,WARRANTS,15,RICHMOND,1,Thursday
24436,WARRANTS,15,RICHMOND,2,Tuesday
24437,WARRANTS,15,SOUTHERN,11,Friday
24438,WARRANTS,15,SOUTHERN,14,Monday
24439,WARRANTS,15,SOUTHERN,12,Saturday
24440,WARRANTS,15,SOUTHERN,5,Sunday
24441,WARRANTS,15,SOUTHERN,7,Thursday
24442,WARRANTS,15,SOUTHERN,13,Tuesday
24443,WARRANTS,15,SOUTHERN,11,Wednesday
24444,WARRANTS,15,TARAVAL,2,Friday
24445,WARRANTS,15,TARAVAL,2,Monday
24446,WARRANTS,15,TARAVAL,2,Saturday
24447,WARRANTS,15,TARAVAL,1,Sunday
24448,WARRANTS,15,TARAVAL,3,Tuesday
24449,WARRANTS,15,TARAVAL,2,Wednesday
24450,WARRANTS,15,TENDERLOIN,4,Friday
24451,WARRANTS,15,TENDERLOIN,8,Monday
24452,WARRANTS,15,TENDERLOIN,5,Saturday
24453,WARRANTS,15,TENDERLOIN,5,Sunday
24454,WARRANTS,15,TENDERLOIN,9,Thursday
24455,WARRANTS,15,TENDERLOIN,9,Tuesday
24456,WARRANTS,15,TENDERLOIN,5,Wednesday
24457,WARRANTS,16,BAYVIEW,5,Friday
24458,WARRANTS,16,BAYVIEW,3,Monday
24459,WARRANTS,16,BAYVIEW,4,Saturday
24460,WARRANTS,16,BAYVIEW,2,Sunday
24461,WARRANTS,16,BAYVIEW,7,Thursday
24462,WARRANTS,16,BAYVIEW,2,Tuesday
24463,WARRANTS,16,BAYVIEW,5,Wednesday
24464,WARRANTS,16,CENTRAL,2,Friday
24465,WARRANTS,16,CENTRAL,2,Monday
24466,WARRANTS,16,CENTRAL,4,Saturday
24467,WARRANTS,16,CENTRAL,5,Sunday
24468,WARRANTS,16,CENTRAL,4,Thursday
24469,WARRANTS,16,CENTRAL,4,Tuesday
24470,WARRANTS,16,CENTRAL,8,Wednesday
24471,WARRANTS,16,INGLESIDE,2,Friday
24472,WARRANTS,16,INGLESIDE,5,Monday
24473,WARRANTS,16,INGLESIDE,3,Saturday
24474,WARRANTS,16,INGLESIDE,2,Sunday
24475,WARRANTS,16,INGLESIDE,4,Thursday
24476,WARRANTS,16,INGLESIDE,2,Tuesday
24477,WARRANTS,16,INGLESIDE,3,Wednesday
24478,WARRANTS,16,MISSION,6,Friday
24479,WARRANTS,16,MISSION,9,Monday
24480,WARRANTS,16,MISSION,9,Saturday
24481,WARRANTS,16,MISSION,8,Sunday
24482,WARRANTS,16,MISSION,8,Thursday
24483,WARRANTS,16,MISSION,8,Tuesday
24484,WARRANTS,16,MISSION,4,Wednesday
24485,WARRANTS,16,NORTHERN,3,Friday
24486,WARRANTS,16,NORTHERN,2,Monday
24487,WARRANTS,16,NORTHERN,6,Saturday
24488,WARRANTS,16,NORTHERN,6,Sunday
24489,WARRANTS,16,NORTHERN,4,Thursday
24490,WARRANTS,16,NORTHERN,7,Tuesday
24491,WARRANTS,16,NORTHERN,3,Wednesday
24492,WARRANTS,16,PARK,2,Friday
24493,WARRANTS,16,PARK,3,Monday
24494,WARRANTS,16,PARK,3,Saturday
24495,WARRANTS,16,PARK,4,Thursday
24496,WARRANTS,16,PARK,5,Tuesday
24497,WARRANTS,16,PARK,2,Wednesday
24498,WARRANTS,16,RICHMOND,2,Friday
24499,WARRANTS,16,RICHMOND,2,Saturday
24500,WARRANTS,16,RICHMOND,2,Thursday
24501,WARRANTS,16,RICHMOND,3,Tuesday
24502,WARRANTS,16,RICHMOND,1,Wednesday
24503,WARRANTS,16,SOUTHERN,11,Friday
24504,WARRANTS,16,SOUTHERN,12,Monday
24505,WARRANTS,16,SOUTHERN,9,Saturday
24506,WARRANTS,16,SOUTHERN,11,Sunday
24507,WARRANTS,16,SOUTHERN,18,Thursday
24508,WARRANTS,16,SOUTHERN,22,Tuesday
24509,WARRANTS,16,SOUTHERN,19,Wednesday
24510,WARRANTS,16,TARAVAL,5,Monday
24511,WARRANTS,16,TARAVAL,1,Sunday
24512,WARRANTS,16,TARAVAL,2,Thursday
24513,WARRANTS,16,TARAVAL,4,Tuesday
24514,WARRANTS,16,TARAVAL,4,Wednesday
24515,WARRANTS,16,TENDERLOIN,15,Friday
24516,WARRANTS,16,TENDERLOIN,7,Monday
24517,WARRANTS,16,TENDERLOIN,4,Saturday
24518,WARRANTS,16,TENDERLOIN,4,Sunday
24519,WARRANTS,16,TENDERLOIN,9,Thursday
24520,WARRANTS,16,TENDERLOIN,5,Tuesday
24521,WARRANTS,16,TENDERLOIN,18,Wednesday
24522,WARRANTS,17,BAYVIEW,2,Friday
24523,WARRANTS,17,BAYVIEW,5,Monday
24524,WARRANTS,17,BAYVIEW,3,Saturday
24525,WARRANTS,17,BAYVIEW,4,Sunday
24526,WARRANTS,17,BAYVIEW,3,Thursday
24527,WARRANTS,17,BAYVIEW,2,Tuesday
24528,WARRANTS,17,BAYVIEW,5,Wednesday
24529,WARRANTS,17,CENTRAL,2,Friday
24530,WARRANTS,17,CENTRAL,5,Saturday
24531,WARRANTS,17,CENTRAL,5,Sunday
24532,WARRANTS,17,CENTRAL,6,Thursday
24533,WARRANTS,17,CENTRAL,8,Tuesday
24534,WARRANTS,17,CENTRAL,11,Wednesday
24535,WARRANTS,17,INGLESIDE,6,Friday
24536,WARRANTS,17,INGLESIDE,4,Monday
24537,WARRANTS,17,INGLESIDE,4,Saturday
24538,WARRANTS,17,INGLESIDE,3,Sunday
24539,WARRANTS,17,INGLESIDE,4,Thursday
24540,WARRANTS,17,INGLESIDE,4,Tuesday
24541,WARRANTS,17,INGLESIDE,3,Wednesday
24542,WARRANTS,17,MISSION,11,Friday
24543,WARRANTS,17,MISSION,12,Monday
24544,WARRANTS,17,MISSION,8,Saturday
24545,WARRANTS,17,MISSION,8,Sunday
24546,WARRANTS,17,MISSION,9,Thursday
24547,WARRANTS,17,MISSION,9,Tuesday
24548,WARRANTS,17,MISSION,17,Wednesday
24549,WARRANTS,17,NORTHERN,9,Friday
24550,WARRANTS,17,NORTHERN,5,Monday
24551,WARRANTS,17,NORTHERN,11,Saturday
24552,WARRANTS,17,NORTHERN,5,Sunday
24553,WARRANTS,17,NORTHERN,1,Thursday
24554,WARRANTS,17,NORTHERN,5,Tuesday
24555,WARRANTS,17,NORTHERN,4,Wednesday
24556,WARRANTS,17,PARK,5,Friday
24557,WARRANTS,17,PARK,2,Monday
24558,WARRANTS,17,PARK,5,Saturday
24559,WARRANTS,17,PARK,2,Sunday
24560,WARRANTS,17,PARK,5,Thursday
24561,WARRANTS,17,PARK,3,Tuesday
24562,WARRANTS,17,PARK,5,Wednesday
24563,WARRANTS,17,RICHMOND,1,Friday
24564,WARRANTS,17,RICHMOND,1,Monday
24565,WARRANTS,17,RICHMOND,2,Saturday
24566,WARRANTS,17,RICHMOND,5,Sunday
24567,WARRANTS,17,RICHMOND,1,Wednesday
24568,WARRANTS,17,SOUTHERN,11,Friday
24569,WARRANTS,17,SOUTHERN,16,Monday
24570,WARRANTS,17,SOUTHERN,20,Saturday
24571,WARRANTS,17,SOUTHERN,15,Sunday
24572,WARRANTS,17,SOUTHERN,13,Thursday
24573,WARRANTS,17,SOUTHERN,15,Tuesday
24574,WARRANTS,17,SOUTHERN,9,Wednesday
24575,WARRANTS,17,TARAVAL,1,Friday
24576,WARRANTS,17,TARAVAL,4,Monday
24577,WARRANTS,17,TARAVAL,1,Saturday
24578,WARRANTS,17,TARAVAL,2,Sunday
24579,WARRANTS,17,TARAVAL,1,Thursday
24580,WARRANTS,17,TARAVAL,2,Tuesday
24581,WARRANTS,17,TENDERLOIN,7,Friday
24582,WARRANTS,17,TENDERLOIN,8,Monday
24583,WARRANTS,17,TENDERLOIN,14,Sunday
24584,WARRANTS,17,TENDERLOIN,6,Thursday
24585,WARRANTS,17,TENDERLOIN,6,Tuesday
24586,WARRANTS,17,TENDERLOIN,11,Wednesday
24587,WARRANTS,18,BAYVIEW,7,Friday
24588,WARRANTS,18,BAYVIEW,8,Monday
24589,WARRANTS,18,BAYVIEW,7,Saturday
24590,WARRANTS,18,BAYVIEW,5,Sunday
24591,WARRANTS,18,BAYVIEW,5,Thursday
24592,WARRANTS,18,BAYVIEW,3,Tuesday
24593,WARRANTS,18,BAYVIEW,3,Wednesday
24594,WARRANTS,18,CENTRAL,6,Friday
24595,WARRANTS,18,CENTRAL,3,Monday
24596,WARRANTS,18,CENTRAL,4,Saturday
24597,WARRANTS,18,CENTRAL,3,Sunday
24598,WARRANTS,18,CENTRAL,4,Thursday
24599,WARRANTS,18,CENTRAL,5,Tuesday
24600,WARRANTS,18,CENTRAL,5,Wednesday
24601,WARRANTS,18,INGLESIDE,3,Friday
24602,WARRANTS,18,INGLESIDE,2,Monday
24603,WARRANTS,18,INGLESIDE,6,Saturday
24604,WARRANTS,18,INGLESIDE,3,Thursday
24605,WARRANTS,18,INGLESIDE,3,Tuesday
24606,WARRANTS,18,INGLESIDE,3,Wednesday
24607,WARRANTS,18,MISSION,8,Friday
24608,WARRANTS,18,MISSION,8,Monday
24609,WARRANTS,18,MISSION,10,Saturday
24610,WARRANTS,18,MISSION,7,Sunday
24611,WARRANTS,18,MISSION,9,Thursday
24612,WARRANTS,18,MISSION,21,Tuesday
24613,WARRANTS,18,MISSION,9,Wednesday
24614,WARRANTS,18,NORTHERN,3,Friday
24615,WARRANTS,18,NORTHERN,3,Monday
24616,WARRANTS,18,NORTHERN,2,Saturday
24617,WARRANTS,18,NORTHERN,4,Sunday
24618,WARRANTS,18,NORTHERN,5,Thursday
24619,WARRANTS,18,NORTHERN,1,Tuesday
24620,WARRANTS,18,NORTHERN,3,Wednesday
24621,WARRANTS,18,PARK,3,Friday
24622,WARRANTS,18,PARK,2,Monday
24623,WARRANTS,18,PARK,6,Saturday
24624,WARRANTS,18,PARK,1,Sunday
24625,WARRANTS,18,PARK,8,Thursday
24626,WARRANTS,18,PARK,5,Tuesday
24627,WARRANTS,18,PARK,5,Wednesday
24628,WARRANTS,18,RICHMOND,1,Friday
24629,WARRANTS,18,RICHMOND,3,Monday
24630,WARRANTS,18,RICHMOND,2,Sunday
24631,WARRANTS,18,RICHMOND,1,Thursday
24632,WARRANTS,18,RICHMOND,3,Tuesday
24633,WARRANTS,18,RICHMOND,2,Wednesday
24634,WARRANTS,18,SOUTHERN,11,Friday
24635,WARRANTS,18,SOUTHERN,6,Monday
24636,WARRANTS,18,SOUTHERN,12,Saturday
24637,WARRANTS,18,SOUTHERN,6,Sunday
24638,WARRANTS,18,SOUTHERN,13,Thursday
24639,WARRANTS,18,SOUTHERN,16,Tuesday
24640,WARRANTS,18,SOUTHERN,16,Wednesday
24641,WARRANTS,18,TARAVAL,3,Friday
24642,WARRANTS,18,TARAVAL,1,Monday
24643,WARRANTS,18,TARAVAL,1,Saturday
24644,WARRANTS,18,TARAVAL,1,Thursday
24645,WARRANTS,18,TENDERLOIN,6,Friday
24646,WARRANTS,18,TENDERLOIN,5,Monday
24647,WARRANTS,18,TENDERLOIN,9,Saturday
24648,WARRANTS,18,TENDERLOIN,4,Sunday
24649,WARRANTS,18,TENDERLOIN,9,Thursday
24650,WARRANTS,18,TENDERLOIN,7,Tuesday
24651,WARRANTS,18,TENDERLOIN,11,Wednesday
24652,WARRANTS,19,BAYVIEW,2,Friday
24653,WARRANTS,19,BAYVIEW,1,Monday
24654,WARRANTS,19,BAYVIEW,2,Saturday
24655,WARRANTS,19,BAYVIEW,3,Sunday
24656,WARRANTS,19,BAYVIEW,3,Thursday
24657,WARRANTS,19,BAYVIEW,6,Tuesday
24658,WARRANTS,19,BAYVIEW,10,Wednesday
24659,WARRANTS,19,CENTRAL,5,Friday
24660,WARRANTS,19,CENTRAL,3,Monday
24661,WARRANTS,19,CENTRAL,4,Saturday
24662,WARRANTS,19,CENTRAL,4,Sunday
24663,WARRANTS,19,CENTRAL,4,Thursday
24664,WARRANTS,19,CENTRAL,6,Tuesday
24665,WARRANTS,19,CENTRAL,4,Wednesday
24666,WARRANTS,19,INGLESIDE,4,Friday
24667,WARRANTS,19,INGLESIDE,2,Monday
24668,WARRANTS,19,INGLESIDE,1,Saturday
24669,WARRANTS,19,INGLESIDE,1,Sunday
24670,WARRANTS,19,INGLESIDE,4,Thursday
24671,WARRANTS,19,INGLESIDE,1,Tuesday
24672,WARRANTS,19,INGLESIDE,5,Wednesday
24673,WARRANTS,19,MISSION,6,Friday
24674,WARRANTS,19,MISSION,6,Monday
24675,WARRANTS,19,MISSION,7,Saturday
24676,WARRANTS,19,MISSION,11,Sunday
24677,WARRANTS,19,MISSION,6,Thursday
24678,WARRANTS,19,MISSION,5,Tuesday
24679,WARRANTS,19,MISSION,8,Wednesday
24680,WARRANTS,19,NORTHERN,8,Friday
24681,WARRANTS,19,NORTHERN,4,Monday
24682,WARRANTS,19,NORTHERN,5,Saturday
24683,WARRANTS,19,NORTHERN,2,Sunday
24684,WARRANTS,19,NORTHERN,3,Thursday
24685,WARRANTS,19,NORTHERN,9,Wednesday
24686,WARRANTS,19,PARK,1,Friday
24687,WARRANTS,19,PARK,2,Monday
24688,WARRANTS,19,PARK,3,Saturday
24689,WARRANTS,19,PARK,3,Sunday
24690,WARRANTS,19,PARK,3,Thursday
24691,WARRANTS,19,PARK,2,Tuesday
24692,WARRANTS,19,PARK,2,Wednesday
24693,WARRANTS,19,RICHMOND,1,Saturday
24694,WARRANTS,19,RICHMOND,2,Sunday
24695,WARRANTS,19,RICHMOND,2,Thursday
24696,WARRANTS,19,RICHMOND,3,Tuesday
24697,WARRANTS,19,RICHMOND,1,Wednesday
24698,WARRANTS,19,SOUTHERN,11,Friday
24699,WARRANTS,19,SOUTHERN,14,Monday
24700,WARRANTS,19,SOUTHERN,15,Saturday
24701,WARRANTS,19,SOUTHERN,12,Sunday
24702,WARRANTS,19,SOUTHERN,22,Thursday
24703,WARRANTS,19,SOUTHERN,19,Tuesday
24704,WARRANTS,19,SOUTHERN,13,Wednesday
24705,WARRANTS,19,TARAVAL,4,Monday
24706,WARRANTS,19,TARAVAL,3,Saturday
24707,WARRANTS,19,TARAVAL,6,Thursday
24708,WARRANTS,19,TARAVAL,1,Tuesday
24709,WARRANTS,19,TARAVAL,7,Wednesday
24710,WARRANTS,19,TENDERLOIN,4,Friday
24711,WARRANTS,19,TENDERLOIN,5,Monday
24712,WARRANTS,19,TENDERLOIN,1,Saturday
24713,WARRANTS,19,TENDERLOIN,9,Sunday
24714,WARRANTS,19,TENDERLOIN,5,Thursday
24715,WARRANTS,19,TENDERLOIN,8,Tuesday
24716,WARRANTS,19,TENDERLOIN,5,Wednesday
24717,WARRANTS,20,BAYVIEW,2,Friday
24718,WARRANTS,20,BAYVIEW,4,Monday
24719,WARRANTS,20,BAYVIEW,6,Saturday
24720,WARRANTS,20,BAYVIEW,5,Thursday
24721,WARRANTS,20,BAYVIEW,4,Tuesday
24722,WARRANTS,20,BAYVIEW,3,Wednesday
24723,WARRANTS,20,CENTRAL,3,Friday
24724,WARRANTS,20,CENTRAL,5,Monday
24725,WARRANTS,20,CENTRAL,4,Saturday
24726,WARRANTS,20,CENTRAL,1,Sunday
24727,WARRANTS,20,CENTRAL,2,Thursday
24728,WARRANTS,20,CENTRAL,7,Tuesday
24729,WARRANTS,20,CENTRAL,1,Wednesday
24730,WARRANTS,20,INGLESIDE,5,Friday
24731,WARRANTS,20,INGLESIDE,1,Monday
24732,WARRANTS,20,INGLESIDE,3,Saturday
24733,WARRANTS,20,INGLESIDE,4,Sunday
24734,WARRANTS,20,INGLESIDE,1,Thursday
24735,WARRANTS,20,INGLESIDE,3,Tuesday
24736,WARRANTS,20,MISSION,8,Friday
24737,WARRANTS,20,MISSION,4,Monday
24738,WARRANTS,20,MISSION,6,Saturday
24739,WARRANTS,20,MISSION,8,Sunday
24740,WARRANTS,20,MISSION,17,Thursday
24741,WARRANTS,20,MISSION,5,Tuesday
24742,WARRANTS,20,MISSION,7,Wednesday
24743,WARRANTS,20,NORTHERN,3,Friday
24744,WARRANTS,20,NORTHERN,3,Monday
24745,WARRANTS,20,NORTHERN,4,Saturday
24746,WARRANTS,20,NORTHERN,4,Sunday
24747,WARRANTS,20,NORTHERN,6,Thursday
24748,WARRANTS,20,NORTHERN,4,Tuesday
24749,WARRANTS,20,NORTHERN,1,Wednesday
24750,WARRANTS,20,PARK,4,Monday
24751,WARRANTS,20,PARK,2,Sunday
24752,WARRANTS,20,PARK,1,Thursday
24753,WARRANTS,20,PARK,1,Tuesday
24754,WARRANTS,20,PARK,1,Wednesday
24755,WARRANTS,20,RICHMOND,2,Saturday
24756,WARRANTS,20,RICHMOND,1,Sunday
24757,WARRANTS,20,RICHMOND,2,Thursday
24758,WARRANTS,20,RICHMOND,2,Tuesday
24759,WARRANTS,20,RICHMOND,3,Wednesday
24760,WARRANTS,20,SOUTHERN,6,Friday
24761,WARRANTS,20,SOUTHERN,10,Monday
24762,WARRANTS,20,SOUTHERN,8,Saturday
24763,WARRANTS,20,SOUTHERN,10,Sunday
24764,WARRANTS,20,SOUTHERN,4,Thursday
24765,WARRANTS,20,SOUTHERN,3,Tuesday
24766,WARRANTS,20,SOUTHERN,8,Wednesday
24767,WARRANTS,20,TARAVAL,5,Friday
24768,WARRANTS,20,TARAVAL,1,Monday
24769,WARRANTS,20,TARAVAL,5,Saturday
24770,WARRANTS,20,TARAVAL,1,Sunday
24771,WARRANTS,20,TARAVAL,3,Thursday
24772,WARRANTS,20,TARAVAL,3,Tuesday
24773,WARRANTS,20,TARAVAL,3,Wednesday
24774,WARRANTS,20,TENDERLOIN,8,Friday
24775,WARRANTS,20,TENDERLOIN,5,Monday
24776,WARRANTS,20,TENDERLOIN,1,Saturday
24777,WARRANTS,20,TENDERLOIN,2,Sunday
24778,WARRANTS,20,TENDERLOIN,5,Thursday
24779,WARRANTS,20,TENDERLOIN,7,Tuesday
24780,WARRANTS,21,BAYVIEW,4,Friday
24781,WARRANTS,21,BAYVIEW,3,Monday
24782,WARRANTS,21,BAYVIEW,4,Saturday
24783,WARRANTS,21,BAYVIEW,3,Sunday
24784,WARRANTS,21,BAYVIEW,1,Thursday
24785,WARRANTS,21,BAYVIEW,2,Tuesday
24786,WARRANTS,21,BAYVIEW,4,Wednesday
24787,WARRANTS,21,CENTRAL,3,Friday
24788,WARRANTS,21,CENTRAL,2,Monday
24789,WARRANTS,21,CENTRAL,1,Saturday
24790,WARRANTS,21,CENTRAL,2,Sunday
24791,WARRANTS,21,CENTRAL,1,Thursday
24792,WARRANTS,21,CENTRAL,3,Wednesday
24793,WARRANTS,21,INGLESIDE,1,Friday
24794,WARRANTS,21,INGLESIDE,2,Monday
24795,WARRANTS,21,INGLESIDE,3,Saturday
24796,WARRANTS,21,INGLESIDE,1,Sunday
24797,WARRANTS,21,INGLESIDE,3,Tuesday
24798,WARRANTS,21,INGLESIDE,2,Wednesday
24799,WARRANTS,21,MISSION,10,Friday
24800,WARRANTS,21,MISSION,7,Monday
24801,WARRANTS,21,MISSION,9,Saturday
24802,WARRANTS,21,MISSION,3,Sunday
24803,WARRANTS,21,MISSION,5,Thursday
24804,WARRANTS,21,MISSION,7,Tuesday
24805,WARRANTS,21,MISSION,9,Wednesday
24806,WARRANTS,21,NORTHERN,6,Friday
24807,WARRANTS,21,NORTHERN,1,Saturday
24808,WARRANTS,21,NORTHERN,3,Sunday
24809,WARRANTS,21,NORTHERN,3,Thursday
24810,WARRANTS,21,NORTHERN,4,Tuesday
24811,WARRANTS,21,NORTHERN,3,Wednesday
24812,WARRANTS,21,PARK,2,Friday
24813,WARRANTS,21,PARK,3,Monday
24814,WARRANTS,21,PARK,1,Saturday
24815,WARRANTS,21,PARK,3,Sunday
24816,WARRANTS,21,PARK,1,Thursday
24817,WARRANTS,21,PARK,2,Tuesday
24818,WARRANTS,21,RICHMOND,1,Friday
24819,WARRANTS,21,RICHMOND,3,Monday
24820,WARRANTS,21,RICHMOND,3,Sunday
24821,WARRANTS,21,RICHMOND,2,Tuesday
24822,WARRANTS,21,SOUTHERN,7,Friday
24823,WARRANTS,21,SOUTHERN,4,Monday
24824,WARRANTS,21,SOUTHERN,5,Saturday
24825,WARRANTS,21,SOUTHERN,3,Sunday
24826,WARRANTS,21,SOUTHERN,9,Thursday
24827,WARRANTS,21,SOUTHERN,8,Tuesday
24828,WARRANTS,21,SOUTHERN,15,Wednesday
24829,WARRANTS,21,TARAVAL,2,Friday
24830,WARRANTS,21,TARAVAL,1,Monday
24831,WARRANTS,21,TARAVAL,2,Saturday
24832,WARRANTS,21,TARAVAL,3,Sunday
24833,WARRANTS,21,TARAVAL,1,Tuesday
24834,WARRANTS,21,TARAVAL,1,Wednesday
24835,WARRANTS,21,TENDERLOIN,2,Friday
24836,WARRANTS,21,TENDERLOIN,4,Monday
24837,WARRANTS,21,TENDERLOIN,4,Saturday
24838,WARRANTS,21,TENDERLOIN,4,Sunday
24839,WARRANTS,21,TENDERLOIN,2,Thursday
24840,WARRANTS,21,TENDERLOIN,7,Tuesday
24841,WARRANTS,21,TENDERLOIN,4,Wednesday
24842,WARRANTS,22,BAYVIEW,1,Friday
24843,WARRANTS,22,BAYVIEW,5,Monday
24844,WARRANTS,22,BAYVIEW,5,Saturday
24845,WARRANTS,22,BAYVIEW,3,Sunday
24846,WARRANTS,22,BAYVIEW,6,Thursday
24847,WARRANTS,22,BAYVIEW,3,Tuesday
24848,WARRANTS,22,BAYVIEW,3,Wednesday
24849,WARRANTS,22,CENTRAL,2,Friday
24850,WARRANTS,22,CENTRAL,1,Monday
24851,WARRANTS,22,CENTRAL,2,Saturday
24852,WARRANTS,22,CENTRAL,2,Sunday
24853,WARRANTS,22,CENTRAL,4,Thursday
24854,WARRANTS,22,CENTRAL,3,Tuesday
24855,WARRANTS,22,CENTRAL,2,Wednesday
24856,WARRANTS,22,INGLESIDE,1,Friday
24857,WARRANTS,22,INGLESIDE,2,Monday
24858,WARRANTS,22,INGLESIDE,2,Saturday
24859,WARRANTS,22,INGLESIDE,1,Sunday
24860,WARRANTS,22,INGLESIDE,2,Thursday
24861,WARRANTS,22,INGLESIDE,1,Tuesday
24862,WARRANTS,22,INGLESIDE,3,Wednesday
24863,WARRANTS,22,MISSION,8,Friday
24864,WARRANTS,22,MISSION,2,Monday
24865,WARRANTS,22,MISSION,5,Saturday
24866,WARRANTS,22,MISSION,5,Sunday
24867,WARRANTS,22,MISSION,7,Thursday
24868,WARRANTS,22,MISSION,9,Tuesday
24869,WARRANTS,22,MISSION,8,Wednesday
24870,WARRANTS,22,NORTHERN,1,Monday
24871,WARRANTS,22,NORTHERN,4,Saturday
24872,WARRANTS,22,NORTHERN,7,Sunday
24873,WARRANTS,22,NORTHERN,4,Thursday
24874,WARRANTS,22,NORTHERN,3,Tuesday
24875,WARRANTS,22,NORTHERN,3,Wednesday
24876,WARRANTS,22,PARK,2,Friday
24877,WARRANTS,22,PARK,3,Monday
24878,WARRANTS,22,PARK,2,Saturday
24879,WARRANTS,22,PARK,1,Thursday
24880,WARRANTS,22,PARK,5,Tuesday
24881,WARRANTS,22,PARK,2,Wednesday
24882,WARRANTS,22,RICHMOND,2,Friday
24883,WARRANTS,22,RICHMOND,2,Monday
24884,WARRANTS,22,RICHMOND,3,Saturday
24885,WARRANTS,22,RICHMOND,2,Sunday
24886,WARRANTS,22,RICHMOND,1,Thursday
24887,WARRANTS,22,RICHMOND,2,Wednesday
24888,WARRANTS,22,SOUTHERN,7,Friday
24889,WARRANTS,22,SOUTHERN,11,Monday
24890,WARRANTS,22,SOUTHERN,5,Saturday
24891,WARRANTS,22,SOUTHERN,3,Sunday
24892,WARRANTS,22,SOUTHERN,8,Thursday
24893,WARRANTS,22,SOUTHERN,12,Tuesday
24894,WARRANTS,22,SOUTHERN,8,Wednesday
24895,WARRANTS,22,TARAVAL,3,Friday
24896,WARRANTS,22,TARAVAL,4,Saturday
24897,WARRANTS,22,TARAVAL,1,Sunday
24898,WARRANTS,22,TARAVAL,2,Thursday
24899,WARRANTS,22,TARAVAL,4,Tuesday
24900,WARRANTS,22,TARAVAL,4,Wednesday
24901,WARRANTS,22,TENDERLOIN,5,Friday
24902,WARRANTS,22,TENDERLOIN,1,Monday
24903,WARRANTS,22,TENDERLOIN,8,Saturday
24904,WARRANTS,22,TENDERLOIN,2,Sunday
24905,WARRANTS,22,TENDERLOIN,1,Thursday
24906,WARRANTS,22,TENDERLOIN,8,Tuesday
24907,WARRANTS,22,TENDERLOIN,3,Wednesday
24908,WARRANTS,23,BAYVIEW,1,Friday
24909,WARRANTS,23,BAYVIEW,6,Monday
24910,WARRANTS,23,BAYVIEW,3,Saturday
24911,WARRANTS,23,BAYVIEW,4,Sunday
24912,WARRANTS,23,BAYVIEW,4,Thursday
24913,WARRANTS,23,BAYVIEW,1,Tuesday
24914,WARRANTS,23,BAYVIEW,3,Wednesday
24915,WARRANTS,23,CENTRAL,1,Friday
24916,WARRANTS,23,CENTRAL,2,Monday
24917,WARRANTS,23,CENTRAL,5,Saturday
24918,WARRANTS,23,CENTRAL,1,Sunday
24919,WARRANTS,23,CENTRAL,6,Thursday
24920,WARRANTS,23,CENTRAL,1,Tuesday
24921,WARRANTS,23,CENTRAL,3,Wednesday
24922,WARRANTS,23,INGLESIDE,1,Friday
24923,WARRANTS,23,INGLESIDE,3,Monday
24924,WARRANTS,23,INGLESIDE,1,Saturday
24925,WARRANTS,23,INGLESIDE,1,Sunday
24926,WARRANTS,23,INGLESIDE,2,Thursday
24927,WARRANTS,23,INGLESIDE,1,Tuesday
24928,WARRANTS,23,INGLESIDE,2,Wednesday
24929,WARRANTS,23,MISSION,7,Friday
24930,WARRANTS,23,MISSION,3,Monday
24931,WARRANTS,23,MISSION,4,Saturday
24932,WARRANTS,23,MISSION,5,Sunday
24933,WARRANTS,23,MISSION,2,Thursday
24934,WARRANTS,23,MISSION,2,Tuesday
24935,WARRANTS,23,MISSION,8,Wednesday
24936,WARRANTS,23,NORTHERN,8,Friday
24937,WARRANTS,23,NORTHERN,3,Monday
24938,WARRANTS,23,NORTHERN,2,Saturday
24939,WARRANTS,23,NORTHERN,1,Sunday
24940,WARRANTS,23,NORTHERN,8,Thursday
24941,WARRANTS,23,NORTHERN,5,Tuesday
24942,WARRANTS,23,NORTHERN,8,Wednesday
24943,WARRANTS,23,PARK,2,Friday
24944,WARRANTS,23,PARK,1,Saturday
24945,WARRANTS,23,PARK,2,Thursday
24946,WARRANTS,23,PARK,2,Tuesday
24947,WARRANTS,23,PARK,2,Wednesday
24948,WARRANTS,23,RICHMOND,1,Friday
24949,WARRANTS,23,RICHMOND,3,Saturday
24950,WARRANTS,23,RICHMOND,1,Sunday
24951,WARRANTS,23,RICHMOND,2,Thursday
24952,WARRANTS,23,RICHMOND,1,Tuesday
24953,WARRANTS,23,RICHMOND,3,Wednesday
24954,WARRANTS,23,SOUTHERN,6,Friday
24955,WARRANTS,23,SOUTHERN,7,Monday
24956,WARRANTS,23,SOUTHERN,4,Saturday
24957,WARRANTS,23,SOUTHERN,5,Sunday
24958,WARRANTS,23,SOUTHERN,8,Thursday
24959,WARRANTS,23,SOUTHERN,14,Tuesday
24960,WARRANTS,23,SOUTHERN,5,Wednesday
24961,WARRANTS,23,TARAVAL,7,Friday
24962,WARRANTS,23,TARAVAL,1,Monday
24963,WARRANTS,23,TARAVAL,1,Saturday
24964,WARRANTS,23,TARAVAL,3,Sunday
24965,WARRANTS,23,TARAVAL,4,Thursday
24966,WARRANTS,23,TARAVAL,1,Tuesday
24967,WARRANTS,23,TARAVAL,2,Wednesday
24968,WARRANTS,23,TENDERLOIN,6,Friday
24969,WARRANTS,23,TENDERLOIN,3,Monday
24970,WARRANTS,23,TENDERLOIN,4,Saturday
24971,WARRANTS,23,TENDERLOIN,1,Sunday
24972,WARRANTS,23,TENDERLOIN,5,Thursday
24973,WARRANTS,23,TENDERLOIN,2,Tuesday
24974,WARRANTS,23,TENDERLOIN,3,Wednesday
24975,WEAPON LAWS,00,BAYVIEW,1,Friday
24976,WEAPON LAWS,00,BAYVIEW,5,Monday
24977,WEAPON LAWS,00,BAYVIEW,9,Saturday
24978,WEAPON LAWS,00,BAYVIEW,2,Sunday
24979,WEAPON LAWS,00,BAYVIEW,1,Thursday
24980,WEAPON LAWS,00,BAYVIEW,1,Wednesday
24981,WEAPON LAWS,00,CENTRAL,5,Friday
24982,WEAPON LAWS,00,CENTRAL,6,Sunday
24983,WEAPON LAWS,00,CENTRAL,1,Wednesday
24984,WEAPON LAWS,00,INGLESIDE,1,Monday
24985,WEAPON LAWS,00,INGLESIDE,2,Saturday
24986,WEAPON LAWS,00,INGLESIDE,3,Sunday
24987,WEAPON LAWS,00,INGLESIDE,3,Wednesday
24988,WEAPON LAWS,00,MISSION,5,Friday
24989,WEAPON LAWS,00,MISSION,1,Monday
24990,WEAPON LAWS,00,MISSION,2,Saturday
24991,WEAPON LAWS,00,MISSION,2,Sunday
24992,WEAPON LAWS,00,MISSION,8,Tuesday
24993,WEAPON LAWS,00,MISSION,1,Wednesday
24994,WEAPON LAWS,00,NORTHERN,7,Sunday
24995,WEAPON LAWS,00,NORTHERN,1,Wednesday
24996,WEAPON LAWS,00,RICHMOND,2,Monday
24997,WEAPON LAWS,00,SOUTHERN,1,Friday
24998,WEAPON LAWS,00,SOUTHERN,1,Saturday
24999,WEAPON LAWS,00,SOUTHERN,2,Sunday
25000,WEAPON LAWS,00,SOUTHERN,5,Thursday
25001,WEAPON LAWS,00,SOUTHERN,1,Tuesday
25002,WEAPON LAWS,00,TARAVAL,2,Saturday
25003,WEAPON LAWS,00,TENDERLOIN,4,Thursday
25004,WEAPON LAWS,00,TENDERLOIN,2,Wednesday
25005,WEAPON LAWS,01,BAYVIEW,2,Monday
25006,WEAPON LAWS,01,BAYVIEW,4,Saturday
25007,WEAPON LAWS,01,BAYVIEW,2,Sunday
25008,WEAPON LAWS,01,BAYVIEW,3,Thursday
25009,WEAPON LAWS,01,BAYVIEW,1,Tuesday
25010,WEAPON LAWS,01,CENTRAL,2,Friday
25011,WEAPON LAWS,01,CENTRAL,3,Monday
25012,WEAPON LAWS,01,INGLESIDE,1,Sunday
25013,WEAPON LAWS,01,INGLESIDE,1,Wednesday
25014,WEAPON LAWS,01,MISSION,4,Friday
25015,WEAPON LAWS,01,MISSION,2,Monday
25016,WEAPON LAWS,01,MISSION,3,Saturday
25017,WEAPON LAWS,01,MISSION,4,Sunday
25018,WEAPON LAWS,01,MISSION,3,Tuesday
25019,WEAPON LAWS,01,MISSION,2,Wednesday
25020,WEAPON LAWS,01,NORTHERN,1,Friday
25021,WEAPON LAWS,01,NORTHERN,3,Saturday
25022,WEAPON LAWS,01,NORTHERN,2,Sunday
25023,WEAPON LAWS,01,NORTHERN,1,Tuesday
25024,WEAPON LAWS,01,PARK,1,Sunday
25025,WEAPON LAWS,01,RICHMOND,1,Sunday
25026,WEAPON LAWS,01,RICHMOND,1,Tuesday
25027,WEAPON LAWS,01,SOUTHERN,3,Friday
25028,WEAPON LAWS,01,SOUTHERN,2,Monday
25029,WEAPON LAWS,01,SOUTHERN,3,Sunday
25030,WEAPON LAWS,01,SOUTHERN,1,Thursday
25031,WEAPON LAWS,01,SOUTHERN,3,Tuesday
25032,WEAPON LAWS,01,TENDERLOIN,1,Monday
25033,WEAPON LAWS,01,TENDERLOIN,1,Sunday
25034,WEAPON LAWS,02,BAYVIEW,2,Friday
25035,WEAPON LAWS,02,BAYVIEW,2,Saturday
25036,WEAPON LAWS,02,BAYVIEW,1,Thursday
25037,WEAPON LAWS,02,BAYVIEW,1,Wednesday
25038,WEAPON LAWS,02,CENTRAL,1,Sunday
25039,WEAPON LAWS,02,CENTRAL,1,Thursday
25040,WEAPON LAWS,02,CENTRAL,1,Tuesday
25041,WEAPON LAWS,02,CENTRAL,3,Wednesday
25042,WEAPON LAWS,02,INGLESIDE,1,Monday
25043,WEAPON LAWS,02,INGLESIDE,2,Saturday
25044,WEAPON LAWS,02,INGLESIDE,1,Thursday
25045,WEAPON LAWS,02,MISSION,1,Friday
25046,WEAPON LAWS,02,MISSION,1,Sunday
25047,WEAPON LAWS,02,MISSION,1,Thursday
25048,WEAPON LAWS,02,MISSION,1,Wednesday
25049,WEAPON LAWS,02,NORTHERN,1,Monday
25050,WEAPON LAWS,02,NORTHERN,3,Saturday
25051,WEAPON LAWS,02,NORTHERN,1,Sunday
25052,WEAPON LAWS,02,NORTHERN,2,Tuesday
25053,WEAPON LAWS,02,PARK,1,Thursday
25054,WEAPON LAWS,02,PARK,1,Tuesday
25055,WEAPON LAWS,02,RICHMOND,3,Monday
25056,WEAPON LAWS,02,SOUTHERN,1,Monday
25057,WEAPON LAWS,02,SOUTHERN,2,Sunday
25058,WEAPON LAWS,02,SOUTHERN,5,Thursday
25059,WEAPON LAWS,02,SOUTHERN,2,Wednesday
25060,WEAPON LAWS,02,TARAVAL,1,Monday
25061,WEAPON LAWS,02,TARAVAL,1,Saturday
25062,WEAPON LAWS,02,TENDERLOIN,2,Friday
25063,WEAPON LAWS,02,TENDERLOIN,1,Sunday
25064,WEAPON LAWS,03,BAYVIEW,2,Friday
25065,WEAPON LAWS,03,BAYVIEW,1,Monday
25066,WEAPON LAWS,03,BAYVIEW,2,Sunday
25067,WEAPON LAWS,03,CENTRAL,1,Friday
25068,WEAPON LAWS,03,CENTRAL,1,Sunday
25069,WEAPON LAWS,03,INGLESIDE,1,Friday
25070,WEAPON LAWS,03,INGLESIDE,1,Saturday
25071,WEAPON LAWS,03,INGLESIDE,1,Sunday
25072,WEAPON LAWS,03,MISSION,2,Monday
25073,WEAPON LAWS,03,MISSION,1,Saturday
25074,WEAPON LAWS,03,MISSION,3,Sunday
25075,WEAPON LAWS,03,MISSION,1,Tuesday
25076,WEAPON LAWS,03,NORTHERN,1,Friday
25077,WEAPON LAWS,03,NORTHERN,2,Monday
25078,WEAPON LAWS,03,NORTHERN,1,Thursday
25079,WEAPON LAWS,03,NORTHERN,1,Tuesday
25080,WEAPON LAWS,03,RICHMOND,1,Saturday
25081,WEAPON LAWS,03,RICHMOND,1,Thursday
25082,WEAPON LAWS,03,RICHMOND,1,Tuesday
25083,WEAPON LAWS,03,SOUTHERN,2,Monday
25084,WEAPON LAWS,03,SOUTHERN,1,Sunday
25085,WEAPON LAWS,03,TARAVAL,2,Monday
25086,WEAPON LAWS,03,TARAVAL,1,Saturday
25087,WEAPON LAWS,03,TARAVAL,1,Sunday
25088,WEAPON LAWS,03,TENDERLOIN,1,Friday
25089,WEAPON LAWS,03,TENDERLOIN,5,Saturday
25090,WEAPON LAWS,03,TENDERLOIN,2,Thursday
25091,WEAPON LAWS,04,BAYVIEW,1,Friday
25092,WEAPON LAWS,04,BAYVIEW,1,Sunday
25093,WEAPON LAWS,04,BAYVIEW,1,Thursday
25094,WEAPON LAWS,04,CENTRAL,1,Tuesday
25095,WEAPON LAWS,04,MISSION,2,Saturday
25096,WEAPON LAWS,04,MISSION,1,Sunday
25097,WEAPON LAWS,04,MISSION,3,Thursday
25098,WEAPON LAWS,04,MISSION,1,Tuesday
25099,WEAPON LAWS,04,MISSION,1,Wednesday
25100,WEAPON LAWS,04,NORTHERN,3,Friday
25101,WEAPON LAWS,04,NORTHERN,2,Monday
25102,WEAPON LAWS,04,NORTHERN,1,Saturday
25103,WEAPON LAWS,04,PARK,2,Monday
25104,WEAPON LAWS,04,PARK,1,Sunday
25105,WEAPON LAWS,04,RICHMOND,3,Saturday
25106,WEAPON LAWS,04,SOUTHERN,3,Friday
25107,WEAPON LAWS,04,SOUTHERN,3,Sunday
25108,WEAPON LAWS,04,SOUTHERN,1,Tuesday
25109,WEAPON LAWS,04,SOUTHERN,2,Wednesday
25110,WEAPON LAWS,04,TARAVAL,1,Saturday
25111,WEAPON LAWS,04,TENDERLOIN,1,Friday
25112,WEAPON LAWS,04,TENDERLOIN,1,Monday
25113,WEAPON LAWS,05,BAYVIEW,3,Friday
25114,WEAPON LAWS,05,BAYVIEW,2,Sunday
25115,WEAPON LAWS,05,BAYVIEW,1,Tuesday
25116,WEAPON LAWS,05,CENTRAL,1,Wednesday
25117,WEAPON LAWS,05,MISSION,2,Monday
25118,WEAPON LAWS,05,NORTHERN,1,Wednesday
25119,WEAPON LAWS,05,SOUTHERN,2,Monday
25120,WEAPON LAWS,05,SOUTHERN,1,Sunday
25121,WEAPON LAWS,05,TARAVAL,1,Wednesday
25122,WEAPON LAWS,05,TENDERLOIN,1,Thursday
25123,WEAPON LAWS,06,BAYVIEW,3,Friday
25124,WEAPON LAWS,06,BAYVIEW,1,Tuesday
25125,WEAPON LAWS,06,CENTRAL,1,Tuesday
25126,WEAPON LAWS,06,INGLESIDE,1,Monday
25127,WEAPON LAWS,06,INGLESIDE,1,Tuesday
25128,WEAPON LAWS,06,MISSION,1,Saturday
25129,WEAPON LAWS,06,MISSION,2,Sunday
25130,WEAPON LAWS,06,MISSION,1,Tuesday
25131,WEAPON LAWS,06,MISSION,1,Wednesday
25132,WEAPON LAWS,06,NORTHERN,1,Sunday
25133,WEAPON LAWS,06,NORTHERN,1,Wednesday
25134,WEAPON LAWS,06,SOUTHERN,1,Tuesday
25135,WEAPON LAWS,06,TARAVAL,4,Friday
25136,WEAPON LAWS,06,TENDERLOIN,1,Sunday
25137,WEAPON LAWS,07,BAYVIEW,2,Monday
25138,WEAPON LAWS,07,BAYVIEW,1,Sunday
25139,WEAPON LAWS,07,BAYVIEW,1,Thursday
25140,WEAPON LAWS,07,BAYVIEW,2,Tuesday
25141,WEAPON LAWS,07,INGLESIDE,1,Friday
25142,WEAPON LAWS,07,INGLESIDE,1,Tuesday
25143,WEAPON LAWS,07,INGLESIDE,1,Wednesday
25144,WEAPON LAWS,07,MISSION,1,Friday
25145,WEAPON LAWS,07,MISSION,1,Monday
25146,WEAPON LAWS,07,MISSION,1,Sunday
25147,WEAPON LAWS,07,MISSION,1,Thursday
25148,WEAPON LAWS,07,MISSION,1,Tuesday
25149,WEAPON LAWS,07,NORTHERN,2,Friday
25150,WEAPON LAWS,07,NORTHERN,1,Thursday
25151,WEAPON LAWS,07,NORTHERN,1,Tuesday
25152,WEAPON LAWS,07,PARK,1,Tuesday
25153,WEAPON LAWS,07,PARK,1,Wednesday
25154,WEAPON LAWS,07,RICHMOND,1,Thursday
25155,WEAPON LAWS,07,SOUTHERN,2,Friday
25156,WEAPON LAWS,07,SOUTHERN,4,Monday
25157,WEAPON LAWS,07,SOUTHERN,1,Saturday
25158,WEAPON LAWS,07,SOUTHERN,2,Thursday
25159,WEAPON LAWS,07,SOUTHERN,3,Wednesday
25160,WEAPON LAWS,07,TENDERLOIN,1,Saturday
25161,WEAPON LAWS,07,TENDERLOIN,1,Thursday
25162,WEAPON LAWS,07,TENDERLOIN,2,Wednesday
25163,WEAPON LAWS,08,BAYVIEW,2,Friday
25164,WEAPON LAWS,08,BAYVIEW,1,Monday
25165,WEAPON LAWS,08,BAYVIEW,1,Sunday
25166,WEAPON LAWS,08,BAYVIEW,1,Thursday
25167,WEAPON LAWS,08,BAYVIEW,3,Tuesday
25168,WEAPON LAWS,08,BAYVIEW,2,Wednesday
25169,WEAPON LAWS,08,CENTRAL,2,Saturday
25170,WEAPON LAWS,08,INGLESIDE,1,Friday
25171,WEAPON LAWS,08,MISSION,1,Monday
25172,WEAPON LAWS,08,MISSION,2,Sunday
25173,WEAPON LAWS,08,MISSION,2,Thursday
25174,WEAPON LAWS,08,MISSION,4,Tuesday
25175,WEAPON LAWS,08,NORTHERN,1,Saturday
25176,WEAPON LAWS,08,PARK,2,Thursday
25177,WEAPON LAWS,08,PARK,1,Tuesday
25178,WEAPON LAWS,08,RICHMOND,1,Thursday
25179,WEAPON LAWS,08,RICHMOND,3,Wednesday
25180,WEAPON LAWS,08,SOUTHERN,1,Saturday
25181,WEAPON LAWS,08,SOUTHERN,3,Wednesday
25182,WEAPON LAWS,08,TARAVAL,3,Friday
25183,WEAPON LAWS,08,TARAVAL,2,Sunday
25184,WEAPON LAWS,08,TENDERLOIN,1,Thursday
25185,WEAPON LAWS,09,BAYVIEW,4,Friday
25186,WEAPON LAWS,09,BAYVIEW,2,Thursday
25187,WEAPON LAWS,09,BAYVIEW,7,Tuesday
25188,WEAPON LAWS,09,CENTRAL,1,Monday
25189,WEAPON LAWS,09,CENTRAL,1,Thursday
25190,WEAPON LAWS,09,CENTRAL,1,Wednesday
25191,WEAPON LAWS,09,INGLESIDE,1,Friday
25192,WEAPON LAWS,09,INGLESIDE,1,Sunday
25193,WEAPON LAWS,09,INGLESIDE,3,Tuesday
25194,WEAPON LAWS,09,INGLESIDE,1,Wednesday
25195,WEAPON LAWS,09,MISSION,2,Friday
25196,WEAPON LAWS,09,MISSION,3,Monday
25197,WEAPON LAWS,09,MISSION,3,Saturday
25198,WEAPON LAWS,09,MISSION,1,Thursday
25199,WEAPON LAWS,09,MISSION,2,Tuesday
25200,WEAPON LAWS,09,NORTHERN,2,Monday
25201,WEAPON LAWS,09,NORTHERN,1,Thursday
25202,WEAPON LAWS,09,PARK,1,Monday
25203,WEAPON LAWS,09,RICHMOND,1,Monday
25204,WEAPON LAWS,09,RICHMOND,1,Tuesday
25205,WEAPON LAWS,09,SOUTHERN,2,Friday
25206,WEAPON LAWS,09,SOUTHERN,1,Saturday
25207,WEAPON LAWS,09,SOUTHERN,1,Thursday
25208,WEAPON LAWS,09,SOUTHERN,1,Tuesday
25209,WEAPON LAWS,09,TARAVAL,4,Sunday
25210,WEAPON LAWS,09,TENDERLOIN,2,Thursday
25211,WEAPON LAWS,10,BAYVIEW,2,Friday
25212,WEAPON LAWS,10,BAYVIEW,2,Monday
25213,WEAPON LAWS,10,BAYVIEW,2,Saturday
25214,WEAPON LAWS,10,BAYVIEW,3,Thursday
25215,WEAPON LAWS,10,BAYVIEW,4,Tuesday
25216,WEAPON LAWS,10,BAYVIEW,5,Wednesday
25217,WEAPON LAWS,10,CENTRAL,1,Friday
25218,WEAPON LAWS,10,CENTRAL,2,Thursday
25219,WEAPON LAWS,10,INGLESIDE,6,Friday
25220,WEAPON LAWS,10,INGLESIDE,2,Monday
25221,WEAPON LAWS,10,INGLESIDE,1,Saturday
25222,WEAPON LAWS,10,INGLESIDE,2,Tuesday
25223,WEAPON LAWS,10,MISSION,2,Monday
25224,WEAPON LAWS,10,MISSION,1,Sunday
25225,WEAPON LAWS,10,MISSION,3,Thursday
25226,WEAPON LAWS,10,MISSION,1,Tuesday
25227,WEAPON LAWS,10,NORTHERN,1,Friday
25228,WEAPON LAWS,10,NORTHERN,1,Saturday
25229,WEAPON LAWS,10,NORTHERN,1,Sunday
25230,WEAPON LAWS,10,NORTHERN,1,Wednesday
25231,WEAPON LAWS,10,PARK,3,Friday
25232,WEAPON LAWS,10,PARK,2,Tuesday
25233,WEAPON LAWS,10,RICHMOND,1,Saturday
25234,WEAPON LAWS,10,RICHMOND,1,Sunday
25235,WEAPON LAWS,10,SOUTHERN,2,Friday
25236,WEAPON LAWS,10,SOUTHERN,1,Monday
25237,WEAPON LAWS,10,SOUTHERN,1,Sunday
25238,WEAPON LAWS,10,SOUTHERN,2,Thursday
25239,WEAPON LAWS,10,SOUTHERN,3,Wednesday
25240,WEAPON LAWS,10,TARAVAL,1,Monday
25241,WEAPON LAWS,10,TARAVAL,1,Sunday
25242,WEAPON LAWS,10,TARAVAL,1,Thursday
25243,WEAPON LAWS,10,TARAVAL,1,Tuesday
25244,WEAPON LAWS,10,TARAVAL,1,Wednesday
25245,WEAPON LAWS,10,TENDERLOIN,1,Friday
25246,WEAPON LAWS,10,TENDERLOIN,1,Wednesday
25247,WEAPON LAWS,11,BAYVIEW,3,Monday
25248,WEAPON LAWS,11,BAYVIEW,2,Sunday
25249,WEAPON LAWS,11,BAYVIEW,3,Thursday
25250,WEAPON LAWS,11,BAYVIEW,3,Wednesday
25251,WEAPON LAWS,11,CENTRAL,1,Friday
25252,WEAPON LAWS,11,CENTRAL,1,Monday
25253,WEAPON LAWS,11,CENTRAL,1,Saturday
25254,WEAPON LAWS,11,CENTRAL,2,Thursday
25255,WEAPON LAWS,11,CENTRAL,1,Wednesday
25256,WEAPON LAWS,11,INGLESIDE,1,Monday
25257,WEAPON LAWS,11,INGLESIDE,1,Saturday
25258,WEAPON LAWS,11,INGLESIDE,1,Thursday
25259,WEAPON LAWS,11,INGLESIDE,1,Wednesday
25260,WEAPON LAWS,11,MISSION,2,Friday
25261,WEAPON LAWS,11,MISSION,2,Monday
25262,WEAPON LAWS,11,MISSION,1,Saturday
25263,WEAPON LAWS,11,MISSION,2,Thursday
25264,WEAPON LAWS,11,MISSION,1,Tuesday
25265,WEAPON LAWS,11,MISSION,5,Wednesday
25266,WEAPON LAWS,11,NORTHERN,1,Friday
25267,WEAPON LAWS,11,NORTHERN,2,Monday
25268,WEAPON LAWS,11,NORTHERN,2,Saturday
25269,WEAPON LAWS,11,NORTHERN,1,Sunday
25270,WEAPON LAWS,11,NORTHERN,1,Wednesday
25271,WEAPON LAWS,11,PARK,1,Sunday
25272,WEAPON LAWS,11,PARK,2,Thursday
25273,WEAPON LAWS,11,PARK,1,Wednesday
25274,WEAPON LAWS,11,SOUTHERN,7,Friday
25275,WEAPON LAWS,11,SOUTHERN,1,Monday
25276,WEAPON LAWS,11,SOUTHERN,3,Saturday
25277,WEAPON LAWS,11,SOUTHERN,2,Sunday
25278,WEAPON LAWS,11,SOUTHERN,2,Thursday
25279,WEAPON LAWS,11,SOUTHERN,2,Tuesday
25280,WEAPON LAWS,11,SOUTHERN,2,Wednesday
25281,WEAPON LAWS,11,TARAVAL,2,Friday
25282,WEAPON LAWS,11,TARAVAL,1,Monday
25283,WEAPON LAWS,11,TARAVAL,1,Sunday
25284,WEAPON LAWS,11,TARAVAL,1,Tuesday
25285,WEAPON LAWS,11,TENDERLOIN,2,Friday
25286,WEAPON LAWS,11,TENDERLOIN,2,Saturday
25287,WEAPON LAWS,11,TENDERLOIN,1,Wednesday
25288,WEAPON LAWS,12,BAYVIEW,2,Friday
25289,WEAPON LAWS,12,BAYVIEW,1,Saturday
25290,WEAPON LAWS,12,BAYVIEW,1,Tuesday
25291,WEAPON LAWS,12,BAYVIEW,2,Wednesday
25292,WEAPON LAWS,12,CENTRAL,1,Monday
25293,WEAPON LAWS,12,CENTRAL,3,Sunday
25294,WEAPON LAWS,12,CENTRAL,1,Thursday
25295,WEAPON LAWS,12,CENTRAL,2,Tuesday
25296,WEAPON LAWS,12,INGLESIDE,4,Friday
25297,WEAPON LAWS,12,INGLESIDE,1,Monday
25298,WEAPON LAWS,12,INGLESIDE,1,Tuesday
25299,WEAPON LAWS,12,INGLESIDE,1,Wednesday
25300,WEAPON LAWS,12,MISSION,1,Friday
25301,WEAPON LAWS,12,MISSION,1,Saturday
25302,WEAPON LAWS,12,MISSION,2,Tuesday
25303,WEAPON LAWS,12,MISSION,4,Wednesday
25304,WEAPON LAWS,12,NORTHERN,1,Friday
25305,WEAPON LAWS,12,NORTHERN,1,Monday
25306,WEAPON LAWS,12,NORTHERN,1,Saturday
25307,WEAPON LAWS,12,NORTHERN,1,Sunday
25308,WEAPON LAWS,12,NORTHERN,2,Thursday
25309,WEAPON LAWS,12,NORTHERN,1,Wednesday
25310,WEAPON LAWS,12,PARK,1,Thursday
25311,WEAPON LAWS,12,RICHMOND,4,Saturday
25312,WEAPON LAWS,12,RICHMOND,4,Tuesday
25313,WEAPON LAWS,12,RICHMOND,2,Wednesday
25314,WEAPON LAWS,12,SOUTHERN,4,Friday
25315,WEAPON LAWS,12,SOUTHERN,3,Monday
25316,WEAPON LAWS,12,SOUTHERN,3,Saturday
25317,WEAPON LAWS,12,SOUTHERN,2,Tuesday
25318,WEAPON LAWS,12,SOUTHERN,4,Wednesday
25319,WEAPON LAWS,12,TARAVAL,1,Friday
25320,WEAPON LAWS,12,TARAVAL,1,Monday
25321,WEAPON LAWS,12,TARAVAL,1,Thursday
25322,WEAPON LAWS,12,TARAVAL,2,Tuesday
25323,WEAPON LAWS,12,TENDERLOIN,3,Monday
25324,WEAPON LAWS,12,TENDERLOIN,2,Tuesday
25325,WEAPON LAWS,12,TENDERLOIN,1,Wednesday
25326,WEAPON LAWS,13,BAYVIEW,5,Friday
25327,WEAPON LAWS,13,BAYVIEW,2,Monday
25328,WEAPON LAWS,13,BAYVIEW,1,Saturday
25329,WEAPON LAWS,13,BAYVIEW,4,Sunday
25330,WEAPON LAWS,13,BAYVIEW,2,Thursday
25331,WEAPON LAWS,13,BAYVIEW,2,Tuesday
25332,WEAPON LAWS,13,BAYVIEW,2,Wednesday
25333,WEAPON LAWS,13,CENTRAL,2,Friday
25334,WEAPON LAWS,13,CENTRAL,2,Saturday
25335,WEAPON LAWS,13,CENTRAL,3,Tuesday
25336,WEAPON LAWS,13,INGLESIDE,2,Friday
25337,WEAPON LAWS,13,INGLESIDE,1,Monday
25338,WEAPON LAWS,13,INGLESIDE,1,Saturday
25339,WEAPON LAWS,13,INGLESIDE,1,Sunday
25340,WEAPON LAWS,13,INGLESIDE,1,Tuesday
25341,WEAPON LAWS,13,INGLESIDE,2,Wednesday
25342,WEAPON LAWS,13,MISSION,2,Friday
25343,WEAPON LAWS,13,MISSION,2,Monday
25344,WEAPON LAWS,13,MISSION,1,Sunday
25345,WEAPON LAWS,13,MISSION,3,Thursday
25346,WEAPON LAWS,13,MISSION,1,Wednesday
25347,WEAPON LAWS,13,NORTHERN,1,Friday
25348,WEAPON LAWS,13,NORTHERN,4,Monday
25349,WEAPON LAWS,13,NORTHERN,2,Thursday
25350,WEAPON LAWS,13,PARK,2,Sunday
25351,WEAPON LAWS,13,RICHMOND,1,Friday
25352,WEAPON LAWS,13,RICHMOND,2,Monday
25353,WEAPON LAWS,13,SOUTHERN,2,Friday
25354,WEAPON LAWS,13,SOUTHERN,1,Saturday
25355,WEAPON LAWS,13,SOUTHERN,9,Sunday
25356,WEAPON LAWS,13,SOUTHERN,1,Tuesday
25357,WEAPON LAWS,13,SOUTHERN,4,Wednesday
25358,WEAPON LAWS,13,TARAVAL,1,Saturday
25359,WEAPON LAWS,13,TARAVAL,3,Thursday
25360,WEAPON LAWS,13,TENDERLOIN,1,Thursday
25361,WEAPON LAWS,13,TENDERLOIN,1,Wednesday
25362,WEAPON LAWS,14,BAYVIEW,4,Friday
25363,WEAPON LAWS,14,BAYVIEW,2,Monday
25364,WEAPON LAWS,14,BAYVIEW,3,Saturday
25365,WEAPON LAWS,14,BAYVIEW,3,Sunday
25366,WEAPON LAWS,14,BAYVIEW,3,Wednesday
25367,WEAPON LAWS,14,CENTRAL,2,Friday
25368,WEAPON LAWS,14,CENTRAL,3,Saturday
25369,WEAPON LAWS,14,CENTRAL,2,Sunday
25370,WEAPON LAWS,14,CENTRAL,1,Tuesday
25371,WEAPON LAWS,14,INGLESIDE,2,Friday
25372,WEAPON LAWS,14,INGLESIDE,1,Monday
25373,WEAPON LAWS,14,INGLESIDE,1,Saturday
25374,WEAPON LAWS,14,INGLESIDE,1,Sunday
25375,WEAPON LAWS,14,INGLESIDE,1,Thursday
25376,WEAPON LAWS,14,INGLESIDE,1,Wednesday
25377,WEAPON LAWS,14,MISSION,1,Friday
25378,WEAPON LAWS,14,MISSION,1,Monday
25379,WEAPON LAWS,14,MISSION,2,Saturday
25380,WEAPON LAWS,14,MISSION,5,Sunday
25381,WEAPON LAWS,14,MISSION,2,Thursday
25382,WEAPON LAWS,14,MISSION,2,Wednesday
25383,WEAPON LAWS,14,NORTHERN,1,Friday
25384,WEAPON LAWS,14,NORTHERN,1,Saturday
25385,WEAPON LAWS,14,NORTHERN,1,Sunday
25386,WEAPON LAWS,14,NORTHERN,3,Thursday
25387,WEAPON LAWS,14,NORTHERN,2,Tuesday
25388,WEAPON LAWS,14,PARK,2,Tuesday
25389,WEAPON LAWS,14,PARK,1,Wednesday
25390,WEAPON LAWS,14,RICHMOND,1,Friday
25391,WEAPON LAWS,14,RICHMOND,1,Monday
25392,WEAPON LAWS,14,RICHMOND,2,Wednesday
25393,WEAPON LAWS,14,SOUTHERN,3,Monday
25394,WEAPON LAWS,14,SOUTHERN,1,Saturday
25395,WEAPON LAWS,14,SOUTHERN,3,Sunday
25396,WEAPON LAWS,14,SOUTHERN,9,Thursday
25397,WEAPON LAWS,14,SOUTHERN,2,Wednesday
25398,WEAPON LAWS,14,TARAVAL,1,Monday
25399,WEAPON LAWS,14,TARAVAL,1,Saturday
25400,WEAPON LAWS,14,TARAVAL,1,Thursday
25401,WEAPON LAWS,14,TARAVAL,3,Wednesday
25402,WEAPON LAWS,14,TENDERLOIN,4,Friday
25403,WEAPON LAWS,14,TENDERLOIN,1,Sunday
25404,WEAPON LAWS,14,TENDERLOIN,3,Wednesday
25405,WEAPON LAWS,15,BAYVIEW,5,Friday
25406,WEAPON LAWS,15,BAYVIEW,1,Monday
25407,WEAPON LAWS,15,BAYVIEW,6,Saturday
25408,WEAPON LAWS,15,BAYVIEW,2,Tuesday
25409,WEAPON LAWS,15,CENTRAL,1,Friday
25410,WEAPON LAWS,15,CENTRAL,1,Monday
25411,WEAPON LAWS,15,CENTRAL,1,Saturday
25412,WEAPON LAWS,15,CENTRAL,1,Thursday
25413,WEAPON LAWS,15,CENTRAL,2,Tuesday
25414,WEAPON LAWS,15,INGLESIDE,3,Monday
25415,WEAPON LAWS,15,INGLESIDE,1,Saturday
25416,WEAPON LAWS,15,INGLESIDE,6,Sunday
25417,WEAPON LAWS,15,INGLESIDE,5,Tuesday
25418,WEAPON LAWS,15,INGLESIDE,3,Wednesday
25419,WEAPON LAWS,15,MISSION,3,Friday
25420,WEAPON LAWS,15,MISSION,1,Monday
25421,WEAPON LAWS,15,MISSION,2,Sunday
25422,WEAPON LAWS,15,MISSION,2,Thursday
25423,WEAPON LAWS,15,MISSION,1,Tuesday
25424,WEAPON LAWS,15,MISSION,6,Wednesday
25425,WEAPON LAWS,15,NORTHERN,2,Friday
25426,WEAPON LAWS,15,NORTHERN,1,Monday
25427,WEAPON LAWS,15,NORTHERN,1,Wednesday
25428,WEAPON LAWS,15,PARK,1,Saturday
25429,WEAPON LAWS,15,PARK,4,Thursday
25430,WEAPON LAWS,15,PARK,1,Wednesday
25431,WEAPON LAWS,15,RICHMOND,1,Friday
25432,WEAPON LAWS,15,RICHMOND,2,Tuesday
25433,WEAPON LAWS,15,SOUTHERN,5,Friday
25434,WEAPON LAWS,15,SOUTHERN,3,Saturday
25435,WEAPON LAWS,15,SOUTHERN,1,Sunday
25436,WEAPON LAWS,15,SOUTHERN,2,Thursday
25437,WEAPON LAWS,15,SOUTHERN,3,Tuesday
25438,WEAPON LAWS,15,SOUTHERN,3,Wednesday
25439,WEAPON LAWS,15,TARAVAL,3,Friday
25440,WEAPON LAWS,15,TARAVAL,1,Monday
25441,WEAPON LAWS,15,TARAVAL,5,Sunday
25442,WEAPON LAWS,15,TARAVAL,1,Thursday
25443,WEAPON LAWS,15,TENDERLOIN,6,Friday
25444,WEAPON LAWS,15,TENDERLOIN,1,Saturday
25445,WEAPON LAWS,15,TENDERLOIN,1,Sunday
25446,WEAPON LAWS,15,TENDERLOIN,1,Thursday
25447,WEAPON LAWS,16,BAYVIEW,1,Friday
25448,WEAPON LAWS,16,BAYVIEW,1,Monday
25449,WEAPON LAWS,16,BAYVIEW,1,Saturday
25450,WEAPON LAWS,16,BAYVIEW,1,Sunday
25451,WEAPON LAWS,16,BAYVIEW,2,Thursday
25452,WEAPON LAWS,16,BAYVIEW,1,Tuesday
25453,WEAPON LAWS,16,BAYVIEW,7,Wednesday
25454,WEAPON LAWS,16,CENTRAL,1,Monday
25455,WEAPON LAWS,16,CENTRAL,1,Sunday
25456,WEAPON LAWS,16,INGLESIDE,1,Friday
25457,WEAPON LAWS,16,INGLESIDE,1,Saturday
25458,WEAPON LAWS,16,INGLESIDE,1,Sunday
25459,WEAPON LAWS,16,INGLESIDE,3,Thursday
25460,WEAPON LAWS,16,INGLESIDE,1,Tuesday
25461,WEAPON LAWS,16,MISSION,5,Friday
25462,WEAPON LAWS,16,MISSION,1,Monday
25463,WEAPON LAWS,16,MISSION,1,Saturday
25464,WEAPON LAWS,16,MISSION,5,Sunday
25465,WEAPON LAWS,16,MISSION,1,Thursday
25466,WEAPON LAWS,16,MISSION,5,Tuesday
25467,WEAPON LAWS,16,MISSION,4,Wednesday
25468,WEAPON LAWS,16,NORTHERN,1,Friday
25469,WEAPON LAWS,16,NORTHERN,5,Monday
25470,WEAPON LAWS,16,NORTHERN,1,Saturday
25471,WEAPON LAWS,16,NORTHERN,1,Thursday
25472,WEAPON LAWS,16,NORTHERN,1,Wednesday
25473,WEAPON LAWS,16,PARK,1,Friday
25474,WEAPON LAWS,16,PARK,1,Monday
25475,WEAPON LAWS,16,PARK,2,Saturday
25476,WEAPON LAWS,16,PARK,1,Thursday
25477,WEAPON LAWS,16,PARK,1,Tuesday
25478,WEAPON LAWS,16,SOUTHERN,2,Friday
25479,WEAPON LAWS,16,SOUTHERN,4,Monday
25480,WEAPON LAWS,16,SOUTHERN,7,Sunday
25481,WEAPON LAWS,16,SOUTHERN,6,Tuesday
25482,WEAPON LAWS,16,SOUTHERN,3,Wednesday
25483,WEAPON LAWS,16,TARAVAL,2,Friday
25484,WEAPON LAWS,16,TARAVAL,3,Monday
25485,WEAPON LAWS,16,TARAVAL,1,Thursday
25486,WEAPON LAWS,16,TARAVAL,3,Wednesday
25487,WEAPON LAWS,16,TENDERLOIN,1,Friday
25488,WEAPON LAWS,16,TENDERLOIN,1,Sunday
25489,WEAPON LAWS,16,TENDERLOIN,2,Thursday
25490,WEAPON LAWS,16,TENDERLOIN,2,Wednesday
25491,WEAPON LAWS,17,BAYVIEW,6,Monday
25492,WEAPON LAWS,17,BAYVIEW,1,Sunday
25493,WEAPON LAWS,17,BAYVIEW,1,Thursday
25494,WEAPON LAWS,17,BAYVIEW,2,Tuesday
25495,WEAPON LAWS,17,BAYVIEW,3,Wednesday
25496,WEAPON LAWS,17,CENTRAL,1,Saturday
25497,WEAPON LAWS,17,CENTRAL,3,Thursday
25498,WEAPON LAWS,17,CENTRAL,3,Tuesday
25499,WEAPON LAWS,17,CENTRAL,2,Wednesday
25500,WEAPON LAWS,17,INGLESIDE,3,Monday
25501,WEAPON LAWS,17,INGLESIDE,2,Saturday
25502,WEAPON LAWS,17,INGLESIDE,4,Thursday
25503,WEAPON LAWS,17,INGLESIDE,2,Tuesday
25504,WEAPON LAWS,17,INGLESIDE,1,Wednesday
25505,WEAPON LAWS,17,MISSION,1,Friday
25506,WEAPON LAWS,17,MISSION,5,Monday
25507,WEAPON LAWS,17,MISSION,2,Sunday
25508,WEAPON LAWS,17,MISSION,3,Thursday
25509,WEAPON LAWS,17,MISSION,2,Tuesday
25510,WEAPON LAWS,17,MISSION,6,Wednesday
25511,WEAPON LAWS,17,NORTHERN,1,Friday
25512,WEAPON LAWS,17,NORTHERN,1,Tuesday
25513,WEAPON LAWS,17,PARK,4,Friday
25514,WEAPON LAWS,17,PARK,2,Thursday
25515,WEAPON LAWS,17,PARK,1,Tuesday
25516,WEAPON LAWS,17,RICHMOND,1,Sunday
25517,WEAPON LAWS,17,RICHMOND,3,Wednesday
25518,WEAPON LAWS,17,SOUTHERN,3,Friday
25519,WEAPON LAWS,17,SOUTHERN,1,Monday
25520,WEAPON LAWS,17,SOUTHERN,4,Sunday
25521,WEAPON LAWS,17,SOUTHERN,5,Thursday
25522,WEAPON LAWS,17,SOUTHERN,1,Tuesday
25523,WEAPON LAWS,17,SOUTHERN,8,Wednesday
25524,WEAPON LAWS,17,TARAVAL,1,Monday
25525,WEAPON LAWS,17,TARAVAL,1,Saturday
25526,WEAPON LAWS,17,TARAVAL,1,Sunday
25527,WEAPON LAWS,17,TARAVAL,1,Thursday
25528,WEAPON LAWS,17,TARAVAL,1,Tuesday
25529,WEAPON LAWS,17,TENDERLOIN,5,Tuesday
25530,WEAPON LAWS,17,TENDERLOIN,6,Wednesday
25531,WEAPON LAWS,18,BAYVIEW,1,Friday
25532,WEAPON LAWS,18,BAYVIEW,6,Monday
25533,WEAPON LAWS,18,BAYVIEW,4,Saturday
25534,WEAPON LAWS,18,BAYVIEW,1,Sunday
25535,WEAPON LAWS,18,BAYVIEW,3,Thursday
25536,WEAPON LAWS,18,BAYVIEW,5,Tuesday
25537,WEAPON LAWS,18,CENTRAL,2,Friday
25538,WEAPON LAWS,18,CENTRAL,1,Saturday
25539,WEAPON LAWS,18,CENTRAL,1,Thursday
25540,WEAPON LAWS,18,INGLESIDE,2,Friday
25541,WEAPON LAWS,18,INGLESIDE,2,Monday
25542,WEAPON LAWS,18,INGLESIDE,1,Saturday
25543,WEAPON LAWS,18,INGLESIDE,1,Sunday
25544,WEAPON LAWS,18,INGLESIDE,1,Thursday
25545,WEAPON LAWS,18,INGLESIDE,5,Tuesday
25546,WEAPON LAWS,18,MISSION,2,Friday
25547,WEAPON LAWS,18,MISSION,7,Monday
25548,WEAPON LAWS,18,MISSION,5,Saturday
25549,WEAPON LAWS,18,MISSION,5,Sunday
25550,WEAPON LAWS,18,MISSION,6,Thursday
25551,WEAPON LAWS,18,MISSION,3,Tuesday
25552,WEAPON LAWS,18,MISSION,1,Wednesday
25553,WEAPON LAWS,18,NORTHERN,2,Monday
25554,WEAPON LAWS,18,NORTHERN,1,Saturday
25555,WEAPON LAWS,18,NORTHERN,1,Sunday
25556,WEAPON LAWS,18,NORTHERN,2,Tuesday
25557,WEAPON LAWS,18,PARK,1,Wednesday
25558,WEAPON LAWS,18,SOUTHERN,3,Friday
25559,WEAPON LAWS,18,SOUTHERN,3,Monday
25560,WEAPON LAWS,18,SOUTHERN,3,Saturday
25561,WEAPON LAWS,18,SOUTHERN,2,Thursday
25562,WEAPON LAWS,18,SOUTHERN,3,Tuesday
25563,WEAPON LAWS,18,SOUTHERN,3,Wednesday
25564,WEAPON LAWS,18,TARAVAL,2,Saturday
25565,WEAPON LAWS,18,TARAVAL,1,Sunday
25566,WEAPON LAWS,18,TARAVAL,2,Thursday
25567,WEAPON LAWS,18,TARAVAL,1,Tuesday
25568,WEAPON LAWS,18,TARAVAL,3,Wednesday
25569,WEAPON LAWS,18,TENDERLOIN,1,Monday
25570,WEAPON LAWS,18,TENDERLOIN,1,Thursday
25571,WEAPON LAWS,18,TENDERLOIN,2,Tuesday
25572,WEAPON LAWS,18,TENDERLOIN,3,Wednesday
25573,WEAPON LAWS,19,BAYVIEW,3,Friday
25574,WEAPON LAWS,19,BAYVIEW,1,Monday
25575,WEAPON LAWS,19,BAYVIEW,2,Saturday
25576,WEAPON LAWS,19,BAYVIEW,3,Sunday
25577,WEAPON LAWS,19,BAYVIEW,6,Thursday
25578,WEAPON LAWS,19,BAYVIEW,4,Tuesday
25579,WEAPON LAWS,19,BAYVIEW,4,Wednesday
25580,WEAPON LAWS,19,CENTRAL,1,Friday
25581,WEAPON LAWS,19,CENTRAL,1,Monday
25582,WEAPON LAWS,19,CENTRAL,2,Sunday
25583,WEAPON LAWS,19,CENTRAL,1,Thursday
25584,WEAPON LAWS,19,CENTRAL,1,Wednesday
25585,WEAPON LAWS,19,INGLESIDE,2,Friday
25586,WEAPON LAWS,19,INGLESIDE,1,Monday
25587,WEAPON LAWS,19,INGLESIDE,3,Sunday
25588,WEAPON LAWS,19,INGLESIDE,7,Wednesday
25589,WEAPON LAWS,19,MISSION,1,Friday
25590,WEAPON LAWS,19,MISSION,3,Monday
25591,WEAPON LAWS,19,MISSION,3,Saturday
25592,WEAPON LAWS,19,MISSION,4,Sunday
25593,WEAPON LAWS,19,MISSION,4,Thursday
25594,WEAPON LAWS,19,MISSION,1,Tuesday
25595,WEAPON LAWS,19,NORTHERN,1,Monday
25596,WEAPON LAWS,19,NORTHERN,1,Saturday
25597,WEAPON LAWS,19,NORTHERN,2,Tuesday
25598,WEAPON LAWS,19,NORTHERN,1,Wednesday
25599,WEAPON LAWS,19,PARK,1,Monday
25600,WEAPON LAWS,19,PARK,2,Thursday
25601,WEAPON LAWS,19,SOUTHERN,3,Friday
25602,WEAPON LAWS,19,SOUTHERN,1,Monday
25603,WEAPON LAWS,19,SOUTHERN,1,Saturday
25604,WEAPON LAWS,19,SOUTHERN,3,Sunday
25605,WEAPON LAWS,19,SOUTHERN,1,Tuesday
25606,WEAPON LAWS,19,SOUTHERN,4,Wednesday
25607,WEAPON LAWS,19,TARAVAL,1,Monday
25608,WEAPON LAWS,19,TARAVAL,6,Sunday
25609,WEAPON LAWS,19,TARAVAL,2,Thursday
25610,WEAPON LAWS,19,TARAVAL,1,Wednesday
25611,WEAPON LAWS,19,TENDERLOIN,1,Friday
25612,WEAPON LAWS,19,TENDERLOIN,5,Monday
25613,WEAPON LAWS,19,TENDERLOIN,2,Sunday
25614,WEAPON LAWS,19,TENDERLOIN,2,Thursday
25615,WEAPON LAWS,19,TENDERLOIN,2,Wednesday
25616,WEAPON LAWS,20,BAYVIEW,4,Friday
25617,WEAPON LAWS,20,BAYVIEW,1,Monday
25618,WEAPON LAWS,20,BAYVIEW,1,Saturday
25619,WEAPON LAWS,20,BAYVIEW,2,Sunday
25620,WEAPON LAWS,20,BAYVIEW,3,Thursday
25621,WEAPON LAWS,20,BAYVIEW,3,Tuesday
25622,WEAPON LAWS,20,CENTRAL,2,Friday
25623,WEAPON LAWS,20,CENTRAL,2,Monday
25624,WEAPON LAWS,20,CENTRAL,2,Saturday
25625,WEAPON LAWS,20,CENTRAL,1,Thursday
25626,WEAPON LAWS,20,CENTRAL,6,Wednesday
25627,WEAPON LAWS,20,INGLESIDE,2,Friday
25628,WEAPON LAWS,20,INGLESIDE,1,Monday
25629,WEAPON LAWS,20,INGLESIDE,1,Saturday
25630,WEAPON LAWS,20,INGLESIDE,3,Sunday
25631,WEAPON LAWS,20,MISSION,1,Friday
25632,WEAPON LAWS,20,MISSION,1,Monday
25633,WEAPON LAWS,20,MISSION,3,Sunday
25634,WEAPON LAWS,20,MISSION,3,Wednesday
25635,WEAPON LAWS,20,NORTHERN,3,Monday
25636,WEAPON LAWS,20,NORTHERN,2,Saturday
25637,WEAPON LAWS,20,NORTHERN,2,Sunday
25638,WEAPON LAWS,20,PARK,1,Sunday
25639,WEAPON LAWS,20,PARK,4,Tuesday
25640,WEAPON LAWS,20,RICHMOND,2,Friday
25641,WEAPON LAWS,20,RICHMOND,1,Saturday
25642,WEAPON LAWS,20,SOUTHERN,2,Friday
25643,WEAPON LAWS,20,SOUTHERN,1,Saturday
25644,WEAPON LAWS,20,SOUTHERN,1,Thursday
25645,WEAPON LAWS,20,SOUTHERN,2,Tuesday
25646,WEAPON LAWS,20,SOUTHERN,3,Wednesday
25647,WEAPON LAWS,20,TARAVAL,1,Friday
25648,WEAPON LAWS,20,TENDERLOIN,1,Friday
25649,WEAPON LAWS,20,TENDERLOIN,3,Saturday
25650,WEAPON LAWS,20,TENDERLOIN,2,Sunday
25651,WEAPON LAWS,20,TENDERLOIN,2,Tuesday
25652,WEAPON LAWS,21,BAYVIEW,5,Friday
25653,WEAPON LAWS,21,BAYVIEW,5,Monday
25654,WEAPON LAWS,21,BAYVIEW,3,Saturday
25655,WEAPON LAWS,21,BAYVIEW,1,Sunday
25656,WEAPON LAWS,21,BAYVIEW,2,Thursday
25657,WEAPON LAWS,21,BAYVIEW,3,Tuesday
25658,WEAPON LAWS,21,BAYVIEW,4,Wednesday
25659,WEAPON LAWS,21,CENTRAL,3,Saturday
25660,WEAPON LAWS,21,CENTRAL,3,Wednesday
25661,WEAPON LAWS,21,INGLESIDE,4,Friday
25662,WEAPON LAWS,21,INGLESIDE,1,Monday
25663,WEAPON LAWS,21,INGLESIDE,1,Sunday
25664,WEAPON LAWS,21,INGLESIDE,1,Thursday
25665,WEAPON LAWS,21,INGLESIDE,2,Wednesday
25666,WEAPON LAWS,21,MISSION,2,Friday
25667,WEAPON LAWS,21,MISSION,1,Saturday
25668,WEAPON LAWS,21,MISSION,3,Sunday
25669,WEAPON LAWS,21,MISSION,2,Thursday
25670,WEAPON LAWS,21,MISSION,2,Tuesday
25671,WEAPON LAWS,21,MISSION,2,Wednesday
25672,WEAPON LAWS,21,NORTHERN,1,Friday
25673,WEAPON LAWS,21,NORTHERN,1,Sunday
25674,WEAPON LAWS,21,NORTHERN,1,Tuesday
25675,WEAPON LAWS,21,PARK,2,Sunday
25676,WEAPON LAWS,21,PARK,3,Wednesday
25677,WEAPON LAWS,21,RICHMOND,1,Sunday
25678,WEAPON LAWS,21,RICHMOND,2,Thursday
25679,WEAPON LAWS,21,SOUTHERN,3,Friday
25680,WEAPON LAWS,21,SOUTHERN,3,Saturday
25681,WEAPON LAWS,21,SOUTHERN,2,Thursday
25682,WEAPON LAWS,21,SOUTHERN,6,Tuesday
25683,WEAPON LAWS,21,SOUTHERN,9,Wednesday
25684,WEAPON LAWS,21,TARAVAL,1,Tuesday
25685,WEAPON LAWS,21,TENDERLOIN,1,Monday
25686,WEAPON LAWS,21,TENDERLOIN,3,Saturday
25687,WEAPON LAWS,21,TENDERLOIN,1,Tuesday
25688,WEAPON LAWS,21,TENDERLOIN,2,Wednesday
25689,WEAPON LAWS,22,BAYVIEW,2,Friday
25690,WEAPON LAWS,22,BAYVIEW,3,Sunday
25691,WEAPON LAWS,22,BAYVIEW,3,Thursday
25692,WEAPON LAWS,22,BAYVIEW,1,Tuesday
25693,WEAPON LAWS,22,BAYVIEW,4,Wednesday
25694,WEAPON LAWS,22,CENTRAL,3,Monday
25695,WEAPON LAWS,22,CENTRAL,2,Thursday
25696,WEAPON LAWS,22,CENTRAL,2,Tuesday
25697,WEAPON LAWS,22,CENTRAL,1,Wednesday
25698,WEAPON LAWS,22,INGLESIDE,1,Monday
25699,WEAPON LAWS,22,INGLESIDE,1,Sunday
25700,WEAPON LAWS,22,MISSION,2,Monday
25701,WEAPON LAWS,22,MISSION,3,Saturday
25702,WEAPON LAWS,22,MISSION,1,Sunday
25703,WEAPON LAWS,22,MISSION,1,Thursday
25704,WEAPON LAWS,22,MISSION,1,Wednesday
25705,WEAPON LAWS,22,NORTHERN,4,Friday
25706,WEAPON LAWS,22,NORTHERN,1,Saturday
25707,WEAPON LAWS,22,NORTHERN,3,Sunday
25708,WEAPON LAWS,22,NORTHERN,1,Tuesday
25709,WEAPON LAWS,22,NORTHERN,1,Wednesday
25710,WEAPON LAWS,22,PARK,1,Monday
25711,WEAPON LAWS,22,PARK,1,Thursday
25712,WEAPON LAWS,22,RICHMOND,1,Friday
25713,WEAPON LAWS,22,RICHMOND,2,Saturday
25714,WEAPON LAWS,22,RICHMOND,1,Tuesday
25715,WEAPON LAWS,22,SOUTHERN,3,Friday
25716,WEAPON LAWS,22,SOUTHERN,3,Monday
25717,WEAPON LAWS,22,SOUTHERN,1,Saturday
25718,WEAPON LAWS,22,SOUTHERN,2,Sunday
25719,WEAPON LAWS,22,SOUTHERN,7,Thursday
25720,WEAPON LAWS,22,SOUTHERN,4,Tuesday
25721,WEAPON LAWS,22,SOUTHERN,1,Wednesday
25722,WEAPON LAWS,22,TARAVAL,1,Friday
25723,WEAPON LAWS,22,TARAVAL,1,Sunday
25724,WEAPON LAWS,22,TARAVAL,2,Thursday
25725,WEAPON LAWS,22,TARAVAL,1,Tuesday
25726,WEAPON LAWS,22,TARAVAL,1,Wednesday
25727,WEAPON LAWS,22,TENDERLOIN,3,Friday
25728,WEAPON LAWS,22,TENDERLOIN,2,Monday
25729,WEAPON LAWS,22,TENDERLOIN,1,Saturday
25730,WEAPON LAWS,22,TENDERLOIN,1,Sunday
25731,WEAPON LAWS,22,TENDERLOIN,2,Tuesday
25732,WEAPON LAWS,23,BAYVIEW,2,Friday
25733,WEAPON LAWS,23,BAYVIEW,5,Monday
25734,WEAPON LAWS,23,BAYVIEW,8,Saturday
25735,WEAPON LAWS,23,BAYVIEW,1,Sunday
25736,WEAPON LAWS,23,BAYVIEW,1,Tuesday
25737,WEAPON LAWS,23,BAYVIEW,3,Wednesday
25738,WEAPON LAWS,23,CENTRAL,1,Sunday
25739,WEAPON LAWS,23,CENTRAL,2,Thursday
25740,WEAPON LAWS,23,CENTRAL,1,Wednesday
25741,WEAPON LAWS,23,INGLESIDE,2,Friday
25742,WEAPON LAWS,23,INGLESIDE,2,Monday
25743,WEAPON LAWS,23,INGLESIDE,1,Sunday
25744,WEAPON LAWS,23,INGLESIDE,3,Thursday
25745,WEAPON LAWS,23,INGLESIDE,2,Wednesday
25746,WEAPON LAWS,23,MISSION,1,Friday
25747,WEAPON LAWS,23,MISSION,1,Saturday
25748,WEAPON LAWS,23,MISSION,1,Sunday
25749,WEAPON LAWS,23,MISSION,2,Tuesday
25750,WEAPON LAWS,23,MISSION,6,Wednesday
25751,WEAPON LAWS,23,NORTHERN,2,Saturday
25752,WEAPON LAWS,23,NORTHERN,1,Sunday
25753,WEAPON LAWS,23,NORTHERN,5,Thursday
25754,WEAPON LAWS,23,PARK,1,Friday
25755,WEAPON LAWS,23,PARK,1,Saturday
25756,WEAPON LAWS,23,PARK,1,Thursday
25757,WEAPON LAWS,23,SOUTHERN,3,Friday
25758,WEAPON LAWS,23,SOUTHERN,6,Sunday
25759,WEAPON LAWS,23,SOUTHERN,1,Tuesday
25760,WEAPON LAWS,23,SOUTHERN,4,Wednesday
25761,WEAPON LAWS,23,TARAVAL,1,Monday
25762,WEAPON LAWS,23,TARAVAL,5,Saturday
25763,WEAPON LAWS,23,TARAVAL,1,Sunday
25764,WEAPON LAWS,23,TENDERLOIN,2,Friday
25765,WEAPON LAWS,23,TENDERLOIN,1,Monday
25766,WEAPON LAWS,23,TENDERLOIN,2,Sunday
25767,WEAPON LAWS,23,TENDERLOIN,2,Thursday
25768,WEAPON LAWS,23,TENDERLOIN,1,Tuesday
25769,WEAPON LAWS,23,TENDERLOIN,1,Wednesday
